participant,sessionN,date,expName,psychopyVersion,OS,frameRate,STUDY_ID,SESSION_ID,browser,welcomeConsent.started,welcomeConsent.stopped,AttentionCheckMatch.started,AttentionCheckMatch.stopped,mouseQuizMatch.x,mouseQuizMatch.y,mouseQuizMatch.leftButton,mouseQuizMatch.midButton,mouseQuizMatch.rightButton,mouseQuizMatch.corr,StimSingle.started,StimSingle.stopped,gaborEstimFrames,gaborEstimDurationMeasured,respEstim.started,respEstim.stopped,mouse.x,mouse.y,mouse.leftButton,mouse.midButton,mouse.rightButton,resp_estim,feedbackEstim.started,feedbackEstim.stopped,trials_practice_estim_no_inc.thisRepN,trials_practice_estim_no_inc.thisTrialN,trials_practice_estim_no_inc.thisN,trials_practice_estim_no_inc.thisIndex,trials_practice_estim_no_inc.ran,incentive,estimang,gaborimg_estim,peakori_estim,gabormeanenergynoise_estim,gabormaxenergynoise_estim,gabornoisepeakssum_estim,gabornoisepeaksn_estim,stim_id,IncentiveSetBeginEstim.started,IncentiveSetBeginEstim.stopped,trials_estim_practice_inc.thisRepN,trials_estim_practice_inc.thisTrialN,trials_estim_practice_inc.thisN,trials_estim_practice_inc.thisIndex,trials_estim_practice_inc.ran,tStartEstimTrials,blockCondsFile,blockOrder,blockRep,trials_estim.thisRepN,trials_estim.thisTrialN,trials_estim.thisN,trials_estim.thisIndex,trials_estim.ran,estimBlockEnd.started,estimBlockEnd.stopped,tStartCategPractice,Stim.started,Stim.stopped,frameTimes,meanFrameDur,stdFrameDur,totalFrames,resp_categ.keys,resp_categ.corr,trials_practice_categ.thisRepN,trials_practice_categ.thisTrialN,trials_practice_categ.thisN,trials_practice_categ.thisIndex,trials_practice_categ.ran,seqcat,seqtyp,seqlen,kappa,sumllr,respmap,seqang_1,seqllr_1,gaborimg_1,gaborpeakori_1,gaborpeakenergy_1,gabormeanenergynoise_1,gabormaxenergynoise_1,gabornoisepeakssum_1,gabornoisepeaksn_1,seqang_2,seqllr_2,gaborimg_2,gaborpeakori_2,gaborpeakenergy_2,gabormeanenergynoise_2,gabormaxenergynoise_2,gabornoisepeakssum_2,gabornoisepeaksn_2,seqang_3,seqllr_3,gaborimg_3,gaborpeakori_3,gaborpeakenergy_3,gabormeanenergynoise_3,gabormaxenergynoise_3,gabornoisepeakssum_3,gabornoisepeaksn_3,seqang_4,seqllr_4,gaborimg_4,gaborpeakori_4,gaborpeakenergy_4,gabormeanenergynoise_4,gabormaxenergynoise_4,gabornoisepeakssum_4,gabornoisepeaksn_4,seqang_5,seqllr_5,gaborimg_5,gaborpeakori_5,gaborpeakenergy_5,gabormeanenergynoise_5,gabormaxenergynoise_5,gabornoisepeakssum_5,gabornoisepeaksn_5,seqang_6,seqllr_6,gaborimg_6,gaborpeakori_6,gaborpeakenergy_6,gabormeanenergynoise_6,gabormaxenergynoise_6,gabornoisepeakssum_6,gabornoisepeaksn_6,seqang_7,seqllr_7,gaborimg_7,gaborpeakori_7,gaborpeakenergy_7,gabormeanenergynoise_7,gabormaxenergynoise_7,gabornoisepeakssum_7,gabornoisepeaksn_7,seqang_8,seqllr_8,gaborimg_8,gaborpeakori_8,gaborpeakenergy_8,gabormeanenergynoise_8,gabormaxenergynoise_8,gabornoisepeakssum_8,gabornoisepeaksn_8,seqang_9,seqllr_9,gaborimg_9,gaborpeakori_9,gaborpeakenergy_9,gabormeanenergynoise_9,gabormaxenergynoise_9,gabornoisepeakssum_9,gabornoisepeaksn_9,seqang_10,seqllr_10,gaborimg_10,gaborpeakori_10,gaborpeakenergy_10,gabormeanenergynoise_10,gabormaxenergynoise_10,gabornoisepeakssum_10,gabornoisepeaksn_10,seqang_11,seqllr_11,gaborimg_11,gaborpeakori_11,gaborpeakenergy_11,gabormeanenergynoise_11,gabormaxenergynoise_11,gabornoisepeakssum_11,gabornoisepeaksn_11,seqang_12,seqllr_12,gaborimg_12,gaborpeakori_12,gaborpeakenergy_12,gabormeanenergynoise_12,gabormaxenergynoise_12,gabornoisepeakssum_12,gabornoisepeaksn_12,trials_practice_categ_inc.thisRepN,trials_practice_categ_inc.thisTrialN,trials_practice_categ_inc.thisN,trials_practice_categ_inc.thisIndex,trials_practice_categ_inc.ran,tStartCategTrials,resp_categ.rt,resp_categ.duration,trials_categ.thisRepN,trials_categ.thisTrialN,trials_categ.thisN,trials_categ.thisIndex,trials_categ.ran,blockBreak.started,blockBreak.stopped,instructionsStartLottery.started,instructionsStartLottery.stopped,finishedTrials,startLotteryGainEstim.started,startLotteryGainEstim.stopped,wheel_stop.keys,wheel_stop.rt,wheel_stop.duration,bonusChosenTrial,currentBonus,lottery_reps_estim_high.thisRepN,lottery_reps_estim_high.thisTrialN,lottery_reps_estim_high.thisN,lottery_reps_estim_high.thisIndex,lottery_reps_estim_high.ran,lottery_reps_estim_low.thisRepN,lottery_reps_estim_low.thisTrialN,lottery_reps_estim_low.thisN,lottery_reps_estim_low.thisIndex,lottery_reps_estim_low.ran,startLotteryLoss.started,startLotteryLoss.stopped,finalPay.started,bonus,finalPay.stopped,participant_id
S070,2,2024-11-21_13h14.36.924,MotivatedInference,2024.1.5,Win32,60.24096386,668be8e87e83611e680fb3ab,{{%SESSION_ID%},Chrome,,,,,,,,,,,,,,,,,,,,,,,,,,,,,,,,,,,,,,,,,,,,,,,,,,,,,,,,,,,,,,,,,,,,,,,,,,,,,,,,,,,,,,,,,,,,,,,,,,,,,,,,,,,,,,,,,,,,,,,,,,,,,,,,,,,,,,,,,,,,,,,,,,,,,,,,,,,,,,,,,,,,,,,,,,,,,,,,,,,,,,,,,,,,,,,,,,,,,,,,,,,,,,,,,,,,,,,,,,,,,,,,,0
S070,2,2024-11-21_13h14.36.924,MotivatedInference,2024.1.5,Win32,60.24096386,668be8e87e83611e680fb3ab,{{%SESSION_ID%},Chrome,,,,,,,,,,,,,,,,,,,,,,,,,,,,,,,,,,,,,,,,,,,,,,,,,,,,,,,,,,,,,,,,,,,,,,,,,,,,,,,,,,,,,,,,,,,,,,,,,,,,,,,,,,,,,,,,,,,,,,,,,,,,,,,,,,,,,,,,,,,,,,,,,,,,,,,,,,,,,,,,,,,,,,,,,,,,,,,,,,,,,,,,,,,,,,,,,,,,,,,,,,,,,,,,,,,,,,,,,,,,,,,,,0
S070,2,2024-11-21_13h14.36.924,MotivatedInference,2024.1.5,Win32,60.24096386,668be8e87e83611e680fb3ab,{{%SESSION_ID%},Chrome,1.4907,25.4346,,,,,,,,,,,,,,,,,,,,,,,,,,,,,,,,,,,,,,,,,,,,,,,,,,,,,,,,,,,,,,,,,,,,,,,,,,,,,,,,,,,,,,,,,,,,,,,,,,,,,,,,,,,,,,,,,,,,,,,,,,,,,,,,,,,,,,,,,,,,,,,,,,,,,,,,,,,,,,,,,,,,,,,,,,,,,,,,,,,,,,,,,,,,,,,,,,,,,,,,,,,,,,,,,,,,,,,,,,,,,,,0
S070,2,2024-11-21_13h14.36.924,MotivatedInference,2024.1.5,Win32,60.24096386,668be8e87e83611e680fb3ab,{{%SESSION_ID%},Chrome,,,25.4383,25.4384,0.013806766,-0.412228827,1.0,0.0,0.0,[],,,,,,,,,,,,,,,,,,,,,,,,,,,,,,,,,,,,,,,,,,,,,,,,,,,,,,,,,,,,,,,,,,,,,,,,,,,,,,,,,,,,,,,,,,,,,,,,,,,,,,,,,,,,,,,,,,,,,,,,,,,,,,,,,,,,,,,,,,,,,,,,,,,,,,,,,,,,,,,,,,,,,,,,,,,,,,,,,,,,,,,,,,,,,,,,,,,,,,,,,,,,,,,,,,,,,,,0
S070,2,2024-11-21_13h14.36.924,MotivatedInference,2024.1.5,Win32,60.24096386,668be8e87e83611e680fb3ab,{{%SESSION_ID%},Chrome,,,,,,,,,,,,,,,,,,,,,,,,,,,,,,,,,,,,,,,,,,,,,,,,,,,,,,,,,,,,,,,,,,,,,,,,,,,,,,,,,,,,,,,,,,,,,,,,,,,,,,,,,,,,,,,,,,,,,,,,,,,,,,,,,,,,,,,,,,,,,,,,,,,,,,,,,,,,,,,,,,,,,,,,,,,,,,,,,,,,,,,,,,,,,,,,,,,,,,,,,,,,,,,,,,,,,,,,,,,,,,,,,0
S070,2,2024-11-21_13h14.36.924,MotivatedInference,2024.1.5,Win32,60.24096386,668be8e87e83611e680fb3ab,{{%SESSION_ID%},Chrome,,,,,,,,,,,,,,,,,,,,,,,,,,,,,,,,,,,,,,,,,,,,,,,,,,,,,,,,,,,,,,,,,,,,,,,,,,,,,,,,,,,,,,,,,,,,,,,,,,,,,,,,,,,,,,,,,,,,,,,,,,,,,,,,,,,,,,,,,,,,,,,,,,,,,,,,,,,,,,,,,,,,,,,,,,,,,,,,,,,,,,,,,,,,,,,,,,,,,,,,,,,,,,,,,,,,,,,,,,,,,,,,,0
S070,2,2024-11-21_13h14.36.924,MotivatedInference,2024.1.5,Win32,60.24096386,668be8e87e83611e680fb3ab,{{%SESSION_ID%},Chrome,,,,,,,,,,,,,,,,,,,,,,,,,,,,,,,,,,,,,,,,,,,,,,,,,,,,,,,,,,,,,,,,,,,,,,,,,,,,,,,,,,,,,,,,,,,,,,,,,,,,,,,,,,,,,,,,,,,,,,,,,,,,,,,,,,,,,,,,,,,,,,,,,,,,,,,,,,,,,,,,,,,,,,,,,,,,,,,,,,,,,,,,,,,,,,,,,,,,,,,,,,,,,,,,,,,,,,,,,,,,,,,,,0
S070,2,2024-11-21_13h14.36.924,MotivatedInference,2024.1.5,Win32,60.24096386,668be8e87e83611e680fb3ab,{{%SESSION_ID%},Chrome,,,,,,,,,,,55.9837,56.6694,22.0,0.6854,56.6698,60.5202,0.070019784,0.073964497,0.0,0.0,0.0,0.812788143,60.5207,62.2863,0.0,0.0,0.0,0.0,1.0,0.0,47.93061511,_noiseless,-0.003490659,0.031859869,0.061653869,0.235670302,6.0,1.0,,,,,,,,,,,,,,,,,,,,,,,,,,,,,,,,,,,,,,,,,,,,,,,,,,,,,,,,,,,,,,,,,,,,,,,,,,,,,,,,,,,,,,,,,,,,,,,,,,,,,,,,,,,,,,,,,,,,,,,,,,,,,,,,,,,,,,,,,,,,,,,,,,,,,,,,,,,,,,,,,,,,,,,,,,,,,,,,,,,,,,,,,,,0
S070,2,2024-11-21_13h14.36.924,MotivatedInference,2024.1.5,Win32,60.24096386,668be8e87e83611e680fb3ab,{{%SESSION_ID%},Chrome,,,,,,,,,,,62.9362,63.6045,21.0,0.6682,63.6046,68.6205,0.100591716,0.029585799,1.0,0.0,0.0,0.286051442,68.6207,70.3862,0.0,1.0,1.0,1.0,1.0,0.0,13.98767391,_noiseless,0.003490659,0.024690997,0.064801949,0.114487367,4.0,2.0,,,,,,,,,,,,,,,,,,,,,,,,,,,,,,,,,,,,,,,,,,,,,,,,,,,,,,,,,,,,,,,,,,,,,,,,,,,,,,,,,,,,,,,,,,,,,,,,,,,,,,,,,,,,,,,,,,,,,,,,,,,,,,,,,,,,,,,,,,,,,,,,,,,,,,,,,,,,,,,,,,,,,,,,,,,,,,,,,,,,,,,,,,,0
S070,2,2024-11-21_13h14.36.924,MotivatedInference,2024.1.5,Win32,60.24096386,668be8e87e83611e680fb3ab,{{%SESSION_ID%},Chrome,,,,,,,,,,,71.0523,71.7356,21.0,0.6832,71.7358,74.8692,0.087771263,-0.045364922,0.0,0.0,0.0,-0.477039656,74.8693,76.6355,0.0,2.0,2.0,2.0,1.0,0.0,166.0123261,_noiseless,0.010471976,0.034272345,0.075051408,0.167478928,5.0,3.0,,,,,,,,,,,,,,,,,,,,,,,,,,,,,,,,,,,,,,,,,,,,,,,,,,,,,,,,,,,,,,,,,,,,,,,,,,,,,,,,,,,,,,,,,,,,,,,,,,,,,,,,,,,,,,,,,,,,,,,,,,,,,,,,,,,,,,,,,,,,,,,,,,,,,,,,,,,,,,,,,,,,,,,,,,,,,,,,,,,,,,,,,,,0
S070,2,2024-11-21_13h14.36.924,MotivatedInference,2024.1.5,Win32,60.24096386,668be8e87e83611e680fb3ab,{{%SESSION_ID%},Chrome,,,,,,,,,,,77.2855,77.9689,21.0,0.6834,77.9691,82.9034,0.0927022,-0.045364922,1.0,0.0,0.0,-0.455100942,82.9035,84.669,0.0,3.0,3.0,3.0,1.0,0.0,153.7886999,91,0.001745329,0.046109782,0.086244352,0.261967492,5.0,4.0,,,,,,,,,,,,,,,,,,,,,,,,,,,,,,,,,,,,,,,,,,,,,,,,,,,,,,,,,,,,,,,,,,,,,,,,,,,,,,,,,,,,,,,,,,,,,,,,,,,,,,,,,,,,,,,,,,,,,,,,,,,,,,,,,,,,,,,,,,,,,,,,,,,,,,,,,,,,,,,,,,,,,,,,,,,,,,,,,,,,,,,,,,,0
S070,2,2024-11-21_13h14.36.924,MotivatedInference,2024.1.5,Win32,60.24096386,668be8e87e83611e680fb3ab,{{%SESSION_ID%},Chrome,,,,,,,,,,,85.3191,86.0028,21.0,0.6836,86.0031,88.5855,0.08086788,0.054240616,1.0,0.0,0.0,0.590811284,88.5856,90.3527,0.0,4.0,4.0,4.0,1.0,0.0,26.21130008,97,0.006981317,0.031598025,0.077611504,0.241207486,6.0,5.0,,,,,,,,,,,,,,,,,,,,,,,,,,,,,,,,,,,,,,,,,,,,,,,,,,,,,,,,,,,,,,,,,,,,,,,,,,,,,,,,,,,,,,,,,,,,,,,,,,,,,,,,,,,,,,,,,,,,,,,,,,,,,,,,,,,,,,,,,,,,,,,,,,,,,,,,,,,,,,,,,,,,,,,,,,,,,,,,,,,,,,,,,,,0
S070,2,2024-11-21_13h14.36.924,MotivatedInference,2024.1.5,Win32,60.24096386,668be8e87e83611e680fb3ab,{{%SESSION_ID%},Chrome,,,,,,,,,,,91.0155,91.6823,21.0,0.6667,91.6825,94.7021,0.057199241,-0.071992141,0.0,0.0,0.0,-0.899405403,94.7023,96.4684,0.0,5.0,5.0,5.0,1.0,0.0,132.0693849,5,-0.004363323,0.034233339,0.078408596,0.194188261,5.0,6.0,,,,,,,,,,,,,,,,,,,,,,,,,,,,,,,,,,,,,,,,,,,,,,,,,,,,,,,,,,,,,,,,,,,,,,,,,,,,,,,,,,,,,,,,,,,,,,,,,,,,,,,,,,,,,,,,,,,,,,,,,,,,,,,,,,,,,,,,,,,,,,,,,,,,,,,,,,,,,,,,,,,,,,,,,,,,,,,,,,,,,,,,,,,0
S070,2,2024-11-21_13h14.36.924,MotivatedInference,2024.1.5,Win32,60.24096386,668be8e87e83611e680fb3ab,{{%SESSION_ID%},Chrome,,,96.4702,96.4703,-0.016765256,0.001972356,0.0,0.0,0.0,[],,,,,,,,,,,,,,,,,,,,,,,,,,,,,,,,,,,,,,,,,,,,,,,,,,,,,,,,,,,,,,,,,,,,,,,,,,,,,,,,,,,,,,,,,,,,,,,,,,,,,,,,,,,,,,,,,,,,,,,,,,,,,,,,,,,,,,,,,,,,,,,,,,,,,,,,,,,,,,,,,,,,,,,,,,,,,,,,,,,,,,,,,,,,,,,,,,,,,,,,,,,,,,,,,,,,,,,0
S070,2,2024-11-21_13h14.36.924,MotivatedInference,2024.1.5,Win32,60.24096386,668be8e87e83611e680fb3ab,{{%SESSION_ID%},Chrome,,,,,,,,,,,114.8703,115.5512,21.0,0.6807,115.5514,117.2524,0.199211075,0.359960545,1.0,0.0,0.0,-0.899405403,117.2526,117.2552,,,,,,1.0,53.73389246,60,0.008726646,0.024708435,0.063628191,0.162696287,6.0,2.0,111.1042,114.2214,0.0,0.0,0.0,0.0,1.0,,,,,,,,,,,,,,,,,,,,,,,,,,,,,,,,,,,,,,,,,,,,,,,,,,,,,,,,,,,,,,,,,,,,,,,,,,,,,,,,,,,,,,,,,,,,,,,,,,,,,,,,,,,,,,,,,,,,,,,,,,,,,,,,,,,,,,,,,,,,,,,,,,,,,,,,,,,,,,,,,,,,,,,,,,,,,,,,,,,,0
S070,2,2024-11-21_13h14.36.924,MotivatedInference,2024.1.5,Win32,60.24096386,668be8e87e83611e680fb3ab,{{%SESSION_ID%},Chrome,,,,,,,,,,,,,,,,,,,,,,,,,,,,,,,,,,,,,,,,,,,,,,117.2557,,,,,,,,,,,,,,,,,,,,,,,,,,,,,,,,,,,,,,,,,,,,,,,,,,,,,,,,,,,,,,,,,,,,,,,,,,,,,,,,,,,,,,,,,,,,,,,,,,,,,,,,,,,,,,,,,,,,,,,,,,,,,,,,,,,,,,,,,,,,,,,,,,,,,,,,,,,,,,,,,,,,,,,,,,,,,,,,,,,0
S070,2,2024-11-21_13h14.36.924,MotivatedInference,2024.1.5,Win32,60.24096386,668be8e87e83611e680fb3ab,{{%SESSION_ID%},Chrome,,,,,,,,,,,123.3519,124.0345,21.0,0.6825,124.0347,130.0486,0.078895524,0.065088757,0.0,0.0,0.0,0.68979967,,,,,,,,1.0,28.74705251,43,0.004363323,0.033132061,0.062242434,0.239996947,6.0,9.0,121.1227,122.7035,,,,,,,conditions/conds_estim_172.csv,0.0,0.0,0.0,0.0,0.0,0.0,1.0,,,,,,,,,,,,,,,,,,,,,,,,,,,,,,,,,,,,,,,,,,,,,,,,,,,,,,,,,,,,,,,,,,,,,,,,,,,,,,,,,,,,,,,,,,,,,,,,,,,,,,,,,,,,,,,,,,,,,,,,,,,,,,,,,,,,,,,,,,,,,,,,,,,,,,,,,,,,,,,,,,,,,,,,,,,0
S070,2,2024-11-21_13h14.36.924,MotivatedInference,2024.1.5,Win32,60.24096386,668be8e87e83611e680fb3ab,{{%SESSION_ID%},Chrome,,,,,,,,,,,130.7019,131.3846,21.0,0.6826,131.3847,133.5863,0.064102624,-0.076923077,0.0,0.0,0.0,-0.876057589,,,,,,,,1.0,137.7342305,57,0.007853982,0.040602447,0.07130778,0.218867016,4.0,12.0,130.0498,130.05,,,,,,,conditions/conds_estim_172.csv,0.0,0.0,0.0,1.0,1.0,1.0,1.0,,,,,,,,,,,,,,,,,,,,,,,,,,,,,,,,,,,,,,,,,,,,,,,,,,,,,,,,,,,,,,,,,,,,,,,,,,,,,,,,,,,,,,,,,,,,,,,,,,,,,,,,,,,,,,,,,,,,,,,,,,,,,,,,,,,,,,,,,,,,,,,,,,,,,,,,,,,,,,,,,,,,,,,,,,,0
S070,2,2024-11-21_13h14.36.924,MotivatedInference,2024.1.5,Win32,60.24096386,668be8e87e83611e680fb3ab,{{%SESSION_ID%},Chrome,,,,,,,,,,,134.2529,134.9354,21.0,0.6824,134.9356,137.118,0.0927022,0.041420118,0.0,0.0,0.0,0.420196593,,,,,,,,1.0,5.90096804,91,0.001745329,0.046109782,0.086244352,0.261967492,5.0,1.0,133.5869,133.5871,,,,,,,conditions/conds_estim_172.csv,0.0,0.0,0.0,2.0,2.0,2.0,1.0,,,,,,,,,,,,,,,,,,,,,,,,,,,,,,,,,,,,,,,,,,,,,,,,,,,,,,,,,,,,,,,,,,,,,,,,,,,,,,,,,,,,,,,,,,,,,,,,,,,,,,,,,,,,,,,,,,,,,,,,,,,,,,,,,,,,,,,,,,,,,,,,,,,,,,,,,,,,,,,,,,,,,,,,,,,0
S070,2,2024-11-21_13h14.36.924,MotivatedInference,2024.1.5,Win32,60.24096386,668be8e87e83611e680fb3ab,{{%SESSION_ID%},Chrome,,,,,,,,,,,137.7843,138.465,21.0,0.6806,138.4653,140.8823,0.051282081,-0.08974362,1.0,0.0,0.0,-1.051650104,,,,,,,,1.0,123.9005535,8,-0.008726646,0.040824325,0.088208322,0.256820315,6.0,8.0,137.1184,137.1186,,,,,,,conditions/conds_estim_172.csv,0.0,0.0,0.0,3.0,3.0,3.0,1.0,,,,,,,,,,,,,,,,,,,,,,,,,,,,,,,,,,,,,,,,,,,,,,,,,,,,,,,,,,,,,,,,,,,,,,,,,,,,,,,,,,,,,,,,,,,,,,,,,,,,,,,,,,,,,,,,,,,,,,,,,,,,,,,,,,,,,,,,,,,,,,,,,,,,,,,,,,,,,,,,,,,,,,,,,,,0
S070,2,2024-11-21_13h14.36.924,MotivatedInference,2024.1.5,Win32,60.24096386,668be8e87e83611e680fb3ab,{{%SESSION_ID%},Chrome,,,,,,,,,,,141.5316,142.2023,21.0,0.6706,142.2025,144.5144,0.055226885,0.085798817,0.0,0.0,0.0,0.998877631,,,,,,,,1.0,56.09944646,14,-0.004363323,0.033827978,0.08680928,0.200727788,5.0,7.0,140.8836,140.8839,,,,,,,conditions/conds_estim_172.csv,0.0,0.0,0.0,4.0,4.0,4.0,1.0,,,,,,,,,,,,,,,,,,,,,,,,,,,,,,,,,,,,,,,,,,,,,,,,,,,,,,,,,,,,,,,,,,,,,,,,,,,,,,,,,,,,,,,,,,,,,,,,,,,,,,,,,,,,,,,,,,,,,,,,,,,,,,,,,,,,,,,,,,,,,,,,,,,,,,,,,,,,,,,,,,,,,,,,,,,0
S070,2,2024-11-21_13h14.36.924,MotivatedInference,2024.1.5,Win32,60.24096386,668be8e87e83611e680fb3ab,{{%SESSION_ID%},Chrome,,,,,,,,,,,145.1692,145.8491,21.0,0.6795,145.8494,147.901,0.081854104,0.058185374,0.0,0.0,0.0,0.617965793,,,,,,,,1.0,43.24261886,99,-0.003490659,0.032492338,0.059723416,0.160754516,4.0,10.0,144.515,144.5152,,,,,,,conditions/conds_estim_172.csv,0.0,0.0,0.0,5.0,5.0,5.0,1.0,,,,,,,,,,,,,,,,,,,,,,,,,,,,,,,,,,,,,,,,,,,,,,,,,,,,,,,,,,,,,,,,,,,,,,,,,,,,,,,,,,,,,,,,,,,,,,,,,,,,,,,,,,,,,,,,,,,,,,,,,,,,,,,,,,,,,,,,,,,,,,,,,,,,,,,,,,,,,,,,,,,,,,,,,,,0
S070,2,2024-11-21_13h14.36.924,MotivatedInference,2024.1.5,Win32,60.24096386,668be8e87e83611e680fb3ab,{{%SESSION_ID%},Chrome,,,,,,,,,,,150.1185,150.7978,21.0,0.6792,150.7981,153.1179,0.060157821,-0.081854058,0.0,0.0,0.0,-0.9370035,,,,,,,,-1.0,129.8383487,77,0.006108652,0.034151794,0.067462161,0.265706452,7.0,11.0,147.9016,149.4706,,,,,,,conditions/conds_estim_172.csv,0.0,0.0,0.0,6.0,6.0,6.0,1.0,,,,,,,,,,,,,,,,,,,,,,,,,,,,,,,,,,,,,,,,,,,,,,,,,,,,,,,,,,,,,,,,,,,,,,,,,,,,,,,,,,,,,,,,,,,,,,,,,,,,,,,,,,,,,,,,,,,,,,,,,,,,,,,,,,,,,,,,,,,,,,,,,,,,,,,,,,,,,,,,,,,,,,,,,,,0
S070,2,2024-11-21_13h14.36.924,MotivatedInference,2024.1.5,Win32,60.24096386,668be8e87e83611e680fb3ab,{{%SESSION_ID%},Chrome,,,,,,,,,,,153.769,154.4514,21.0,0.6821,154.4514,156.5348,0.097633136,0.027613397,0.0,0.0,0.0,0.275629296,,,,,,,,-1.0,5.90096804,91,0.001745329,0.046109782,0.086244352,0.261967492,5.0,1.0,153.1184,153.1185,,,,,,,conditions/conds_estim_172.csv,0.0,0.0,0.0,7.0,7.0,7.0,1.0,,,,,,,,,,,,,,,,,,,,,,,,,,,,,,,,,,,,,,,,,,,,,,,,,,,,,,,,,,,,,,,,,,,,,,,,,,,,,,,,,,,,,,,,,,,,,,,,,,,,,,,,,,,,,,,,,,,,,,,,,,,,,,,,,,,,,,,,,,,,,,,,,,,,,,,,,,,,,,,,,,,,,,,,,,,0
S070,2,2024-11-21_13h14.36.924,MotivatedInference,2024.1.5,Win32,60.24096386,668be8e87e83611e680fb3ab,{{%SESSION_ID%},Chrome,,,,,,,,,,,157.1979,157.8675,20.0,0.6694,157.8677,160.4177,0.098619359,-0.019723881,0.0,0.0,0.0,-0.197395648,,,,,,,,-1.0,174.099032,100,-0.001745329,0.035177462,0.059949939,0.178411257,4.0,2.0,156.5353,156.5355,,,,,,,conditions/conds_estim_172.csv,0.0,0.0,0.0,8.0,8.0,8.0,1.0,,,,,,,,,,,,,,,,,,,,,,,,,,,,,,,,,,,,,,,,,,,,,,,,,,,,,,,,,,,,,,,,,,,,,,,,,,,,,,,,,,,,,,,,,,,,,,,,,,,,,,,,,,,,,,,,,,,,,,,,,,,,,,,,,,,,,,,,,,,,,,,,,,,,,,,,,,,,,,,,,,,,,,,,,,,0
S070,2,2024-11-21_13h14.36.924,MotivatedInference,2024.1.5,Win32,60.24096386,668be8e87e83611e680fb3ab,{{%SESSION_ID%},Chrome,,,,,,,,,,,161.0862,161.7648,21.0,0.6784,161.765,164.165,0.069033561,-0.071005917,1.0,0.0,0.0,-0.799481521,,,,,,,,-1.0,123.9005535,8,-0.008726646,0.040824325,0.088208322,0.256820315,6.0,8.0,160.4182,160.4183,,,,,,,conditions/conds_estim_172.csv,0.0,0.0,0.0,9.0,9.0,9.0,1.0,,,,,,,,,,,,,,,,,,,,,,,,,,,,,,,,,,,,,,,,,,,,,,,,,,,,,,,,,,,,,,,,,,,,,,,,,,,,,,,,,,,,,,,,,,,,,,,,,,,,,,,,,,,,,,,,,,,,,,,,,,,,,,,,,,,,,,,,,,,,,,,,,,,,,,,,,,,,,,,,,,,,,,,,,,,0
S070,2,2024-11-21_13h14.36.924,MotivatedInference,2024.1.5,Win32,60.24096386,668be8e87e83611e680fb3ab,{{%SESSION_ID%},Chrome,,,,,,,,,,,164.8146,165.4843,21.0,0.6697,165.4845,167.601,0.064102624,0.078895433,0.0,0.0,0.0,0.888479126,,,,,,,,-1.0,50.16165129,48,-0.013089969,0.032293316,0.069877675,0.198684878,5.0,6.0,164.1659,164.1661,,,,,,,conditions/conds_estim_172.csv,0.0,0.0,0.0,10.0,10.0,10.0,1.0,,,,,,,,,,,,,,,,,,,,,,,,,,,,,,,,,,,,,,,,,,,,,,,,,,,,,,,,,,,,,,,,,,,,,,,,,,,,,,,,,,,,,,,,,,,,,,,,,,,,,,,,,,,,,,,,,,,,,,,,,,,,,,,,,,,,,,,,,,,,,,,,,,,,,,,,,,,,,,,,,,,,,,,,,,,0
S070,2,2024-11-21_13h14.36.924,MotivatedInference,2024.1.5,Win32,60.24096386,668be8e87e83611e680fb3ab,{{%SESSION_ID%},Chrome,,,,,,,,,,,168.2693,168.9473,21.0,0.678,168.9475,171.0504,0.071005917,-0.082840237,0.0,0.0,0.0,-0.862170055,,,,,,,,-1.0,136.7573811,53,-0.003490659,0.043303837,0.083823939,0.349451294,6.0,5.0,167.6016,167.6019,,,,,,,conditions/conds_estim_172.csv,0.0,0.0,0.0,11.0,11.0,11.0,1.0,,,,,,,,,,,,,,,,,,,,,,,,,,,,,,,,,,,,,,,,,,,,,,,,,,,,,,,,,,,,,,,,,,,,,,,,,,,,,,,,,,,,,,,,,,,,,,,,,,,,,,,,,,,,,,,,,,,,,,,,,,,,,,,,,,,,,,,,,,,,,,,,,,,,,,,,,,,,,,,,,,,,,,,,,,,0
S070,2,2024-11-21_13h14.36.924,MotivatedInference,2024.1.5,Win32,60.24096386,668be8e87e83611e680fb3ab,{{%SESSION_ID%},Chrome,,,,,,,,,,,172.9337,173.6172,21.0,0.6834,173.6174,176.1856,0.087771263,-0.060157821,1.0,0.0,0.0,-0.60085528,,,,,,,,0.0,151.2529475,97,0.006981317,0.031598025,0.077611504,0.241207486,6.0,4.0,171.0509,172.2696,,,,,,,conditions/conds_estim_172.csv,0.0,0.0,0.0,12.0,12.0,12.0,1.0,,,,,,,,,,,,,,,,,,,,,,,,,,,,,,,,,,,,,,,,,,,,,,,,,,,,,,,,,,,,,,,,,,,,,,,,,,,,,,,,,,,,,,,,,,,,,,,,,,,,,,,,,,,,,,,,,,,,,,,,,,,,,,,,,,,,,,,,,,,,,,,,,,,,,,,,,,,,,,,,,,,,,,,,,,,0
S070,2,2024-11-21_13h14.36.924,MotivatedInference,2024.1.5,Win32,60.24096386,668be8e87e83611e680fb3ab,{{%SESSION_ID%},Chrome,,,,,,,,,,,176.8479,177.5171,20.0,0.6691,177.5174,179.3015,0.08678504,0.064102534,1.0,0.0,0.0,0.636188235,,,,,,,,0.0,28.74705251,43,0.004363323,0.033132061,0.062242434,0.239996947,6.0,9.0,176.1864,176.1867,,,,,,,conditions/conds_estim_172.csv,0.0,0.0,0.0,13.0,13.0,13.0,1.0,,,,,,,,,,,,,,,,,,,,,,,,,,,,,,,,,,,,,,,,,,,,,,,,,,,,,,,,,,,,,,,,,,,,,,,,,,,,,,,,,,,,,,,,,,,,,,,,,,,,,,,,,,,,,,,,,,,,,,,,,,,,,,,,,,,,,,,,,,,,,,,,,,,,,,,,,,,,,,,,,,,,,,,,,,,0
S070,2,2024-11-21_13h14.36.924,MotivatedInference,2024.1.5,Win32,60.24096386,668be8e87e83611e680fb3ab,{{%SESSION_ID%},Chrome,,,,,,,,,,,179.9668,180.6352,20.0,0.6682,180.6353,182.5684,0.043392565,0.092702155,0.0,0.0,0.0,1.133004428,,,,,,,,0.0,56.09944646,14,-0.004363323,0.033827978,0.08680928,0.200727788,5.0,7.0,179.3022,179.3024,,,,,,,conditions/conds_estim_172.csv,0.0,0.0,0.0,14.0,14.0,14.0,1.0,,,,,,,,,,,,,,,,,,,,,,,,,,,,,,,,,,,,,,,,,,,,,,,,,,,,,,,,,,,,,,,,,,,,,,,,,,,,,,,,,,,,,,,,,,,,,,,,,,,,,,,,,,,,,,,,,,,,,,,,,,,,,,,,,,,,,,,,,,,,,,,,,,,,,,,,,,,,,,,,,,,,,,,,,,,0
S070,2,2024-11-21_13h14.36.924,MotivatedInference,2024.1.5,Win32,60.24096386,668be8e87e83611e680fb3ab,{{%SESSION_ID%},Chrome,,,,,,,,,,,183.2336,183.9165,22.0,0.6829,183.9167,186.2184,0.062130178,-0.075936899,1.0,0.0,0.0,-0.885066913,,,,,,,,0.0,123.9005535,8,-0.008726646,0.040824325,0.088208322,0.256820315,6.0,8.0,182.5689,182.5691,,,,,,,conditions/conds_estim_172.csv,0.0,0.0,0.0,15.0,15.0,15.0,1.0,,,,,,,,,,,,,,,,,,,,,,,,,,,,,,,,,,,,,,,,,,,,,,,,,,,,,,,,,,,,,,,,,,,,,,,,,,,,,,,,,,,,,,,,,,,,,,,,,,,,,,,,,,,,,,,,,,,,,,,,,,,,,,,,,,,,,,,,,,,,,,,,,,,,,,,,,,,,,,,,,,,,,,,,,,,0
S070,2,2024-11-21_13h14.36.924,MotivatedInference,2024.1.5,Win32,60.24096386,668be8e87e83611e680fb3ab,{{%SESSION_ID%},Chrome,,,,,,,,,,,186.8685,187.5505,21.0,0.6818,187.5507,189.4508,0.064102624,0.080867835,0.0,0.0,0.0,0.900532419,,,,,,,,0.0,50.16165129,48,-0.013089969,0.032293316,0.069877675,0.198684878,5.0,6.0,186.219,186.2191,,,,,,,conditions/conds_estim_172.csv,0.0,0.0,0.0,16.0,16.0,16.0,1.0,,,,,,,,,,,,,,,,,,,,,,,,,,,,,,,,,,,,,,,,,,,,,,,,,,,,,,,,,,,,,,,,,,,,,,,,,,,,,,,,,,,,,,,,,,,,,,,,,,,,,,,,,,,,,,,,,,,,,,,,,,,,,,,,,,,,,,,,,,,,,,,,,,,,,,,,,,,,,,,,,,,,,,,,,,,0
S070,2,2024-11-21_13h14.36.924,MotivatedInference,2024.1.5,Win32,60.24096386,668be8e87e83611e680fb3ab,{{%SESSION_ID%},Chrome,,,,,,,,,,,190.0998,190.7803,22.0,0.6805,190.7805,193.2507,0.062130178,-0.07495072,0.0,0.0,0.0,-0.878652276,,,,,,,,0.0,136.7573811,53,-0.003490659,0.043303837,0.083823939,0.349451294,6.0,5.0,189.4514,189.4516,,,,,,,conditions/conds_estim_172.csv,0.0,0.0,0.0,17.0,17.0,17.0,1.0,,,,,,,,,,,,,,,,,,,,,,,,,,,,,,,,,,,,,,,,,,,,,,,,,,,,,,,,,,,,,,,,,,,,,,,,,,,,,,,,,,,,,,,,,,,,,,,,,,,,,,,,,,,,,,,,,,,,,,,,,,,,,,,,,,,,,,,,,,,,,,,,,,,,,,,,,,,,,,,,,,,,,,,,,,,0
S070,2,2024-11-21_13h14.36.924,MotivatedInference,2024.1.5,Win32,60.24096386,668be8e87e83611e680fb3ab,{{%SESSION_ID%},Chrome,,,,,,,,,,,194.917,195.5998,21.0,0.6827,195.5999,198.1478,0.070019784,-0.081854058,0.0,0.0,0.0,-0.863162769,,,,,,,,1.0,129.8383487,77,0.006108652,0.034151794,0.067462161,0.265706452,7.0,11.0,193.2512,194.2689,,,,,,,conditions/conds_estim_172.csv,0.0,0.0,0.0,18.0,18.0,18.0,1.0,,,,,,,,,,,,,,,,,,,,,,,,,,,,,,,,,,,,,,,,,,,,,,,,,,,,,,,,,,,,,,,,,,,,,,,,,,,,,,,,,,,,,,,,,,,,,,,,,,,,,,,,,,,,,,,,,,,,,,,,,,,,,,,,,,,,,,,,,,,,,,,,,,,,,,,,,,,,,,,,,,,,,,,,,,,0
S070,2,2024-11-21_13h14.36.924,MotivatedInference,2024.1.5,Win32,60.24096386,668be8e87e83611e680fb3ab,{{%SESSION_ID%},Chrome,,,,,,,,,,,198.7972,199.4674,21.0,0.6701,199.4676,201.7341,0.100591716,-0.026627219,0.0,0.0,0.0,-0.258770892,,,,,,,,1.0,174.099032,100,-0.001745329,0.035177462,0.059949939,0.178411257,4.0,2.0,198.1488,198.149,,,,,,,conditions/conds_estim_172.csv,0.0,0.0,0.0,19.0,19.0,19.0,1.0,,,,,,,,,,,,,,,,,,,,,,,,,,,,,,,,,,,,,,,,,,,,,,,,,,,,,,,,,,,,,,,,,,,,,,,,,,,,,,,,,,,,,,,,,,,,,,,,,,,,,,,,,,,,,,,,,,,,,,,,,,,,,,,,,,,,,,,,,,,,,,,,,,,,,,,,,,,,,,,,,,,,,,,,,,,0
S070,2,2024-11-21_13h14.36.924,MotivatedInference,2024.1.5,Win32,60.24096386,668be8e87e83611e680fb3ab,{{%SESSION_ID%},Chrome,,,,,,,,,,,202.3845,203.0681,21.0,0.6835,203.0682,205.5331,0.063116401,0.084812593,0.0,0.0,0.0,0.931026146,,,,,,,,1.0,50.16165129,48,-0.013089969,0.032293316,0.069877675,0.198684878,5.0,6.0,201.7346,201.7348,,,,,,,conditions/conds_estim_172.csv,0.0,0.0,0.0,20.0,20.0,20.0,1.0,,,,,,,,,,,,,,,,,,,,,,,,,,,,,,,,,,,,,,,,,,,,,,,,,,,,,,,,,,,,,,,,,,,,,,,,,,,,,,,,,,,,,,,,,,,,,,,,,,,,,,,,,,,,,,,,,,,,,,,,,,,,,,,,,,,,,,,,,,,,,,,,,,,,,,,,,,,,,,,,,,,,,,,,,,,0
S070,2,2024-11-21_13h14.36.924,MotivatedInference,2024.1.5,Win32,60.24096386,668be8e87e83611e680fb3ab,{{%SESSION_ID%},Chrome,,,,,,,,,,,206.2,206.883,21.0,0.683,206.8833,209.2135,0.076923077,-0.054240661,1.0,0.0,0.0,-0.614159689,,,,,,,,1.0,151.2529475,97,0.006981317,0.031598025,0.077611504,0.241207486,6.0,4.0,205.5336,205.5338,,,,,,,conditions/conds_estim_172.csv,0.0,0.0,0.0,21.0,21.0,21.0,1.0,,,,,,,,,,,,,,,,,,,,,,,,,,,,,,,,,,,,,,,,,,,,,,,,,,,,,,,,,,,,,,,,,,,,,,,,,,,,,,,,,,,,,,,,,,,,,,,,,,,,,,,,,,,,,,,,,,,,,,,,,,,,,,,,,,,,,,,,,,,,,,,,,,,,,,,,,,,,,,,,,,,,,,,,,,,0
S070,2,2024-11-21_13h14.36.924,MotivatedInference,2024.1.5,Win32,60.24096386,668be8e87e83611e680fb3ab,{{%SESSION_ID%},Chrome,,,,,,,,,,,209.8645,210.5331,20.0,0.6684,210.5332,212.5179,0.071992141,0.073964497,0.0,0.0,0.0,0.798910645,,,,,,,,1.0,42.26576952,42,0.010471976,0.034272345,0.075051408,0.167478928,5.0,3.0,209.2149,209.2152,,,,,,,conditions/conds_estim_172.csv,0.0,0.0,0.0,22.0,22.0,22.0,1.0,,,,,,,,,,,,,,,,,,,,,,,,,,,,,,,,,,,,,,,,,,,,,,,,,,,,,,,,,,,,,,,,,,,,,,,,,,,,,,,,,,,,,,,,,,,,,,,,,,,,,,,,,,,,,,,,,,,,,,,,,,,,,,,,,,,,,,,,,,,,,,,,,,,,,,,,,,,,,,,,,,,,,,,,,,,0
S070,2,2024-11-21_13h14.36.924,MotivatedInference,2024.1.5,Win32,60.24096386,668be8e87e83611e680fb3ab,{{%SESSION_ID%},Chrome,,,,,,,,,,,213.1827,213.8496,20.0,0.6669,213.8498,216.4164,0.062130178,-0.072978319,0.0,0.0,0.0,-0.865518358,,,,,,,,1.0,136.7573811,53,-0.003490659,0.043303837,0.083823939,0.349451294,6.0,5.0,212.5185,212.5186,,,,,,,conditions/conds_estim_172.csv,0.0,0.0,0.0,23.0,23.0,23.0,1.0,,,,,,,,,,,,,,,,,,,,,,,,,,,,,,,,,,,,,,,,,,,,,,,,,,,,,,,,,,,,,,,,,,,,,,,,,,,,,,,,,,,,,,,,,,,,,,,,,,,,,,,,,,,,,,,,,,,,,,,,,,,,,,,,,,,,,,,,,,,,,,,,,,,,,,,,,,,,,,,,,,,,,,,,,,,0
S070,2,2024-11-21_13h14.36.924,MotivatedInference,2024.1.5,Win32,60.24096386,668be8e87e83611e680fb3ab,{{%SESSION_ID%},Chrome,,,,,,,,,,,218.3807,219.0666,22.0,0.6858,219.0667,221.1515,0.07495072,0.062130178,0.0,0.0,0.0,0.692144051,,,,,,,,-1.0,28.74705251,43,0.004363323,0.033132061,0.062242434,0.239996947,6.0,9.0,216.417,217.7188,,,,,,,conditions/conds_estim_172.csv,0.0,0.0,0.0,24.0,24.0,24.0,1.0,,,,,,,,,,,,,,,,,,,,,,,,,,,,,,,,,,,,,,,,,,,,,,,,,,,,,,,,,,,,,,,,,,,,,,,,,,,,,,,,,,,,,,,,,,,,,,,,,,,,,,,,,,,,,,,,,,,,,,,,,,,,,,,,,,,,,,,,,,,,,,,,,,,,,,,,,,,,,,,,,,,,,,,,,,,0
S070,2,2024-11-21_13h14.36.924,MotivatedInference,2024.1.5,Win32,60.24096386,668be8e87e83611e680fb3ab,{{%SESSION_ID%},Chrome,,,,,,,,,,,221.8132,222.4996,22.0,0.6863,222.4998,224.8825,0.071005917,0.068047337,1.0,0.0,0.0,0.764124777,,,,,,,,-1.0,42.26576952,42,0.010471976,0.034272345,0.075051408,0.167478928,5.0,3.0,221.152,221.1522,,,,,,,conditions/conds_estim_172.csv,0.0,0.0,0.0,25.0,25.0,25.0,1.0,,,,,,,,,,,,,,,,,,,,,,,,,,,,,,,,,,,,,,,,,,,,,,,,,,,,,,,,,,,,,,,,,,,,,,,,,,,,,,,,,,,,,,,,,,,,,,,,,,,,,,,,,,,,,,,,,,,,,,,,,,,,,,,,,,,,,,,,,,,,,,,,,,,,,,,,,,,,,,,,,,,,,,,,,,,0
S070,2,2024-11-21_13h14.36.924,MotivatedInference,2024.1.5,Win32,60.24096386,668be8e87e83611e680fb3ab,{{%SESSION_ID%},Chrome,,,,,,,,,,,225.5329,226.2162,21.0,0.6832,226.2164,228.451,0.045364922,0.092702155,1.0,0.0,0.0,1.115695192,,,,,,,,-1.0,56.09944646,14,-0.004363323,0.033827978,0.08680928,0.200727788,5.0,7.0,224.8831,224.8832,,,,,,,conditions/conds_estim_172.csv,0.0,0.0,0.0,26.0,26.0,26.0,1.0,,,,,,,,,,,,,,,,,,,,,,,,,,,,,,,,,,,,,,,,,,,,,,,,,,,,,,,,,,,,,,,,,,,,,,,,,,,,,,,,,,,,,,,,,,,,,,,,,,,,,,,,,,,,,,,,,,,,,,,,,,,,,,,,,,,,,,,,,,,,,,,,,,,,,,,,,,,,,,,,,,,,,,,,,,,0
S070,2,2024-11-21_13h14.36.924,MotivatedInference,2024.1.5,Win32,60.24096386,668be8e87e83611e680fb3ab,{{%SESSION_ID%},Chrome,,,,,,,,,,,229.1132,229.7967,22.0,0.6834,229.7969,232.1803,0.084812683,-0.04930968,0.0,0.0,0.0,-0.526627096,,,,,,,,-1.0,151.2529475,97,0.006981317,0.031598025,0.077611504,0.241207486,6.0,4.0,228.4523,228.4524,,,,,,,conditions/conds_estim_172.csv,0.0,0.0,0.0,27.0,27.0,27.0,1.0,,,,,,,,,,,,,,,,,,,,,,,,,,,,,,,,,,,,,,,,,,,,,,,,,,,,,,,,,,,,,,,,,,,,,,,,,,,,,,,,,,,,,,,,,,,,,,,,,,,,,,,,,,,,,,,,,,,,,,,,,,,,,,,,,,,,,,,,,,,,,,,,,,,,,,,,,,,,,,,,,,,,,,,,,,,0
S070,2,2024-11-21_13h14.36.924,MotivatedInference,2024.1.5,Win32,60.24096386,668be8e87e83611e680fb3ab,{{%SESSION_ID%},Chrome,,,,,,,,,,,232.8298,233.4991,21.0,0.6692,233.4992,235.8169,0.070019784,-0.071005917,0.0,0.0,0.0,-0.792390627,,,,,,,,-1.0,137.7342305,57,0.007853982,0.040602447,0.07130778,0.218867016,4.0,12.0,232.1815,232.1816,,,,,,,conditions/conds_estim_172.csv,0.0,0.0,0.0,28.0,28.0,28.0,1.0,,,,,,,,,,,,,,,,,,,,,,,,,,,,,,,,,,,,,,,,,,,,,,,,,,,,,,,,,,,,,,,,,,,,,,,,,,,,,,,,,,,,,,,,,,,,,,,,,,,,,,,,,,,,,,,,,,,,,,,,,,,,,,,,,,,,,,,,,,,,,,,,,,,,,,,,,,,,,,,,,,,,,,,,,,,0
S070,2,2024-11-21_13h14.36.924,MotivatedInference,2024.1.5,Win32,60.24096386,668be8e87e83611e680fb3ab,{{%SESSION_ID%},Chrome,,,,,,,,,,,236.4685,237.1489,21.0,0.6803,237.1491,239.6973,0.062130178,0.079881657,0.0,0.0,0.0,0.909753158,,,,,,,,-1.0,43.24261886,99,-0.003490659,0.032492338,0.059723416,0.160754516,4.0,10.0,235.8174,235.8176,,,,,,,conditions/conds_estim_172.csv,0.0,0.0,0.0,29.0,29.0,29.0,1.0,,,,,,,,,,,,,,,,,,,,,,,,,,,,,,,,,,,,,,,,,,,,,,,,,,,,,,,,,,,,,,,,,,,,,,,,,,,,,,,,,,,,,,,,,,,,,,,,,,,,,,,,,,,,,,,,,,,,,,,,,,,,,,,,,,,,,,,,,,,,,,,,,,,,,,,,,,,,,,,,,,,,,,,,,,,0
S070,2,2024-11-21_13h14.36.924,MotivatedInference,2024.1.5,Win32,60.24096386,668be8e87e83611e680fb3ab,{{%SESSION_ID%},Chrome,,,,,,,,,,,241.3326,242.0131,21.0,0.6803,242.0133,243.8528,0.067061204,0.076923077,0.0,0.0,0.0,0.853784062,,,,,,,,0.0,42.26576952,42,0.010471976,0.034272345,0.075051408,0.167478928,5.0,3.0,239.6983,240.6678,,,,,,,conditions/conds_estim_172.csv,0.0,0.0,0.0,30.0,30.0,30.0,1.0,,,,,,,,,,,,,,,,,,,,,,,,,,,,,,,,,,,,,,,,,,,,,,,,,,,,,,,,,,,,,,,,,,,,,,,,,,,,,,,,,,,,,,,,,,,,,,,,,,,,,,,,,,,,,,,,,,,,,,,,,,,,,,,,,,,,,,,,,,,,,,,,,,,,,,,,,,,,,,,,,,,,,,,,,,,0
S070,2,2024-11-21_13h14.36.924,MotivatedInference,2024.1.5,Win32,60.24096386,668be8e87e83611e680fb3ab,{{%SESSION_ID%},Chrome,,,,,,,,,,,244.513,245.182,21.0,0.6689,245.1822,247.2842,0.071992141,-0.064102579,0.0,0.0,0.0,-0.727491867,,,,,,,,0.0,137.7342305,57,0.007853982,0.040602447,0.07130778,0.218867016,4.0,12.0,243.8533,243.8536,,,,,,,conditions/conds_estim_172.csv,0.0,0.0,0.0,31.0,31.0,31.0,1.0,,,,,,,,,,,,,,,,,,,,,,,,,,,,,,,,,,,,,,,,,,,,,,,,,,,,,,,,,,,,,,,,,,,,,,,,,,,,,,,,,,,,,,,,,,,,,,,,,,,,,,,,,,,,,,,,,,,,,,,,,,,,,,,,,,,,,,,,,,,,,,,,,,,,,,,,,,,,,,,,,,,,,,,,,,,0
S070,2,2024-11-21_13h14.36.924,MotivatedInference,2024.1.5,Win32,60.24096386,668be8e87e83611e680fb3ab,{{%SESSION_ID%},Chrome,,,,,,,,,,,247.9342,248.616,21.0,0.6816,248.6161,250.933,0.09566078,-0.024654862,1.0,0.0,0.0,-0.252242677,,,,,,,,0.0,174.099032,100,-0.001745329,0.035177462,0.059949939,0.178411257,4.0,2.0,247.2861,247.2863,,,,,,,conditions/conds_estim_172.csv,0.0,0.0,0.0,32.0,32.0,32.0,1.0,,,,,,,,,,,,,,,,,,,,,,,,,,,,,,,,,,,,,,,,,,,,,,,,,,,,,,,,,,,,,,,,,,,,,,,,,,,,,,,,,,,,,,,,,,,,,,,,,,,,,,,,,,,,,,,,,,,,,,,,,,,,,,,,,,,,,,,,,,,,,,,,,,,,,,,,,,,,,,,,,,,,,,,,,,,0
S070,2,2024-11-21_13h14.36.924,MotivatedInference,2024.1.5,Win32,60.24096386,668be8e87e83611e680fb3ab,{{%SESSION_ID%},Chrome,,,,,,,,,,,251.599,252.2658,20.0,0.6667,252.2659,254.3997,0.09566078,0.043392475,1.0,0.0,0.0,0.425850113,,,,,,,,0.0,5.90096804,91,0.001745329,0.046109782,0.086244352,0.261967492,5.0,1.0,250.9343,250.9346,,,,,,,conditions/conds_estim_172.csv,0.0,0.0,0.0,33.0,33.0,33.0,1.0,,,,,,,,,,,,,,,,,,,,,,,,,,,,,,,,,,,,,,,,,,,,,,,,,,,,,,,,,,,,,,,,,,,,,,,,,,,,,,,,,,,,,,,,,,,,,,,,,,,,,,,,,,,,,,,,,,,,,,,,,,,,,,,,,,,,,,,,,,,,,,,,,,,,,,,,,,,,,,,,,,,,,,,,,,,0
S070,2,2024-11-21_13h14.36.924,MotivatedInference,2024.1.5,Win32,60.24096386,668be8e87e83611e680fb3ab,{{%SESSION_ID%},Chrome,,,,,,,,,,,255.0483,255.7156,20.0,0.6672,255.7158,257.6336,0.071005917,0.073964497,1.0,0.0,0.0,0.805803494,,,,,,,,0.0,43.24261886,99,-0.003490659,0.032492338,0.059723416,0.160754516,4.0,10.0,254.4002,254.4005,,,,,,,conditions/conds_estim_172.csv,0.0,0.0,0.0,34.0,34.0,34.0,1.0,,,,,,,,,,,,,,,,,,,,,,,,,,,,,,,,,,,,,,,,,,,,,,,,,,,,,,,,,,,,,,,,,,,,,,,,,,,,,,,,,,,,,,,,,,,,,,,,,,,,,,,,,,,,,,,,,,,,,,,,,,,,,,,,,,,,,,,,,,,,,,,,,,,,,,,,,,,,,,,,,,,,,,,,,,,0
S070,2,2024-11-21_13h14.36.924,MotivatedInference,2024.1.5,Win32,60.24096386,668be8e87e83611e680fb3ab,{{%SESSION_ID%},Chrome,,,,,,,,,,,258.2842,258.9657,21.0,0.6815,258.966,261.5316,0.067061204,-0.078895479,0.0,0.0,0.0,-0.866301914,,,,,,,,0.0,129.8383487,77,0.006108652,0.034151794,0.067462161,0.265706452,7.0,11.0,257.6342,257.6343,,,,,,,conditions/conds_estim_172.csv,0.0,0.0,0.0,35.0,35.0,35.0,1.0,,,,,,,,,,,,,,,,,,,,,,,,,,,,,,,,,,,,,,,,,,,,,,,,,,,,,,,,,,,,,,,,,,,,,,,,,,,,,,,,,,,,,,,,,,,,,,,,,,,,,,,,,,,,,,,,,,,,,,,,,,,,,,,,,,,,,,,,,,,,,,,,,,,,,,,,,,,,,,,,,,,,,,,,,,,0
S070,2,2024-11-21_13h14.36.924,MotivatedInference,2024.1.5,Win32,60.24096386,668be8e87e83611e680fb3ab,{{%SESSION_ID%},Chrome,,,,,,,,,,,266.9658,267.6483,21.0,0.6824,267.6485,269.8123,0.088757396,0.054240616,0.0,0.0,0.0,0.548549279,,,,,,,,1.0,28.74705251,43,0.004363323,0.033132061,0.062242434,0.239996947,6.0,9.0,264.751,266.3009,,,,,,,conditions/conds_estim_172.csv,0.0,1.0,0.0,0.0,0.0,0.0,1.0,261.5322,264.7462,,,,,,,,,,,,,,,,,,,,,,,,,,,,,,,,,,,,,,,,,,,,,,,,,,,,,,,,,,,,,,,,,,,,,,,,,,,,,,,,,,,,,,,,,,,,,,,,,,,,,,,,,,,,,,,,,,,,,,,,,,,,,,,,,,,,,,,,,,,,,,,,,,,,,,,,,,,,,,,,,,,,,,,,,0
S070,2,2024-11-21_13h14.36.924,MotivatedInference,2024.1.5,Win32,60.24096386,668be8e87e83611e680fb3ab,{{%SESSION_ID%},Chrome,,,,,,,,,,,270.4638,271.1495,22.0,0.6855,271.1496,273.999,0.071005917,-0.071992141,0.0,0.0,0.0,-0.792294815,,,,,,,,1.0,137.7342305,57,0.007853982,0.040602447,0.07130778,0.218867016,4.0,12.0,269.8132,269.8135,,,,,,,conditions/conds_estim_172.csv,0.0,1.0,0.0,1.0,1.0,1.0,1.0,,,,,,,,,,,,,,,,,,,,,,,,,,,,,,,,,,,,,,,,,,,,,,,,,,,,,,,,,,,,,,,,,,,,,,,,,,,,,,,,,,,,,,,,,,,,,,,,,,,,,,,,,,,,,,,,,,,,,,,,,,,,,,,,,,,,,,,,,,,,,,,,,,,,,,,,,,,,,,,,,,,,,,,,,,,0
S070,2,2024-11-21_13h14.36.924,MotivatedInference,2024.1.5,Win32,60.24096386,668be8e87e83611e680fb3ab,{{%SESSION_ID%},Chrome,,,,,,,,,,,274.6494,275.3318,21.0,0.6823,275.332,277.4315,0.090729843,0.034516735,1.0,0.0,0.0,0.363526367,,,,,,,,1.0,5.90096804,91,0.001745329,0.046109782,0.086244352,0.261967492,5.0,1.0,273.9994,273.9995,,,,,,,conditions/conds_estim_172.csv,0.0,1.0,0.0,2.0,2.0,2.0,1.0,,,,,,,,,,,,,,,,,,,,,,,,,,,,,,,,,,,,,,,,,,,,,,,,,,,,,,,,,,,,,,,,,,,,,,,,,,,,,,,,,,,,,,,,,,,,,,,,,,,,,,,,,,,,,,,,,,,,,,,,,,,,,,,,,,,,,,,,,,,,,,,,,,,,,,,,,,,,,,,,,,,,,,,,,,,0
S070,2,2024-11-21_13h14.36.924,MotivatedInference,2024.1.5,Win32,60.24096386,668be8e87e83611e680fb3ab,{{%SESSION_ID%},Chrome,,,,,,,,,,,278.0843,278.7623,21.0,0.6779,278.7625,281.063,0.046351145,-0.078895479,0.0,0.0,0.0,-1.039618224,,,,,,,,1.0,123.9005535,8,-0.008726646,0.040824325,0.088208322,0.256820315,6.0,8.0,277.4321,277.4322,,,,,,,conditions/conds_estim_172.csv,0.0,1.0,0.0,3.0,3.0,3.0,1.0,,,,,,,,,,,,,,,,,,,,,,,,,,,,,,,,,,,,,,,,,,,,,,,,,,,,,,,,,,,,,,,,,,,,,,,,,,,,,,,,,,,,,,,,,,,,,,,,,,,,,,,,,,,,,,,,,,,,,,,,,,,,,,,,,,,,,,,,,,,,,,,,,,,,,,,,,,,,,,,,,,,,,,,,,,,0
S070,2,2024-11-21_13h14.36.924,MotivatedInference,2024.1.5,Win32,60.24096386,668be8e87e83611e680fb3ab,{{%SESSION_ID%},Chrome,,,,,,,,,,,281.7176,282.3982,21.0,0.6806,282.3984,284.6158,0.057199241,0.074950675,0.0,0.0,0.0,0.918926862,,,,,,,,1.0,56.09944646,14,-0.004363323,0.033827978,0.08680928,0.200727788,5.0,7.0,281.064,281.0641,,,,,,,conditions/conds_estim_172.csv,0.0,1.0,0.0,4.0,4.0,4.0,1.0,,,,,,,,,,,,,,,,,,,,,,,,,,,,,,,,,,,,,,,,,,,,,,,,,,,,,,,,,,,,,,,,,,,,,,,,,,,,,,,,,,,,,,,,,,,,,,,,,,,,,,,,,,,,,,,,,,,,,,,,,,,,,,,,,,,,,,,,,,,,,,,,,,,,,,,,,,,,,,,,,,,,,,,,,,,0
S070,2,2024-11-21_13h14.36.924,MotivatedInference,2024.1.5,Win32,60.24096386,668be8e87e83611e680fb3ab,{{%SESSION_ID%},Chrome,,,,,,,,,,,285.2788,285.949,21.0,0.6701,285.9492,288.1486,0.064102624,0.075936854,0.0,0.0,0.0,0.869704238,,,,,,,,1.0,43.24261886,99,-0.003490659,0.032492338,0.059723416,0.160754516,4.0,10.0,284.6167,284.6168,,,,,,,conditions/conds_estim_172.csv,0.0,1.0,0.0,5.0,5.0,5.0,1.0,,,,,,,,,,,,,,,,,,,,,,,,,,,,,,,,,,,,,,,,,,,,,,,,,,,,,,,,,,,,,,,,,,,,,,,,,,,,,,,,,,,,,,,,,,,,,,,,,,,,,,,,,,,,,,,,,,,,,,,,,,,,,,,,,,,,,,,,,,,,,,,,,,,,,,,,,,,,,,,,,,,,,,,,,,,0
S070,2,2024-11-21_13h14.36.924,MotivatedInference,2024.1.5,Win32,60.24096386,668be8e87e83611e680fb3ab,{{%SESSION_ID%},Chrome,,,,,,,,,,,289.8817,290.5487,20.0,0.667,290.5489,292.7166,0.068047337,-0.081854058,0.0,0.0,0.0,-0.87724438,,,,,,,,-1.0,129.8383487,77,0.006108652,0.034151794,0.067462161,0.265706452,7.0,11.0,288.1491,289.2166,,,,,,,conditions/conds_estim_172.csv,0.0,1.0,0.0,6.0,6.0,6.0,1.0,,,,,,,,,,,,,,,,,,,,,,,,,,,,,,,,,,,,,,,,,,,,,,,,,,,,,,,,,,,,,,,,,,,,,,,,,,,,,,,,,,,,,,,,,,,,,,,,,,,,,,,,,,,,,,,,,,,,,,,,,,,,,,,,,,,,,,,,,,,,,,,,,,,,,,,,,,,,,,,,,,,,,,,,,,,0
S070,2,2024-11-21_13h14.36.924,MotivatedInference,2024.1.5,Win32,60.24096386,668be8e87e83611e680fb3ab,{{%SESSION_ID%},Chrome,,,,,,,,,,,293.3818,294.065,21.0,0.683,294.0652,296.0283,0.094674556,0.042406297,0.0,0.0,0.0,0.421119942,,,,,,,,-1.0,5.90096804,91,0.001745329,0.046109782,0.086244352,0.261967492,5.0,1.0,292.717,292.7173,,,,,,,conditions/conds_estim_172.csv,0.0,1.0,0.0,7.0,7.0,7.0,1.0,,,,,,,,,,,,,,,,,,,,,,,,,,,,,,,,,,,,,,,,,,,,,,,,,,,,,,,,,,,,,,,,,,,,,,,,,,,,,,,,,,,,,,,,,,,,,,,,,,,,,,,,,,,,,,,,,,,,,,,,,,,,,,,,,,,,,,,,,,,,,,,,,,,,,,,,,,,,,,,,,,,,,,,,,,,0
S070,2,2024-11-21_13h14.36.924,MotivatedInference,2024.1.5,Win32,60.24096386,668be8e87e83611e680fb3ab,{{%SESSION_ID%},Chrome,,,,,,,,,,,296.6813,297.3618,21.0,0.6804,297.3621,299.8287,0.100591716,-0.01183432,0.0,0.0,0.0,-0.117108745,,,,,,,,-1.0,174.099032,100,-0.001745329,0.035177462,0.059949939,0.178411257,4.0,2.0,296.0291,296.0294,,,,,,,conditions/conds_estim_172.csv,0.0,1.0,0.0,8.0,8.0,8.0,1.0,,,,,,,,,,,,,,,,,,,,,,,,,,,,,,,,,,,,,,,,,,,,,,,,,,,,,,,,,,,,,,,,,,,,,,,,,,,,,,,,,,,,,,,,,,,,,,,,,,,,,,,,,,,,,,,,,,,,,,,,,,,,,,,,,,,,,,,,,,,,,,,,,,,,,,,,,,,,,,,,,,,,,,,,,,,0
S070,2,2024-11-21_13h14.36.924,MotivatedInference,2024.1.5,Win32,60.24096386,668be8e87e83611e680fb3ab,{{%SESSION_ID%},Chrome,,,,,,,,,,,300.4837,301.1646,21.0,0.6809,301.1648,303.2285,0.054240661,-0.084812638,1.0,0.0,0.0,-1.001812997,,,,,,,,-1.0,123.9005535,8,-0.008726646,0.040824325,0.088208322,0.256820315,6.0,8.0,299.8296,299.8297,,,,,,,conditions/conds_estim_172.csv,0.0,1.0,0.0,9.0,9.0,9.0,1.0,,,,,,,,,,,,,,,,,,,,,,,,,,,,,,,,,,,,,,,,,,,,,,,,,,,,,,,,,,,,,,,,,,,,,,,,,,,,,,,,,,,,,,,,,,,,,,,,,,,,,,,,,,,,,,,,,,,,,,,,,,,,,,,,,,,,,,,,,,,,,,,,,,,,,,,,,,,,,,,,,,,,,,,,,,,0
S070,2,2024-11-21_13h14.36.924,MotivatedInference,2024.1.5,Win32,60.24096386,668be8e87e83611e680fb3ab,{{%SESSION_ID%},Chrome,,,,,,,,,,,303.8786,304.5489,21.0,0.6702,304.5491,306.6484,0.065088757,0.072978274,0.0,0.0,0.0,0.842478741,,,,,,,,-1.0,50.16165129,48,-0.013089969,0.032293316,0.069877675,0.198684878,5.0,6.0,303.2297,303.23,,,,,,,conditions/conds_estim_172.csv,0.0,1.0,0.0,10.0,10.0,10.0,1.0,,,,,,,,,,,,,,,,,,,,,,,,,,,,,,,,,,,,,,,,,,,,,,,,,,,,,,,,,,,,,,,,,,,,,,,,,,,,,,,,,,,,,,,,,,,,,,,,,,,,,,,,,,,,,,,,,,,,,,,,,,,,,,,,,,,,,,,,,,,,,,,,,,,,,,,,,,,,,,,,,,,,,,,,,,,0
S070,2,2024-11-21_13h14.36.924,MotivatedInference,2024.1.5,Win32,60.24096386,668be8e87e83611e680fb3ab,{{%SESSION_ID%},Chrome,,,,,,,,,,,307.2979,307.9787,21.0,0.6807,307.9791,310.6665,0.065088757,-0.079881657,0.0,0.0,0.0,-0.887087015,,,,,,,,-1.0,136.7573811,53,-0.003490659,0.043303837,0.083823939,0.349451294,6.0,5.0,306.6489,306.6491,,,,,,,conditions/conds_estim_172.csv,0.0,1.0,0.0,11.0,11.0,11.0,1.0,,,,,,,,,,,,,,,,,,,,,,,,,,,,,,,,,,,,,,,,,,,,,,,,,,,,,,,,,,,,,,,,,,,,,,,,,,,,,,,,,,,,,,,,,,,,,,,,,,,,,,,,,,,,,,,,,,,,,,,,,,,,,,,,,,,,,,,,,,,,,,,,,,,,,,,,,,,,,,,,,,,,,,,,,,,0
S070,2,2024-11-21_13h14.36.924,MotivatedInference,2024.1.5,Win32,60.24096386,668be8e87e83611e680fb3ab,{{%SESSION_ID%},Chrome,,,,,,,,,,,312.4149,313.0947,21.0,0.6796,313.095,315.2315,0.08974362,-0.056213018,0.0,0.0,0.0,-0.559586331,,,,,,,,0.0,151.2529475,97,0.006981317,0.031598025,0.077611504,0.241207486,6.0,4.0,310.667,311.7662,,,,,,,conditions/conds_estim_172.csv,0.0,1.0,0.0,12.0,12.0,12.0,1.0,,,,,,,,,,,,,,,,,,,,,,,,,,,,,,,,,,,,,,,,,,,,,,,,,,,,,,,,,,,,,,,,,,,,,,,,,,,,,,,,,,,,,,,,,,,,,,,,,,,,,,,,,,,,,,,,,,,,,,,,,,,,,,,,,,,,,,,,,,,,,,,,,,,,,,,,,,,,,,,,,,,,,,,,,,,0
S070,2,2024-11-21_13h14.36.924,MotivatedInference,2024.1.5,Win32,60.24096386,668be8e87e83611e680fb3ab,{{%SESSION_ID%},Chrome,,,,,,,,,,,315.8815,316.5616,21.0,0.6799,316.5619,318.6998,0.0779093,0.060157776,1.0,0.0,0.0,0.657527937,,,,,,,,0.0,28.74705251,43,0.004363323,0.033132061,0.062242434,0.239996947,6.0,9.0,315.2321,315.2323,,,,,,,conditions/conds_estim_172.csv,0.0,1.0,0.0,13.0,13.0,13.0,1.0,,,,,,,,,,,,,,,,,,,,,,,,,,,,,,,,,,,,,,,,,,,,,,,,,,,,,,,,,,,,,,,,,,,,,,,,,,,,,,,,,,,,,,,,,,,,,,,,,,,,,,,,,,,,,,,,,,,,,,,,,,,,,,,,,,,,,,,,,,,,,,,,,,,,,,,,,,,,,,,,,,,,,,,,,,,0
S070,2,2024-11-21_13h14.36.924,MotivatedInference,2024.1.5,Win32,60.24096386,668be8e87e83611e680fb3ab,{{%SESSION_ID%},Chrome,,,,,,,,,,,319.3492,320.0314,21.0,0.6821,320.0316,322.0976,0.050295858,0.088757396,0.0,0.0,0.0,1.055247319,,,,,,,,0.0,56.09944646,14,-0.004363323,0.033827978,0.08680928,0.200727788,5.0,7.0,318.7005,318.7007,,,,,,,conditions/conds_estim_172.csv,0.0,1.0,0.0,14.0,14.0,14.0,1.0,,,,,,,,,,,,,,,,,,,,,,,,,,,,,,,,,,,,,,,,,,,,,,,,,,,,,,,,,,,,,,,,,,,,,,,,,,,,,,,,,,,,,,,,,,,,,,,,,,,,,,,,,,,,,,,,,,,,,,,,,,,,,,,,,,,,,,,,,,,,,,,,,,,,,,,,,,,,,,,,,,,,,,,,,,,0
S070,2,2024-11-21_13h14.36.924,MotivatedInference,2024.1.5,Win32,60.24096386,668be8e87e83611e680fb3ab,{{%SESSION_ID%},Chrome,,,,,,,,,,,322.7618,323.4307,20.0,0.6689,323.4309,325.7479,0.058185465,-0.07495072,0.0,0.0,0.0,-0.910664428,,,,,,,,0.0,123.9005535,8,-0.008726646,0.040824325,0.088208322,0.256820315,6.0,8.0,322.0982,322.0984,,,,,,,conditions/conds_estim_172.csv,0.0,1.0,0.0,15.0,15.0,15.0,1.0,,,,,,,,,,,,,,,,,,,,,,,,,,,,,,,,,,,,,,,,,,,,,,,,,,,,,,,,,,,,,,,,,,,,,,,,,,,,,,,,,,,,,,,,,,,,,,,,,,,,,,,,,,,,,,,,,,,,,,,,,,,,,,,,,,,,,,,,,,,,,,,,,,,,,,,,,,,,,,,,,,,,,,,,,,,0
S070,2,2024-11-21_13h14.36.924,MotivatedInference,2024.1.5,Win32,60.24096386,668be8e87e83611e680fb3ab,{{%SESSION_ID%},Chrome,,,,,,,,,,,326.3976,327.0809,22.0,0.6832,327.081,329.1644,0.060157821,0.090729753,0.0,0.0,0.0,0.985305898,,,,,,,,0.0,50.16165129,48,-0.013089969,0.032293316,0.069877675,0.198684878,5.0,6.0,325.7485,325.7486,,,,,,,conditions/conds_estim_172.csv,0.0,1.0,0.0,16.0,16.0,16.0,1.0,,,,,,,,,,,,,,,,,,,,,,,,,,,,,,,,,,,,,,,,,,,,,,,,,,,,,,,,,,,,,,,,,,,,,,,,,,,,,,,,,,,,,,,,,,,,,,,,,,,,,,,,,,,,,,,,,,,,,,,,,,,,,,,,,,,,,,,,,,,,,,,,,,,,,,,,,,,,,,,,,,,,,,,,,,,0
S070,2,2024-11-21_13h14.36.924,MotivatedInference,2024.1.5,Win32,60.24096386,668be8e87e83611e680fb3ab,{{%SESSION_ID%},Chrome,,,,,,,,,,,329.8322,330.5145,21.0,0.6822,330.5148,332.9112,0.078895524,-0.084812638,0.0,0.0,0.0,-0.821526722,,,,,,,,0.0,136.7573811,53,-0.003490659,0.043303837,0.083823939,0.349451294,6.0,5.0,329.1649,329.1651,,,,,,,conditions/conds_estim_172.csv,0.0,1.0,0.0,17.0,17.0,17.0,1.0,,,,,,,,,,,,,,,,,,,,,,,,,,,,,,,,,,,,,,,,,,,,,,,,,,,,,,,,,,,,,,,,,,,,,,,,,,,,,,,,,,,,,,,,,,,,,,,,,,,,,,,,,,,,,,,,,,,,,,,,,,,,,,,,,,,,,,,,,,,,,,,,,,,,,,,,,,,,,,,,,,,,,,,,,,,0
S070,2,2024-11-21_13h14.36.924,MotivatedInference,2024.1.5,Win32,60.24096386,668be8e87e83611e680fb3ab,{{%SESSION_ID%},Chrome,,,,,,,,,,,334.5662,335.2443,21.0,0.6781,335.2445,338.1947,0.068047337,-0.078895479,1.0,0.0,0.0,-0.859090077,,,,,,,,1.0,129.8383487,77,0.006108652,0.034151794,0.067462161,0.265706452,7.0,11.0,332.9122,333.916,,,,,,,conditions/conds_estim_172.csv,0.0,1.0,0.0,18.0,18.0,18.0,1.0,,,,,,,,,,,,,,,,,,,,,,,,,,,,,,,,,,,,,,,,,,,,,,,,,,,,,,,,,,,,,,,,,,,,,,,,,,,,,,,,,,,,,,,,,,,,,,,,,,,,,,,,,,,,,,,,,,,,,,,,,,,,,,,,,,,,,,,,,,,,,,,,,,,,,,,,,,,,,,,,,,,,,,,,,,,0
S070,2,2024-11-21_13h14.36.924,MotivatedInference,2024.1.5,Win32,60.24096386,668be8e87e83611e680fb3ab,{{%SESSION_ID%},Chrome,,,,,,,,,,,338.8446,339.5282,21.0,0.6835,339.5284,341.8283,0.090729843,-0.021696283,1.0,0.0,0.0,-0.234722776,,,,,,,,1.0,174.099032,100,-0.001745329,0.035177462,0.059949939,0.178411257,4.0,2.0,338.1956,338.1959,,,,,,,conditions/conds_estim_172.csv,0.0,1.0,0.0,19.0,19.0,19.0,1.0,,,,,,,,,,,,,,,,,,,,,,,,,,,,,,,,,,,,,,,,,,,,,,,,,,,,,,,,,,,,,,,,,,,,,,,,,,,,,,,,,,,,,,,,,,,,,,,,,,,,,,,,,,,,,,,,,,,,,,,,,,,,,,,,,,,,,,,,,,,,,,,,,,,,,,,,,,,,,,,,,,,,,,,,,,,0
S070,2,2024-11-21_13h14.36.924,MotivatedInference,2024.1.5,Win32,60.24096386,668be8e87e83611e680fb3ab,{{%SESSION_ID%},Chrome,,,,,,,,,,,342.478,343.1606,21.0,0.6825,343.1609,345.5946,0.060157821,0.079881657,1.0,0.0,0.0,0.925322594,,,,,,,,1.0,50.16165129,48,-0.013089969,0.032293316,0.069877675,0.198684878,5.0,6.0,341.8288,341.8291,,,,,,,conditions/conds_estim_172.csv,0.0,1.0,0.0,20.0,20.0,20.0,1.0,,,,,,,,,,,,,,,,,,,,,,,,,,,,,,,,,,,,,,,,,,,,,,,,,,,,,,,,,,,,,,,,,,,,,,,,,,,,,,,,,,,,,,,,,,,,,,,,,,,,,,,,,,,,,,,,,,,,,,,,,,,,,,,,,,,,,,,,,,,,,,,,,,,,,,,,,,,,,,,,,,,,,,,,,,,0
S070,2,2024-11-21_13h14.36.924,MotivatedInference,2024.1.5,Win32,60.24096386,668be8e87e83611e680fb3ab,{{%SESSION_ID%},Chrome,,,,,,,,,,,346.2446,346.9285,21.0,0.6838,346.9287,349.0777,0.08974362,-0.048323501,1.0,0.0,0.0,-0.493941489,,,,,,,,1.0,151.2529475,97,0.006981317,0.031598025,0.077611504,0.241207486,6.0,4.0,345.5953,345.5954,,,,,,,conditions/conds_estim_172.csv,0.0,1.0,0.0,21.0,21.0,21.0,1.0,,,,,,,,,,,,,,,,,,,,,,,,,,,,,,,,,,,,,,,,,,,,,,,,,,,,,,,,,,,,,,,,,,,,,,,,,,,,,,,,,,,,,,,,,,,,,,,,,,,,,,,,,,,,,,,,,,,,,,,,,,,,,,,,,,,,,,,,,,,,,,,,,,,,,,,,,,,,,,,,,,,,,,,,,,,0
S070,2,2024-11-21_13h14.36.924,MotivatedInference,2024.1.5,Win32,60.24096386,668be8e87e83611e680fb3ab,{{%SESSION_ID%},Chrome,,,,,,,,,,,349.7286,350.4111,21.0,0.6823,350.4114,352.5944,0.066074981,0.078895433,1.0,0.0,0.0,0.873603656,,,,,,,,1.0,42.26576952,42,0.010471976,0.034272345,0.075051408,0.167478928,5.0,3.0,349.0785,349.0787,,,,,,,conditions/conds_estim_172.csv,0.0,1.0,0.0,22.0,22.0,22.0,1.0,,,,,,,,,,,,,,,,,,,,,,,,,,,,,,,,,,,,,,,,,,,,,,,,,,,,,,,,,,,,,,,,,,,,,,,,,,,,,,,,,,,,,,,,,,,,,,,,,,,,,,,,,,,,,,,,,,,,,,,,,,,,,,,,,,,,,,,,,,,,,,,,,,,,,,,,,,,,,,,,,,,,,,,,,,,0
S070,2,2024-11-21_13h14.36.924,MotivatedInference,2024.1.5,Win32,60.24096386,668be8e87e83611e680fb3ab,{{%SESSION_ID%},Chrome,,,,,,,,,,,353.2445,353.928,21.0,0.6835,353.9282,356.5282,0.087771263,-0.071992141,0.0,0.0,0.0,-0.686951873,,,,,,,,1.0,136.7573811,53,-0.003490659,0.043303837,0.083823939,0.349451294,6.0,5.0,352.5952,352.5954,,,,,,,conditions/conds_estim_172.csv,0.0,1.0,0.0,23.0,23.0,23.0,1.0,,,,,,,,,,,,,,,,,,,,,,,,,,,,,,,,,,,,,,,,,,,,,,,,,,,,,,,,,,,,,,,,,,,,,,,,,,,,,,,,,,,,,,,,,,,,,,,,,,,,,,,,,,,,,,,,,,,,,,,,,,,,,,,,,,,,,,,,,,,,,,,,,,,,,,,,,,,,,,,,,,,,,,,,,,,0
S070,2,2024-11-21_13h14.36.924,MotivatedInference,2024.1.5,Win32,60.24096386,668be8e87e83611e680fb3ab,{{%SESSION_ID%},Chrome,,,,,,,,,,,358.1635,358.8305,20.0,0.6669,358.8307,360.9644,0.072978364,0.068047337,1.0,0.0,0.0,0.750446955,,,,,,,,-1.0,28.74705251,43,0.004363323,0.033132061,0.062242434,0.239996947,6.0,9.0,356.5286,357.5159,,,,,,,conditions/conds_estim_172.csv,0.0,1.0,0.0,24.0,24.0,24.0,1.0,,,,,,,,,,,,,,,,,,,,,,,,,,,,,,,,,,,,,,,,,,,,,,,,,,,,,,,,,,,,,,,,,,,,,,,,,,,,,,,,,,,,,,,,,,,,,,,,,,,,,,,,,,,,,,,,,,,,,,,,,,,,,,,,,,,,,,,,,,,,,,,,,,,,,,,,,,,,,,,,,,,,,,,,,,,0
S070,2,2024-11-21_13h14.36.924,MotivatedInference,2024.1.5,Win32,60.24096386,668be8e87e83611e680fb3ab,{{%SESSION_ID%},Chrome,,,,,,,,,,,361.6166,362.2971,21.0,0.6804,362.2973,364.2982,0.068047337,0.076923077,0.0,0.0,0.0,0.846546326,,,,,,,,-1.0,42.26576952,42,0.010471976,0.034272345,0.075051408,0.167478928,5.0,3.0,360.9649,360.9651,,,,,,,conditions/conds_estim_172.csv,0.0,1.0,0.0,25.0,25.0,25.0,1.0,,,,,,,,,,,,,,,,,,,,,,,,,,,,,,,,,,,,,,,,,,,,,,,,,,,,,,,,,,,,,,,,,,,,,,,,,,,,,,,,,,,,,,,,,,,,,,,,,,,,,,,,,,,,,,,,,,,,,,,,,,,,,,,,,,,,,,,,,,,,,,,,,,,,,,,,,,,,,,,,,,,,,,,,,,,0
S070,2,2024-11-21_13h14.36.924,MotivatedInference,2024.1.5,Win32,60.24096386,668be8e87e83611e680fb3ab,{{%SESSION_ID%},Chrome,,,,,,,,,,,364.9467,365.6136,20.0,0.6669,365.6138,367.7152,0.050295858,0.090729753,0.0,0.0,0.0,1.064621043,,,,,,,,-1.0,56.09944646,14,-0.004363323,0.033827978,0.08680928,0.200727788,5.0,7.0,364.2987,364.2988,,,,,,,conditions/conds_estim_172.csv,0.0,1.0,0.0,26.0,26.0,26.0,1.0,,,,,,,,,,,,,,,,,,,,,,,,,,,,,,,,,,,,,,,,,,,,,,,,,,,,,,,,,,,,,,,,,,,,,,,,,,,,,,,,,,,,,,,,,,,,,,,,,,,,,,,,,,,,,,,,,,,,,,,,,,,,,,,,,,,,,,,,,,,,,,,,,,,,,,,,,,,,,,,,,,,,,,,,,,,0
S070,2,2024-11-21_13h14.36.924,MotivatedInference,2024.1.5,Win32,60.24096386,668be8e87e83611e680fb3ab,{{%SESSION_ID%},Chrome,,,,,,,,,,,368.3645,369.0464,21.0,0.6819,369.0466,371.3472,0.081854104,-0.065088757,0.0,0.0,0.0,-0.671795084,,,,,,,,-1.0,151.2529475,97,0.006981317,0.031598025,0.077611504,0.241207486,6.0,4.0,367.7157,367.7158,,,,,,,conditions/conds_estim_172.csv,0.0,1.0,0.0,27.0,27.0,27.0,1.0,,,,,,,,,,,,,,,,,,,,,,,,,,,,,,,,,,,,,,,,,,,,,,,,,,,,,,,,,,,,,,,,,,,,,,,,,,,,,,,,,,,,,,,,,,,,,,,,,,,,,,,,,,,,,,,,,,,,,,,,,,,,,,,,,,,,,,,,,,,,,,,,,,,,,,,,,,,,,,,,,,,,,,,,,,,0
S070,2,2024-11-21_13h14.36.924,MotivatedInference,2024.1.5,Win32,60.24096386,668be8e87e83611e680fb3ab,{{%SESSION_ID%},Chrome,,,,,,,,,,,371.9966,372.6634,20.0,0.6667,372.6635,374.9472,0.075936944,-0.072978319,0.0,0.0,0.0,-0.765532934,,,,,,,,-1.0,137.7342305,57,0.007853982,0.040602447,0.07130778,0.218867016,4.0,12.0,371.3476,371.3477,,,,,,,conditions/conds_estim_172.csv,0.0,1.0,0.0,28.0,28.0,28.0,1.0,,,,,,,,,,,,,,,,,,,,,,,,,,,,,,,,,,,,,,,,,,,,,,,,,,,,,,,,,,,,,,,,,,,,,,,,,,,,,,,,,,,,,,,,,,,,,,,,,,,,,,,,,,,,,,,,,,,,,,,,,,,,,,,,,,,,,,,,,,,,,,,,,,,,,,,,,,,,,,,,,,,,,,,,,,,0
S070,2,2024-11-21_13h14.36.924,MotivatedInference,2024.1.5,Win32,60.24096386,668be8e87e83611e680fb3ab,{{%SESSION_ID%},Chrome,,,,,,,,,,,375.5963,376.2639,21.0,0.6674,376.264,378.497,0.069033561,0.081854013,0.0,0.0,0.0,0.870161496,,,,,,,,-1.0,43.24261886,99,-0.003490659,0.032492338,0.059723416,0.160754516,4.0,10.0,374.9478,374.948,,,,,,,conditions/conds_estim_172.csv,0.0,1.0,0.0,29.0,29.0,29.0,1.0,,,,,,,,,,,,,,,,,,,,,,,,,,,,,,,,,,,,,,,,,,,,,,,,,,,,,,,,,,,,,,,,,,,,,,,,,,,,,,,,,,,,,,,,,,,,,,,,,,,,,,,,,,,,,,,,,,,,,,,,,,,,,,,,,,,,,,,,,,,,,,,,,,,,,,,,,,,,,,,,,,,,,,,,,,,0
S070,2,2024-11-21_13h14.36.924,MotivatedInference,2024.1.5,Win32,60.24096386,668be8e87e83611e680fb3ab,{{%SESSION_ID%},Chrome,,,,,,,,,,,380.011,380.6934,21.0,0.6822,380.6936,382.8775,0.063116401,0.078895433,1.0,0.0,0.0,0.896054966,,,,,,,,0.0,42.26576952,42,0.010471976,0.034272345,0.075051408,0.167478928,5.0,3.0,378.4973,379.362,,,,,,,conditions/conds_estim_172.csv,0.0,1.0,0.0,30.0,30.0,30.0,1.0,,,,,,,,,,,,,,,,,,,,,,,,,,,,,,,,,,,,,,,,,,,,,,,,,,,,,,,,,,,,,,,,,,,,,,,,,,,,,,,,,,,,,,,,,,,,,,,,,,,,,,,,,,,,,,,,,,,,,,,,,,,,,,,,,,,,,,,,,,,,,,,,,,,,,,,,,,,,,,,,,,,,,,,,,,,0
S070,2,2024-11-21_13h14.36.924,MotivatedInference,2024.1.5,Win32,60.24096386,668be8e87e83611e680fb3ab,{{%SESSION_ID%},Chrome,,,,,,,,,,,383.5272,384.1945,20.0,0.6671,384.1946,386.2771,0.079881657,-0.071005917,0.0,0.0,0.0,-0.726642341,,,,,,,,0.0,137.7342305,57,0.007853982,0.040602447,0.07130778,0.218867016,4.0,12.0,382.878,382.8781,,,,,,,conditions/conds_estim_172.csv,0.0,1.0,0.0,31.0,31.0,31.0,1.0,,,,,,,,,,,,,,,,,,,,,,,,,,,,,,,,,,,,,,,,,,,,,,,,,,,,,,,,,,,,,,,,,,,,,,,,,,,,,,,,,,,,,,,,,,,,,,,,,,,,,,,,,,,,,,,,,,,,,,,,,,,,,,,,,,,,,,,,,,,,,,,,,,,,,,,,,,,,,,,,,,,,,,,,,,,0
S070,2,2024-11-21_13h14.36.924,MotivatedInference,2024.1.5,Win32,60.24096386,668be8e87e83611e680fb3ab,{{%SESSION_ID%},Chrome,,,,,,,,,,,386.927,387.5968,21.0,0.6698,387.5971,389.9133,0.097633136,-0.020710059,0.0,0.0,0.0,-0.209022943,,,,,,,,0.0,174.099032,100,-0.001745329,0.035177462,0.059949939,0.178411257,4.0,2.0,386.2777,386.278,,,,,,,conditions/conds_estim_172.csv,0.0,1.0,0.0,32.0,32.0,32.0,1.0,,,,,,,,,,,,,,,,,,,,,,,,,,,,,,,,,,,,,,,,,,,,,,,,,,,,,,,,,,,,,,,,,,,,,,,,,,,,,,,,,,,,,,,,,,,,,,,,,,,,,,,,,,,,,,,,,,,,,,,,,,,,,,,,,,,,,,,,,,,,,,,,,,,,,,,,,,,,,,,,,,,,,,,,,,,0
S070,2,2024-11-21_13h14.36.924,MotivatedInference,2024.1.5,Win32,60.24096386,668be8e87e83611e680fb3ab,{{%SESSION_ID%},Chrome,,,,,,,,,,,390.5634,391.2439,21.0,0.6804,391.2443,393.3982,0.093688423,0.031558155,1.0,0.0,0.0,0.324904635,,,,,,,,0.0,5.90096804,91,0.001745329,0.046109782,0.086244352,0.261967492,5.0,1.0,389.9138,389.914,,,,,,,conditions/conds_estim_172.csv,0.0,1.0,0.0,33.0,33.0,33.0,1.0,,,,,,,,,,,,,,,,,,,,,,,,,,,,,,,,,,,,,,,,,,,,,,,,,,,,,,,,,,,,,,,,,,,,,,,,,,,,,,,,,,,,,,,,,,,,,,,,,,,,,,,,,,,,,,,,,,,,,,,,,,,,,,,,,,,,,,,,,,,,,,,,,,,,,,,,,,,,,,,,,,,,,,,,,,,0
S070,2,2024-11-21_13h14.36.924,MotivatedInference,2024.1.5,Win32,60.24096386,668be8e87e83611e680fb3ab,{{%SESSION_ID%},Chrome,,,,,,,,,,,394.0603,394.727,20.0,0.6667,394.7272,396.6097,0.061144044,0.076923077,0.0,0.0,0.0,0.899189691,,,,,,,,0.0,43.24261886,99,-0.003490659,0.032492338,0.059723416,0.160754516,4.0,10.0,393.3989,393.3991,,,,,,,conditions/conds_estim_172.csv,0.0,1.0,0.0,34.0,34.0,34.0,1.0,,,,,,,,,,,,,,,,,,,,,,,,,,,,,,,,,,,,,,,,,,,,,,,,,,,,,,,,,,,,,,,,,,,,,,,,,,,,,,,,,,,,,,,,,,,,,,,,,,,,,,,,,,,,,,,,,,,,,,,,,,,,,,,,,,,,,,,,,,,,,,,,,,,,,,,,,,,,,,,,,,,,,,,,,,,0
S070,2,2024-11-21_13h14.36.924,MotivatedInference,2024.1.5,Win32,60.24096386,668be8e87e83611e680fb3ab,{{%SESSION_ID%},Chrome,,,,,,,,,,,397.2604,397.9295,20.0,0.669,397.9297,400.2294,0.066074981,-0.075936899,0.0,0.0,0.0,-0.85473117,,,,,,,,0.0,129.8383487,77,0.006108652,0.034151794,0.067462161,0.265706452,7.0,11.0,396.6103,396.6104,,,,,,,conditions/conds_estim_172.csv,0.0,1.0,0.0,35.0,35.0,35.0,1.0,,,,,,,,,,,,,,,,,,,,,,,,,,,,,,,,,,,,,,,,,,,,,,,,,,,,,,,,,,,,,,,,,,,,,,,,,,,,,,,,,,,,,,,,,,,,,,,,,,,,,,,,,,,,,,,,,,,,,,,,,,,,,,,,,,,,,,,,,,,,,,,,,,,,,,,,,,,,,,,,,,,,,,,,,,,0
S070,2,2024-11-21_13h14.36.924,MotivatedInference,2024.1.5,Win32,60.24096386,668be8e87e83611e680fb3ab,{{%SESSION_ID%},Chrome,,,,,,,,,,,,,,,,,,,,,,,,,,,,,,,,,,,,,,,,,,,,,,,,,,,,,,,400.2298,609.4892,,,,,,,,,,,,,,,,,,,,,,,,,,,,,,,,,,,,,,,,,,,,,,,,,,,,,,,,,,,,,,,,,,,,,,,,,,,,,,,,,,,,,,,,,,,,,,,,,,,,,,,,,,,,,,,,,,,,,,,,,,,,,,,,,,,,,,,,,,,,,,,,,,,,,,,,,,,,,,,,,,,,,,,,,0
S070,2,2024-11-21_13h14.36.924,MotivatedInference,2024.1.5,Win32,60.24096386,668be8e87e83611e680fb3ab,{{%SESSION_ID%},Chrome,,,,,,,,,,,,,,,,,,,,,,,,,,,,,,,,,,,,,,,,,,,,,,,,,,,,,,,,,615.6285,,,,,,,,,,,,,,,,,,,,,,,,,,,,,,,,,,,,,,,,,,,,,,,,,,,,,,,,,,,,,,,,,,,,,,,,,,,,,,,,,,,,,,,,,,,,,,,,,,,,,,,,,,,,,,,,,,,,,,,,,,,,,,,,,,,,,,,,,,,,,,,,,,,,,,,,,,,,,,,,,,,,,,,,0
S070,2,2024-11-21_13h14.36.924,MotivatedInference,2024.1.5,Win32,60.24096386,668be8e87e83611e680fb3ab,{{%SESSION_ID%},Chrome,,,,,,,,,,,,,,,,,,,,,,,,,,,,,,0.0,,,,,,,,3.0,,,,,,,,,,,,,,,,,,,,671.8418,674.9058,"[0.0028000000119163815,0.016199999988089075,0.03289999997616633,0.04919999998810454,0.06589999997618179,0.08259999996425904,0.0993000000119082,0.11539999997614814,0.12959999996417082,0.14930000001186272,0.16619999998806634,0.1798000000119373,0.19619999998803905,0.2128999999761163,0.2296999999880427,0.2463000000119564,0.26549999999997453,0.2796999999881109,0.2961999999880618,0.3129999999999882,0.33230000001185545,0.3461999999880163,0.36549999999999727,0.38230000001192366,0.3960999999642354,0.4128999999761618,0.42999999999995,0.45139999997616087,0.46630000001187,0.4823000000119464,0.4964999999999691,0.5155999999642518,0.5294999999999845,0.5501999999880809,0.56330000001185,0.5821999999880063,0.5961999999880163,0.6178000000119255,0.6303000000118573,0.64939999997614,0.6658000000119273,0.682199999988029,0.6991999999880818,0.7129999999999654,0.7321999999880973,0.7461999999881073,0.7628000000119073,0.7795999999642618,0.7993999999761172,0.8156999999880554,0.8326999999881082,0.8493000000119082,0.8658000000118591,0.8826999999880627,0.8995999999642663,0.91599999999994,0.9325999999641681,0.9490999999642327,0.9660000000000082,0.9828999999760981,0.9990999999641872,1.0165999999642281,1.0328999999761663,1.0493000000119537,1.0658999999761818,1.0848999999761872,1.0963000000118654,1.1158999999761363,1.1321999999880745,1.1463000000119337,1.1630999999641745,1.1823999999761554,1.1990999999642327,1.2160000000000082,1.2323000000119464,1.2490999999641872,1.2628999999761845,1.2821999999880518,1.2961999999880618,1.3128000000118618,1.3303000000119027,1.349599999964198,1.3629999999999427,1.3825999999642136,1.3991999999880136,1.4128000000118845,1.4341999999880954,1.4470000000000027,1.466699999988009,1.4798000000118918,1.4988999999761745,1.5130000000000337,1.5294999999999845,1.55059999996422,1.56330000001185,1.5820999999642709,1.5960999999641672,1.6160999999642627,1.6295000000000073,1.6461999999880845,1.6628999999761618,1.6803000000119255,1.6968999999761536,1.716699999988009,1.7303999999761572,1.7491999999880363,1.7635999999641854,1.7823999999761782,1.7968999999761763,1.8158000000119046,1.8299999999999272,1.8503999999761618,1.8629999999999427,1.8793999999761581,1.8963000000119337,1.9128999999761618,1.9294999999999618,1.9470000000000027,1.967199999988111,1.98030000001188,2,2.0135999999641854,2.0335000000000036,2.0513999999761836,2.063800000011952,2.0821999999880063,2.0961999999880163,2.11569999998801,2.133800000011888,2.1463000000119337,2.16780000001188,2.1798000000119373,2.200099999964209,2.213599999964231,2.2333000000119227,2.2468000000119446,2.2654999999999745,2.2795999999642618,2.2970000000000255,2.3179999999999836,2.3295999999642163,2.3505999999641745,2.3629999999999427,2.3795000000000073,2.39939999997614,2.4135999999641626,2.432599999964168,2.4468000000118764,2.4656999999880327,2.4803999999761572,2.4963000000119564,2.51789999997618,2.5295999999642618,2.5515000000000327,2.5631999999881145,2.5819999999999936,2.5989999999999327,2.6128999999760936,2.6295000000000073,2.6488999999761518,2.662899999976162,2.679599999964239,2.696199999988039,2.713599999964231,2.7348000000118873,2.746099999964258,2.7653999999761254,2.780499999999961,2.7991999999881045,2.8135999999642536,2.829499999999939,2.8468000000118536,2.866999999999962,2.879800000011869,2.8996999999881155,2.91339999997615,2.932300000011878,2.9470000000000027,2.9655999999641836,2.9843999999761763,2.996899999976108,3.01580000001195,3.030300000011948,3.0460999999642127,3.0630999999642654]",0.016632065,0.002553941,185.0,,0.0,0.0,0.0,0.0,2.0,1.0,1.0,0.0,8.0,0.7,5.035933842,-1.0,1.951701987,0.966326515,8.0,-0.008726646,0.353798062,0.040824325,0.088208322,0.256820315,6.0,0.750839401,-1.396657269,39.0,-0.006981317,0.381053424,0.030288742,0.070264002,0.227413277,7.0,2.840978321,0.791918551,2.0,0.008726646,0.338473989,0.032964075,0.086271212,0.185208292,4.0,2.947392018,0.530192952,86.0,-0.01134464,0.414570186,0.03611148,0.064685839,0.099529567,3.0,2.764765751,0.958030713,64.0,-0.012217305,0.396824946,0.026418425,0.079335183,0.168726505,6.0,1.87046801,0.789740572,8.0,-0.008726646,0.353798062,0.040824325,0.088208322,0.256820315,6.0,2.402570795,1.393982183,56.0,0.002617994,0.391878159,0.037400891,0.06461151,0.256914973,6.0,2.742565088,1.002399625,77.0,0.006108652,0.406238369,0.034151794,0.067462161,0.265706452,7.0,0.0,0.0,0.0,0.0,0.0,0.0,0.0,0.0,0.0,0.0,0.0,0.0,0.0,0.0,0.0,0.0,0.0,0.0,0.0,0.0,0.0,0.0,0.0,0.0,0.0,0.0,0.0,0.0,0.0,0.0,0.0,0.0,0.0,0.0,0.0,0.0,,,,,,,,,,,,,,,,,,,,,,,,,,,,,,,,,,,,,,,,,0
S070,2,2024-11-21_13h14.36.924,MotivatedInference,2024.1.5,Win32,60.24096386,668be8e87e83611e680fb3ab,{{%SESSION_ID%},Chrome,,,,,,,,,,,,,,,,,,,,,,,,,,,,,,,,,,,,,,,,,,,,,,,,,,,,,,,,,,,,,,,,,,,,,,,,,,,,,,,,,,,,,,,,,,,,,,,,,,,,,,,,,,,,,,,,,,,,,,,,,,,,,,,,,,,,,,,,,,,,,,,,,,,,,,,,,,,,,,,,,,,,,,,,,,,,,,,,,,,,,,,,,,,,,,,,,,,,,,,,,,,,,,,,,,,,,,,,,,,,,,,,,0
S070,2,2024-11-21_13h14.36.924,MotivatedInference,2024.1.5,Win32,60.24096386,668be8e87e83611e680fb3ab,{{%SESSION_ID%},Chrome,,,,,,,,,,,,,,,,,,,,,,,,,,,,,,1.0,,,,,,,,5.0,,,,,,,,,,,,,,,,,,,,690.5058,695.0212,"[0.004599999964284507,0.015300000011961856,0.03200000000003911,0.04869999998811636,0.06539999997619361,0.08239999997613268,0.09919999998805906,0.11509999996428633,0.13189999997609902,0.14859999996417628,0.16519999998808998,0.18189999997616724,0.1985999999642445,0.21530000001189364,0.23189999997612176,0.24850000000003547,0.2651999999881127,0.28209999996420265,0.29919999998810454,0.31609999996419447,0.3318999999761445,0.3486999999880709,0.36659999996425086,0.38250000000005,0.4008999999761045,0.41509999996424085,0.43189999997616724,0.4486999999880936,0.46530000001189364,0.48280000001193457,0.498599999964199,0.5161999999880891,0.5318000000119127,0.5486999999881164,0.5653000000119164,0.5818999999761445,0.5985999999642218,0.6151999999880218,0.6319999999999482,0.6485999999641763,0.6653000000119391,0.6818999999761672,0.6986999999880936,0.7153999999761709,0.7319999999999709,0.7485000000000355,0.7653000000119619,0.7818000000119127,0.7988000000119655,0.8153999999761936,0.8318000000118673,0.8483999999762091,0.8651999999880218,0.881899999976099,0.8985999999641763,0.9153000000119391,0.9320000000000164,0.9485999999642445,0.9653999999761709,0.9830999999642245,0.998599999964199,1.0151999999881127,1.03269999998804,1.0499999999999545,1.0665999999641826,1.0819999999999936,1.0993999999761854,1.115000000000009,1.1319999999999482,1.1493000000118627,1.165599999964229,1.1818999999761672,1.1984999999999673,1.2151999999880445,1.2318000000119582,1.2485000000000355,1.26609999996424,1.2833000000118773,1.29849999999999,1.3149999999999409,1.3320999999642709,1.3485999999642218,1.365800000011859,1.3823000000119237,1.3985999999641763,1.4148999999761145,1.4320000000000164,1.4485999999642445,1.4653000000118936,1.4821999999880973,1.4990000000000236,1.5154999999999745,1.5315999999642145,1.54849999999999,1.5660999999641945,1.5815999999642827,1.5984999999999445,1.6151999999880218,1.631899999976099,1.6485000000000127,1.6665999999642054,1.6820000000000164,1.6986999999880936,1.7150999999641954,1.7318999999761218,1.7486999999880481,1.7648999999761372,1.78189999997619,1.7985999999642672,1.8153000000119164,1.8318999999761445,1.8488999999761973,1.8658999999761363,1.8826999999880627,1.8985999999641763,1.9153000000119391,1.93180000001189,1.9484999999999673,1.9651999999880445,1.9818999999761218,1.9995999999641754,2.016199999988089,2.032199999988052,2.0483000000118636,2.0651999999880672,2.0818000000118673,2.099300000011908,2.115300000011871,2.131899999976099,2.1486999999880254,2.166099999964217,2.182199999988029,2.199199999988082,2.2151999999880445,2.231800000011958,2.2485000000000355,2.2659999999999627,2.282399999976178,2.29849999999999,2.316000000000031,2.3328000000119573,2.34909999996421,2.3655999999642745,2.381999999999948,2.3985000000000127,2.415099999964241,2.4318999999761672,2.4485999999642445,2.4651999999880445,2.481999999999971,2.498599999964199,2.515300000011962,2.5318000000119127,2.549399999976117,2.5660999999641945,2.5828000000119573,2.599300000011908,2.6151999999880218,2.6318000000119355,2.6485999999641763,2.66519999998809,2.6818999999761672,2.699300000011931,2.715399999976171,2.7328000000119346,2.748699999988048,2.7651999999881127,2.78189999997619,2.7993000000119537,2.8156999999880554,2.8318999999761445,2.8485999999642218,2.865300000011871,2.8826999999880627,2.8985999999641763,2.9158000000119273,2.9318999999761672,2.9485999999642445,2.966000000000008,2.981999999999971,2.9993999999761627,3.01580000001195,3.03189999997619,3.0485999999642672,3.0653000000119164,3.0818999999761445,3.0985999999642218,3.1155999999642745,3.1318000000119355,3.1485000000000127,3.16519999998809,3.1818999999761672,3.1984999999999673,3.2150999999641954,3.231800000011958,3.248599999964199,3.2653999999761254,3.282599999964191,3.298399999976141,3.3155999999642063,3.3318999999761445,3.3485999999642218,3.3659999999999854,3.381899999976099,3.3988999999761518,3.4158999999762045,3.4329999999999927,3.4488000000119428,3.4653000000118936,3.481800000011958,3.498599999964199,3.5151999999881127,3.53189999997619,3.5491999999881045,3.566000000000031,3.5818000000118673,3.5984999999999445,3.615000000000009,3.631899999976099,3.6485999999641763,3.66599999999994,3.6818999999761672,3.6985999999642445,3.71550000000002,3.7318999999761218,3.7485000000000355,3.7653999999761254,3.782800000011889,3.79849999999999,3.815099999964218,3.8318999999761445,3.8484999999999445,3.8651999999880218,3.8818000000119355,3.8985999999641763,3.915300000011939,3.93180000001189,3.949399999976208,3.965800000011882,3.9818999999761218,3.9985000000000355,4.015199999988113,4.031800000011913,4.0491999999881045,4.066000000000031,4.0818999999761445,4.0984999999999445,4.115699999988124,4.132300000011924,4.148399999976164,4.165099999964241,4.18180000001189,4.1985999999642445,4.2151999999880445,4.231899999976122,4.2485000000000355,4.265199999988113,4.282500000000027,4.2988000000119655,4.316000000000031,4.3318999999761445,4.349399999976185,4.365300000011871,4.3818000000119355,4.398399999976164,4.41599999999994,4.433800000011956,4.448800000011943,4.465800000011882,4.481999999999971,4.498399999976186,4.515199999988113]",0.01664428,0.000625853,272.0,,0.0,,,,,,1.0,0.0,12.0,0.7,7.814698237,-1.0,2.448583765,1.376167746,40.0,0.001745329,0.381763748,0.031902579,0.075140032,0.211660484,6.0,1.702224164,0.363774874,63.0,0.002617994,0.396190386,0.03208284,0.060740902,0.237954322,6.0,2.16225892,1.296002864,5.0,-0.004363323,0.3477587,0.034233339,0.078408596,0.194188261,5.0,2.460506356,1.369643639,63.0,0.002617994,0.396190386,0.03208284,0.060740902,0.237954322,6.0,1.82247502,0.6753169,77.0,0.006108652,0.406238369,0.034151794,0.067462161,0.265706452,7.0,2.820129607,0.839355843,22.0,-0.006108652,0.369173441,0.034771665,0.081264392,0.215269419,6.0,2.063022454,1.166156792,14.0,-0.004363323,0.361562951,0.033827978,0.08680928,0.200727788,5.0,1.914213969,0.887730514,20.0,0.004363323,0.367239871,0.029881231,0.073743484,0.121468441,4.0,-0.007940324,0.022231972,64.0,-0.012217305,0.396824946,0.026418425,0.079335183,0.168726505,6.0,0.567297891,-1.268908854,98.0,-0.003490659,0.436582054,0.033239272,0.083554428,0.196244723,5.0,2.036162415,1.122880424,10.0,-0.004363323,0.356575755,0.034939804,0.084929929,0.233599272,6.0,0.012735119,-0.035654477,17.0,-0.004363323,0.364429878,0.03744875,0.082879054,0.20378895,5.0,0.0,0.0,0.0,0.0,1.0,,,,,,,,,,,,,,,,,,,,,,,,,,,,,,,,,,,,0
S070,2,2024-11-21_13h14.36.924,MotivatedInference,2024.1.5,Win32,60.24096386,668be8e87e83611e680fb3ab,{{%SESSION_ID%},Chrome,,,,,,,,,,,,,,,,,,,,,,,,,,,,,,,,,,,,,,,,,,,,,,,,,,,,,,,,,,,,,,,,,,,,,,,,,,,,,,,,,,,,,,,,,,,,,,,,,,,,,,,,,,,,,,,,,,,,,,,,,,,,,,,,,,,,,,,,,,,,,,,,,,,,,,,,,,,,,,,,,,,,,,,,,,,,,,,,,,,,,,,,,,,,,,696.3249,,,,,,,,,,,,,,,,,,,,,,,,,,,,,,,,,,,0
S070,2,2024-11-21_13h14.36.924,MotivatedInference,2024.1.5,Win32,60.24096386,668be8e87e83611e680fb3ab,{{%SESSION_ID%},Chrome,,,,,,,,,,,,,,,,,,,,,,,,,,,,,,0.0,,,,,,,,1.0,,,,,,,,,conditions/conds_128.csv,0.0,0.0,,,,,,,,,707.1084,708.8251,"[0.0018000000119400283,0.01620000004766098,0.028999999999996362,0.04870000004768826,0.062300000011873635,0.0799000000357637,0.10040000003573368,0.11240000003579098,0.13199999999994816,0.148700000047711,0.1654999999999518,0.17990000003578643,0.19970000004764188,0.21299999999996544,0.23210000002382003,0.24560000002384186,0.2623000000119191,0.2791000000238455,0.2956000000237964,0.31320000004768644,0.3294000000357755,0.35000000000002274,0.3658000000118591,0.37890000003574187,0.3956000000238191,0.41710000002387915,0.4293000000119491,0.4487000000476655,0.4666000000238455,0.4797000000477283,0.4994000000357346,0.5124000000357682,0.5320000000000391,0.5487000000476883,0.5623000000118736,0.5818000000118673,0.5956000000238646,0.6161000000238346,0.6302000000476937,0.6504000000358019,0.6633000000118727,0.6821000000238655,0.6963000000118882,0.7153000000118936,0.7289000000357646,0.749600000023861,0.7623000000119191,0.7791000000238455,0.7956000000237964,0.8122000000477101,0.8289000000357873,0.8482000000476546,0.862400000035791,0.8791000000238682,0.8984000000357355,0.9154000000357883,0.9289999999999736,0.9486000000238164,0.965900000035731,0.9798000000118918,0.99870000004762,1.0129000000357564,1.0344000000357028,1.0491000000238273,1.06220000004771,1.0817000000477037,1.0979999999999563,1.1123000000119418,1.1318000000119355,1.1456000000238191,1.1649999999999636,1.17890000003581,1.1956000000238873,1.2132000000476637,1.2329999999999472,1.245700000047691,1.2652000000476846,1.2796000000238337,1.2993000000119537,1.3131000000238373,1.3332000000476683,1.3507000000477092,1.3627000000476528,1.3824999999999363,1.4011000000238027,1.4154000000357883,1.42890000003581,1.44940000003578,1.4631000000238146,1.4826000000238082,1.4985000000000355,1.512300000011919,1.5338000000118654,1.54640000003576,1.5649999999999409,1.5789999999999509,1.5996000000238837,1.6149000000357319,1.6289000000357419,1.64549999999997,1.6623000000118964,1.678800000011961,1.6966000000238637,1.7164999999999964]",0.016647573,0.002742008,104.0,right,1.0,,,,,,1.0,0.0,4.0,0.5,2.636990621,-1.0,1.623144582,0.104505345,17.0,-0.004363323,0.364429878,0.03744875,0.082879054,0.20378895,5.0,2.290636296,0.991416554,91.0,0.001745329,0.420659204,0.046109782,0.086244352,0.261967492,5.0,1.919281791,0.641897973,65.0,0.000872665,0.397557211,0.028332609,0.059251996,0.151978572,5.0,2.582657253,0.899170748,48.0,-0.013089969,0.387063294,0.032293316,0.069877675,0.198684878,5.0,0.0,0.0,0.0,0.0,0.0,0.0,0.0,0.0,0.0,0.0,0.0,0.0,0.0,0.0,0.0,0.0,0.0,0.0,0.0,0.0,0.0,0.0,0.0,0.0,0.0,0.0,0.0,0.0,0.0,0.0,0.0,0.0,0.0,0.0,0.0,0.0,0.0,0.0,0.0,0.0,0.0,0.0,0.0,0.0,0.0,0.0,0.0,0.0,0.0,0.0,0.0,0.0,0.0,0.0,0.0,0.0,0.0,0.0,0.0,0.0,0.0,0.0,0.0,0.0,0.0,0.0,0.0,0.0,0.0,0.0,0.0,0.0,,,,,,,1.0347,,0.0,0.0,0.0,0.0,1.0,,,,,,,,,,,,,,,,,,,,,,,,,,,,0
S070,2,2024-11-21_13h14.36.924,MotivatedInference,2024.1.5,Win32,60.24096386,668be8e87e83611e680fb3ab,{{%SESSION_ID%},Chrome,,,,,,,,,,,,,,,,,,,,,,,,,,,,,,0.0,,,,,,,,2.0,,,,,,,,,conditions/conds_128.csv,0.0,0.0,,,,,,,,,710.871,712.5739,"[0.002300000011928205,0.01950000000010732,0.03300000000001546,0.052500000000009095,0.06630000001200642,0.08289999997623454,0.09980000001201006,0.12150000000008276,0.13719999998818366,0.14960000002383822,0.16889999997624727,0.1830000000001064,0.20339999997622726,0.2171999999881109,0.23300000000006094,0.25039999997625273,0.27150000000006,0.28350000000000364,0.30239999997615996,0.31660000002386823,0.3376999999881036,0.35230000001195094,0.3661999999881118,0.3873000000119191,0.39969999998811545,0.4193000000119582,0.4328999999762573,0.4498000000119191,0.46910000002390007,0.48300000000006094,0.4996999999881382,0.5171000000239019,0.5365000000000464,0.5503999999762073,0.5710000000000264,0.5881000000239283,0.5998000000120101,0.6203999999762573,0.6368999999762082,0.6526999999881582,0.6688999999762473,0.6836999999881073,0.7031999999881009,0.7170000000000982,0.7368000000119537,0.7503000000119755,0.7698999999762464,0.78369999998813,0.8036000000239483,0.8206999999881646,0.8331000000239328,0.8496999999881609,0.8671999999880882,0.8871000000239064,0.9031999999881464,0.9173000000120055,0.936300000012011,0.9498000000119191,0.9664999999999964,0.9880000000000564,1.0030000000000427,1.019300000011981,1.03810000002386,1.0500000000000682,1.066500000000019,1.0828999999762345,1.1046999999881564,1.116300000011961,1.1358000000119546,1.1496999999881155,1.16880000001197,1.1836999999881073,1.20330000001195,1.2171000000239474,1.2328999999762118,1.2496999999881382,1.2706000000239328,1.2835000000000036,1.3046000000239246,1.31639999997617,1.33789999997623,1.3531000000239146,1.3691000000238773,1.3830000000000382,1.4023000000120192,1.4173000000120055,1.4361999999881618,1.4503999999761845,1.46939999997619,1.4836000000238982,1.5033999999761818,1.5171999999881791,1.5356999999880827,1.5533000000119728,1.5671999999881336,1.5873000000119646,1.59980000001201,1.6161999999881118,1.6353999999762436,1.6493000000119764,1.6693000000119582,1.6836000000239437,1.702899999976239]",0.016672549,0.002869896,103.0,left,0.0,,,,,,1.0,0.0,4.0,0.5,-0.081331991,-1.0,2.804830469,0.623744602,33.0,-0.006108652,0.377230834,0.032847101,0.067598606,0.249691544,6.0,1.912086541,0.630797398,41.0,0.013089969,0.382506884,0.032100804,0.075836611,0.218324429,6.0,1.284647173,-0.541565569,29.0,-0.000872665,0.374372435,0.035828607,0.080766738,0.158410304,4.0,1.111862147,-0.794308422,42.0,0.010471976,0.383208229,0.034272345,0.075051408,0.167478928,5.0,0.0,0.0,0.0,0.0,0.0,0.0,0.0,0.0,0.0,0.0,0.0,0.0,0.0,0.0,0.0,0.0,0.0,0.0,0.0,0.0,0.0,0.0,0.0,0.0,0.0,0.0,0.0,0.0,0.0,0.0,0.0,0.0,0.0,0.0,0.0,0.0,0.0,0.0,0.0,0.0,0.0,0.0,0.0,0.0,0.0,0.0,0.0,0.0,0.0,0.0,0.0,0.0,0.0,0.0,0.0,0.0,0.0,0.0,0.0,0.0,0.0,0.0,0.0,0.0,0.0,0.0,0.0,0.0,0.0,0.0,0.0,0.0,,,,,,,0.6345,,0.0,1.0,1.0,1.0,1.0,,,,,,,,,,,,,,,,,,,,,,,,,,,,0
S070,2,2024-11-21_13h14.36.924,MotivatedInference,2024.1.5,Win32,60.24096386,668be8e87e83611e680fb3ab,{{%SESSION_ID%},Chrome,,,,,,,,,,,,,,,,,,,,,,,,,,,,,,0.0,,,,,,,,11.0,,,,,,,,,conditions/conds_128.csv,0.0,0.0,,,,,,,,,714.209,718.7072,"[0.003399999976181789,0.014899999976137224,0.028199999988032687,0.047899999976152685,0.06569999998805542,0.07889999997610175,0.09799999999995634,0.11249999999995453,0.13199999999994816,0.14930000001186272,0.16430000001184908,0.17819999998800995,0.19760000002384004,0.21249999999997726,0.22880000001191547,0.2483000000119091,0.2616999999880818,0.28060000002381,0.29489999997610994,0.3144999999999527,0.3281999999881009,0.34769999998809453,0.3651999999880218,0.38089999997612267,0.39769999998804906,0.41169999998805906,0.4308999999760772,0.44560000002377365,0.46469999998805633,0.48099999999999454,0.4948999999761554,0.5116000000238046,0.529199999988009,0.5496000000238155,0.5625,0.5810000000000173,0.5953999999761663,0.6143000000118946,0.6291999999880318,0.6496000000238382,0.6653999999761027,0.6778999999761481,0.6974999999999909,0.7149999999999181,0.728899999976079,0.7498999999761509,0.7616000000238046,0.7813000000119246,0.7954999999999472,0.8143999999761036,0.8313000000118791,0.8463999999761427,0.8653999999761481,0.8790000000000191,0.8978000000118982,0.9123000000118964,0.9316000000237636,0.9453000000119118,0.9615000000000009,0.9808999999761454,0.9946000000238655,1.0144999999999982,1.0281000000238691,1.0478999999761527,1.06430000001194,1.0779999999999745,1.0978999999761072,1.1116000000238273,1.1309999999999718,1.14549999999997,1.1643999999761263,1.182199999988029,1.1956999999880509,1.2148999999761827,1.2291000000237773,1.2473999999760963,1.2614999999999554,1.2826000000237627,1.29489999997611,1.3156000000237782,1.3291999999880773,1.3476999999880945,1.3629999999999427,1.3808999999761227,1.39549999999997,1.4146999999881018,1.428300000011859,1.44760000002384,1.461500000000001,1.4808999999761454,1.4948000000118782,1.5144999999999982,1.5328999999761663,1.5456000000237964,1.5656000000237782,1.578199999988101,1.5946000000237746,1.6141999999880454,1.6336000000237618,1.649499999999989,1.6616000000237818,1.6811000000237755,1.6948999999760872,1.714100000023791,1.7279999999999518,1.7478999999760845,1.7646999999880109,1.7781999999880327,1.7975000000000136,1.814699999988079,1.82830000001195,1.8476000000238173,1.8636999999880572,1.8808999999761227,1.8948999999761327,1.9153000000119391,1.9288999999761245,1.9481000000238282,1.961500000000001,1.9781999999880782,1.9948000000118782,2.016300000011938,2.030100000023822,2.0448000000119464,2.064199999988091,2.078800000011938,2.0981000000238055,2.115800000011859,2.1281999999880554,2.1446999999880063,2.1643999999761263,2.1811000000237755,2.1978000000118527,2.21160000002385,2.2309999999999945,2.2488999999761745,2.264300000011872,2.2781999999880327,2.2976000000238628,2.3141000000238137,2.33119999998803,2.344699999988052,2.364500000000021,2.3781999999880554,2.397699999988049,2.4163000000119155,2.429300000011949,2.449300000011931,2.466800000011858,2.478199999988078,2.4948999999761554,2.5114999999999554,2.5281999999880327,2.548999999999978,2.565899999976182,2.582699999988108,2.5950000000000273,2.6111999999880027,2.6328999999760754,2.644999999999982,2.664300000011849,2.67819999998801,2.6988000000119428,2.712100000023838,2.73210000002382,2.748300000011909,2.7616000000238046,2.7781999999880327,2.7956000000237964,2.816899999976158,2.833100000023819,2.844800000011901,2.865300000011871,2.87889999997617,2.897600000023772,2.9126999999880354,2.9316000000237636,2.945300000011912,2.964600000023779,2.978199999988078,2.994800000011878,3.0116000000238046,3.0281999999880327,3.04489999997611,3.0615000000000236,3.0781000000238237,3.095699999988028,3.1163999999761245,3.12889999997617,3.1448999999761327,3.166499999999928,3.1791000000238228,3.19789999997613,3.21160000002385,3.228100000023801,3.2458999999761318,3.264699999988011,3.278300000011882,3.2975000000000136,3.3113000000118973,3.328199999988101,3.344800000011901,3.3619999999999663,3.381399999976111,3.3948999999761327,3.4114999999999327,3.4281000000238464,3.4448000000119237,3.464999999999918,3.478899999976079,3.498600000023771,3.5119999999999436,3.530999999999949,3.5456999999880736,3.5651999999880672,3.582899999976121,3.5978000000119437,3.61180000001184,3.6333000000119,3.649600000023838,3.6614999999999327,3.6826999999880172,3.6951999999880627,3.711500000000001,3.7311000000238437,3.744800000011878,3.766300000011938,3.778399999976159,3.7946999999880973,3.8143999999761036,3.831300000011879,3.844800000011901,3.861399999976129,3.87889999997617,3.898600000023862,3.91210000002377,3.931500000000028,3.9456000000237736,3.96630000001187,3.978100000023801,3.9993999999761627,4.011300000011943,4.030699999988087,4.044800000011946,4.0613999999761745,4.077899999976125,4.098600000023794,4.112199999988093,4.131100000023821,4.144999999999982,4.164100000023836,4.180899999976077,4.194800000011924,4.215800000011882,4.229100000023777,4.248499999999922,4.2618999999760945,4.27800000000002,4.2973999999761645,4.314100000023814,4.328100000023824,4.347499999999968,4.362199999988093,4.381100000023821,4.394899999976133,4.411499999999933,4.42819999998801,4.445600000023774,4.466399999976147,4.483600000023785,4.498100000023783]",0.016647037,0.002707939,271.0,left,1.0,,,,,,2.0,0.0,12.0,0.5,-5.22384164,-1.0,0.618591923,-0.944865574,77.0,0.006108652,0.406238369,0.034151794,0.067462161,0.265706452,7.0,1.091411825,-0.818484946,61.0,-0.004363323,0.394911895,0.035957651,0.088187679,0.159307843,4.0,0.64929553,-0.963180339,13.0,0.012217305,0.36034398,0.040523863,0.087309629,0.214125832,4.0,2.498931978,0.959528002,81.0,-0.006981317,0.409724184,0.034267936,0.062711279,0.215248408,5.0,1.143731663,-0.753999279,95.0,-0.003490659,0.427246221,0.028411926,0.064304978,0.203029515,6.0,0.672716807,-0.974713119,68.0,0.009599311,0.399449425,0.031951263,0.065393928,0.165147664,5.0,0.420916324,-0.745865093,40.0,0.001745329,0.381763748,0.031902579,0.075140032,0.211660484,6.0,2.510410273,0.952810863,22.0,-0.006108652,0.369173441,0.034771665,0.081264392,0.215269419,6.0,0.846538854,-0.992532943,59.0,0.006981317,0.393731017,0.031135395,0.06163787,0.205460115,5.0,1.073250206,-0.838809189,31.0,0.004363323,0.375872077,0.0344646,0.07529372,0.228193104,6.0,1.165032964,-0.725339004,38.0,-0.004363323,0.380540373,0.035789754,0.080850361,0.267900983,7.0,1.906193861,0.621608983,93.0,0.012217305,0.423353751,0.033559225,0.078739299,0.188587653,4.0,,,,,,,0.7671,,0.0,2.0,2.0,2.0,1.0,,,,,,,,,,,,,,,,,,,,,,,,,,,,0
S070,2,2024-11-21_13h14.36.924,MotivatedInference,2024.1.5,Win32,60.24096386,668be8e87e83611e680fb3ab,{{%SESSION_ID%},Chrome,,,,,,,,,,,,,,,,,,,,,,,,,,,,,,0.0,,,,,,,,10.0,,,,,,,,,conditions/conds_128.csv,0.0,0.0,,,,,,,,,720.492,724.9872,"[0.003399999976068102,0.015100000023835491,0.028500000000008185,0.047899999976152685,0.06200000000001182,0.08130000001187909,0.09510000002376273,0.11249999999995453,0.1321000000237973,0.14599999999995816,0.16510000002381275,0.1788999999761245,0.19960000002379275,0.21189999997613995,0.2323000000118327,0.24519999998801723,0.2646000000238473,0.2785000000000082,0.2951000000238082,0.31180000001188546,0.3293000000119264,0.34919999998805906,0.36549999999999727,0.3783999999760681,0.3951999999879945,0.41169999998805906,0.42849999999998545,0.4494999999999436,0.46189999997613995,0.47839999997609084,0.5003000000118618,0.5123999999760827,0.5335000000000036,0.5499999999999545,0.5616000000237591,0.5823999999761327,0.5958999999761545,0.6144999999999072,0.6283999999760681,0.6451999999879945,0.6621999999880472,0.6794999999999618,0.6978000000118527,0.7158000000118818,0.7283999999760908,0.7501999999880127,0.763399999976059,0.7819999999999254,0.8001000000238037,0.8123000000118736,0.8315000000000055,0.84519999998804,0.8618999999761172,0.8808000000118454,0.8951999999879945,0.9118000000119082,0.9284999999999854,0.9451000000237855,0.9616999999880136,0.9829999999999472,0.9959999999999809,1.0154999999999745,1.0293000000118582,1.048100000023851,1.0656000000237782,1.080800000011891,1.0949999999999136,1.1143999999761718,1.128399999976068,1.1496999999880018,1.1649999999999636,1.1784999999999854,1.2001999999880582,1.211999999999989,1.2333999999760863,1.2453000000118664,1.2646000000238473,1.2785000000000082,1.2951000000238082,1.3116999999880363,1.3328999999761209,1.3460000000000036,1.3616999999879909,1.378399999976068,1.3978999999760617,1.416399999976079,1.4313000000119018,1.4453000000119118,1.4666000000238455,1.47849999999994,1.5001000000238491,1.5118999999760945,1.5311999999880754,1.5451000000238082,1.5618999999761627,1.5784999999999627,1.599999999999909,1.6124999999999545,1.628399999976068,1.645100000023831,1.662499999999909,1.6828000000118664,1.6953000000119118,1.7143999999760808,1.7288000000119155,1.7451999999880172,1.76480000001186,1.778399999976159,1.7978000000118755,1.8118000000118855,1.8284999999999627,1.84880000001192,1.8624999999999545,1.8818000000118218,1.8958000000118318,1.9148000000118373,1.9291999999879863,1.9449999999999363,1.9618000000118627,1.9783999999760908,1.9950000000000045,2.012499999999932,2.0328999999761663,2.0456000000237964,2.0644999999999527,2.0783999999761136,2.0960000000000036,2.1168999999761127,2.1286000000237664,2.14810000002376,2.161800000011908,2.1793999999761127,2.1954999999999245,2.2116999999880136,2.23239999997611,2.2451999999880172,2.2659999999999627,2.279300000011858,2.2986999999880027,2.312600000023849,2.331699999988018,2.3449999999999136,2.365399999976148,2.3791999999880318,2.39939999997614,2.41239999997606,2.4323999999761554,2.448399999976118,2.464999999999918,2.478399999976091,2.4996999999880245,2.5148999999761372,2.528399999976159,2.5478999999761527,2.5625,2.581300000011879,2.5951000000237627,2.6143000000118946,2.6284999999999172,2.6481999999880372,2.661699999988059,2.6783999999761363,2.6958000000119,2.714999999999918,2.729899999976169,2.748899999976061,2.76480000001186,2.778399999976159,2.7999999999999545,2.8123000000118736,2.8318000000118673,2.8458000000118773,2.8648000000118827,2.8791999999880318,2.89939999997614,2.912499999999909,2.9311000000237755,2.9451000000237855,2.9648000000119055,2.983699999988062,2.9996000000237473,3.011800000011931,3.032300000011901,3.0461000000237846,3.064600000023802,3.0791000000238,3.098699999988071,3.1121000000238155,3.1316999999880863,3.145100000023831,3.166399999976079,3.178699999987998,3.198100000023828,3.212300000011851,3.2314999999999827,3.2451000000238537,3.2646000000238473,3.2813000000119246,3.294999999999959,3.3116999999880363,3.3296999999880654,3.3460000000000036,3.3648000000118827,3.3791000000237545,3.397999999999911,3.412600000023758,3.4326000000238537,3.4456000000237736,3.4648000000119055,3.478100000023801,3.4951000000238537,3.511699999988082,3.52880000001187,3.54930000001184,3.562399999976151,3.581300000011879,3.5951000000237627,3.6119999999999663,3.6326000000237855,3.645899999976109,3.6653000000118254,3.6791999999879863,3.698300000011841,3.71189999997614,3.728399999976091,3.748600000023771,3.761699999988082,3.778399999976159,3.7983000000118636,3.816800000011881,3.8284999999999627,3.8493999999760717,3.8624999999999545,3.8833000000119,3.89549999999997,3.915899999976091,3.928699999987998,3.949300000011931,3.9618000000118627,3.9791000000237773,4.000100000023849,4.012600000023781,4.031899999976076,4.0496000000238155,4.062000000000012,4.0823000000118554,4.095800000011877,4.114399999976172,4.129199999988032,4.147600000023772,4.165399999976103,4.178399999976136,4.197800000011853,4.211999999999989,4.231300000011856,4.245300000011866,4.266800000011926,4.279199999988009,4.298699999988003,4.316699999988032,4.329199999988077,4.347499999999968,4.361300000011852,4.3811999999879845,4.39910000002385,4.411800000011908,4.431600000023764,4.4458000000119,4.465499999999906,4.4788000000119155,4.4950000000000045]",0.016635556,0.002946208,271.0,right,1.0,,,,,,1.0,0.0,12.0,0.5,3.899519177,-1.0,1.607863906,0.074067269,19.0,-8.92894e-14,0.366380653,0.037711395,0.069882825,0.280007013,7.0,2.348121976,0.999869672,74.0,-0.002617994,0.403888444,0.032857311,0.06846285,0.186846183,6.0,2.012406029,0.772786129,80.0,0.000872665,0.408817555,0.034279956,0.069360427,0.160822937,4.0,0.891616243,-0.977520171,44.0,-0.006981317,0.384544024,0.027675657,0.071715856,0.246225121,7.0,2.501998864,0.957782611,24.0,-0.000872665,0.370951047,0.044446314,0.068882508,0.271498611,5.0,1.165861032,-0.72419794,95.0,-0.003490659,0.427246221,0.028411926,0.064304978,0.203029515,6.0,0.650281462,-0.963708614,31.0,0.004363323,0.375872077,0.0344646,0.07529372,0.228193104,6.0,1.835489685,0.5050041,82.0,0.004363323,0.410673221,0.022643594,0.062174001,0.106425045,4.0,2.330520156,0.998681947,56.0,0.002617994,0.391878159,0.037400891,0.06461151,0.256914973,6.0,2.701772035,0.770510243,2.0,0.008726646,0.338473989,0.032964075,0.086271212,0.185208292,4.0,2.678365785,0.799494829,85.0,0.003490659,0.413672168,0.024690997,0.064801949,0.114487367,4.0,2.763089033,0.686749103,42.0,0.010471976,0.383208229,0.034272345,0.075051408,0.167478928,5.0,,,,,,,0.6343,,0.0,3.0,3.0,3.0,1.0,,,,,,,,,,,,,,,,,,,,,,,,,,,,0
S070,2,2024-11-21_13h14.36.924,MotivatedInference,2024.1.5,Win32,60.24096386,668be8e87e83611e680fb3ab,{{%SESSION_ID%},Chrome,,,,,,,,,,,,,,,,,,,,,,,,,,,,,,0.0,,,,,,,,3.0,,,,,,,,,conditions/conds_128.csv,0.0,0.0,,,,,,,,,726.6211,728.3214,"[0.0017999999523681254,0.019399999976258187,0.032599999964304516,0.05229999995231083,0.06600000000003092,0.08309999996424722,0.10289999997621635,0.11629999995238904,0.13259999996432725,0.14969999998811545,0.16600000000005366,0.18339999997624545,0.20329999995237813,0.2165999999642736,0.23309999996433817,0.24950000000001182,0.27129999995236176,0.28329999995230537,0.29979999995236994,0.31629999995232083,0.33350000000007185,0.35459999996430724,0.3681999999881782,0.3855999999642563,0.3992999999524045,0.4185999999642718,0.4326999999881309,0.45389999997621544,0.4685999999642263,0.48700000000008004,0.49959999996428905,0.5155999999642518,0.5351999999880945,0.5490999999642554,0.5690000000000737,0.5825000000000955,0.6040999999643191,0.6160000000000991,0.6352999999523945,0.6520999999643209,0.6658999999762045,0.685299999952349,0.70279999995239,0.715899999976159,0.73519999998814,0.7490999999643009,0.7661999999880891,0.7825000000000273,0.80239999997616,0.8158999999761818,0.832599999964259,0.8487999999523481,0.8702999999524081,0.8831999999881646,0.9026999999881582,0.9166999999881682,0.9355000000000473,0.949299999952359,0.965899999976159,0.9825999999642363,0.99919999998815,1.0202999999523854,1.0363999999761973,1.0521999999881473,1.0658999999761818,1.0851999999881627,1.0991999999881727,1.1200000000000045,1.13459999996428,1.1497999999523927,1.1657999999523554,1.1876999999881264,1.2000999999643227,1.2190999999643282,1.2332999999523508,1.2528999999761936,1.2657999999523781,1.2825000000000273,1.3000000000000682,1.3196999999880745,1.3328999999762345,1.3491999999881727,1.3656999999881236,1.3855999999642563,1.3991999999881273,1.4184999999999945,1.4333999999762455,1.4508999999761727,1.4662999999524118,1.4870999999642436,1.4995000000000118,1.5185999999642945,1.5400000000000773,1.5585000000000946,1.5682999999523872,1.5857999999523145,1.6015999999642645,1.61589999997625,1.6352999999523945,1.649499999999989,1.66619999998818,1.6823999999761554,1.6998999999761963]",0.016648039,0.002760922,103.0,left,1.0,,,,,,2.0,0.0,4.0,0.5,-0.398006442,-1.0,2.439994869,0.985987839,56.0,0.002617994,0.391878159,0.037400891,0.06461151,0.256914973,6.0,0.956863109,-0.94177354,9.0,0.01134464,0.355140301,0.038458273,0.073668072,0.274720221,7.0,1.531642412,-0.078227822,48.0,-0.013089969,0.387063294,0.032293316,0.069877675,0.198684878,5.0,0.186275662,-0.363992921,50.0,-0.003490659,0.388365859,0.031859869,0.061653869,0.235670302,6.0,0.0,0.0,0.0,0.0,0.0,0.0,0.0,0.0,0.0,0.0,0.0,0.0,0.0,0.0,0.0,0.0,0.0,0.0,0.0,0.0,0.0,0.0,0.0,0.0,0.0,0.0,0.0,0.0,0.0,0.0,0.0,0.0,0.0,0.0,0.0,0.0,0.0,0.0,0.0,0.0,0.0,0.0,0.0,0.0,0.0,0.0,0.0,0.0,0.0,0.0,0.0,0.0,0.0,0.0,0.0,0.0,0.0,0.0,0.0,0.0,0.0,0.0,0.0,0.0,0.0,0.0,0.0,0.0,0.0,0.0,0.0,0.0,,,,,,,0.7671,,0.0,4.0,4.0,4.0,1.0,,,,,,,,,,,,,,,,,,,,,,,,,,,,0
S070,2,2024-11-21_13h14.36.924,MotivatedInference,2024.1.5,Win32,60.24096386,668be8e87e83611e680fb3ab,{{%SESSION_ID%},Chrome,,,,,,,,,,,,,,,,,,,,,,,,,,,,,,0.0,,,,,,,,5.0,,,,,,,,,conditions/conds_128.csv,0.0,0.0,,,,,,,,,730.1071,733.2078,"[0.0026999999881809345,0.01819999998815547,0.03269999998815365,0.04659999996431452,0.06600000000003092,0.08400000000006003,0.09719999998810636,0.1132999999523463,0.13279999995233993,0.14650000000006003,0.1632999999524145,0.17969999998808817,0.19650000000001455,0.2171999999881109,0.2348999999761645,0.24679999995237267,0.26300000000003365,0.27979999995238813,0.29700000000002547,0.3178999999762482,0.33029999995233084,0.35059999996428814,0.36769999998819003,0.38000000000010914,0.39939999997625364,0.4163999999761927,0.4297999999523654,0.4495000000000573,0.46389999997620635,0.4825999999642363,0.49729999995236085,0.5160000000000764,0.5335000000000036,0.5472999999523154,0.5671999999881336,0.58039999997618,0.6013999999762518,0.6130000000000564,0.63250000000005,0.6490999999642781,0.6630999999642881,0.6798999999762145,0.7018999999762627,0.7171999999881109,0.7298999999761691,0.7503999999762527,0.76400000000001,0.7832999999524191,0.8016999999881591,0.8140000000000782,0.832599999964259,0.8472999999523836,0.8660999999642627,0.8801999999881218,0.8993999999762536,0.9134999999999991,0.9353999999761982,0.9465999999642918,0.96289999997623,0.97950000000003,1.000899999976241,1.01400000000001,1.0345000000000937,1.0470999999643027,1.066000000000031,1.0798999999761918,1.096599999964269,1.1168999999762264,1.1297999999524109,1.1465999999643373,1.1631999999881373,1.1843999999762218,1.197199999988129,1.2161999999881346,1.2305999999642836,1.2503999999762527,1.2638999999761609,1.2800000000000864,1.301699999988159,1.3131999999881145,1.332599999964259,1.3491999999881727,1.3630999999643336,1.38250000000005,1.3995000000001028,1.4130999999642881,1.4325000000000045,1.447199999988129,1.465899999976159,1.4806999999881327,1.499599999964289,1.51319999998816,1.5325999999643045,1.5472999999523154,1.5631999999881145,1.5805999999643063,1.5991999999881727,1.61769999998819,1.633299999952328,1.646399999976211,1.6678999999761572,1.6806999999881782,1.6991999999880818,1.7130999999642427,1.729899999976169,1.751699999988091,1.7638999999761609,1.7838999999762564,1.7970999999643027,1.8161999999881573,1.8297999999523427,1.850199999988149,1.8671999999880882,1.8805999999642609,1.8995000000001028,1.9138999999762518,1.9335999999642581,1.9473999999762555,1.96650000000011,1.9805999999642836,1.9965000000000828,2.0128999999761845,2.0340000000001055,2.050199999988081,2.0628999999762527,2.0797999999523427,2.1016999999881136,2.116000000000099,2.12989999997626,2.146399999976211,2.1658999999762045,2.1797999999523654,2.1965000000000146,2.2140999999643327,2.233099999964338,2.2465000000000828,2.2640999999642872,2.2847999999523836,2.2972999999523154,2.3182999999523872,2.3301999999881673,2.3507999999524145,2.3632999999523463,2.3847999999524063,2.3966999999881864,2.41619999998818,2.432699999988131,2.447199999988129,2.466000000000008,2.4805999999642836,2.50129999995238,2.5137999999524254,2.529699999988111,2.5465000000000373,2.564000000000078,2.58429999995235,2.596599999964269,2.615799999952401,2.62989999997626,2.6462999999523618,2.6632999999524145,2.680500000000052,2.7012999999524254,2.713299999952369,2.7341999999881637,2.7471999999880836,2.7667999999523545,2.783399999976268,2.796399999976188,2.81379999995238,2.8332999999523736,2.8463999999762564,2.8672999999523654,2.87989999997626,2.8991999999881273,2.913099999964288,2.9298999999762145,2.9507999999523236,2.9638999999762063,2.9826999999880854,2.9971999999880836,3.01609999996424,3.0303999999762254,3.051199999988171,3.068099999964261,3.080099999964318,3.100599999964288]",0.016655376,0.002970645,187.0,right,1.0,,,,,,1.0,0.0,8.0,0.5,4.520220834,-1.0,2.979862265,0.317849763,36.0,0.002617994,0.379263044,0.03913601,0.077664539,0.168574417,3.0,2.672936462,0.805970062,70.0,0.007853982,0.401012824,0.032375196,0.060909739,0.168550131,4.0,3.075905189,0.130997348,96.0,0.002617994,0.429744758,0.028375272,0.064697354,0.217313714,7.0,2.595958358,0.887212906,47.0,-0.003490659,0.386485672,0.032547094,0.064121381,0.201087455,6.0,1.908634547,0.625425276,42.0,0.010471976,0.383208229,0.034272345,0.075051408,0.167478928,5.0,2.308964545,0.995541981,59.0,0.006981317,0.393731017,0.031135395,0.06163787,0.205460115,5.0,2.164766972,0.92760186,40.0,0.001745329,0.381763748,0.031902579,0.075140032,0.211660484,6.0,1.485189511,-0.170378361,12.0,0.006981317,0.359228273,0.039160557,0.080955667,0.284615847,7.0,0.0,0.0,0.0,0.0,0.0,0.0,0.0,0.0,0.0,0.0,0.0,0.0,0.0,0.0,0.0,0.0,0.0,0.0,0.0,0.0,0.0,0.0,0.0,0.0,0.0,0.0,0.0,0.0,0.0,0.0,0.0,0.0,0.0,0.0,0.0,0.0,,,,,,,0.601,,0.0,5.0,5.0,5.0,1.0,,,,,,,,,,,,,,,,,,,,,,,,,,,,0
S070,2,2024-11-21_13h14.36.924,MotivatedInference,2024.1.5,Win32,60.24096386,668be8e87e83611e680fb3ab,{{%SESSION_ID%},Chrome,,,,,,,,,,,,,,,,,,,,,,,,,,,,,,-1.0,,,,,,,,1.0,,,,,,,,,conditions/conds_128.csv,0.0,0.0,,,,,,,,,736.2569,737.9749,"[0.0016000000238136636,0.016100000023811845,0.029900000035695484,0.046600000023772736,0.06399999999996453,0.08399999999994634,0.09730000001195549,0.11320000004764097,0.12999999999999545,0.14930000001186272,0.16710000002376546,0.18020000004764825,0.19930000001193093,0.21330000001194094,0.23190000003569367,0.24649999999996908,0.2663000000119382,0.2799999999999727,0.29660000002377274,0.31640000003574187,0.3308000000118909,0.34960000002377,0.3669999999999618,0.37999999999999545,0.3994999999999891,0.4132000000477092,0.42990000003578643,0.4467000000477128,0.4631000000238146,0.48410000002377274,0.5002000000476983,0.5169999999999391,0.530200000047671,0.5473000000118873,0.5696000000237973,0.5803000000119027,0.6016000000238364,0.6134999999999309,0.6343000000118764,0.646900000035771,0.6679000000357291,0.6828000000118664,0.6967000000477128,0.71630000001187,0.7306000000238555,0.749600000023861,0.7641000000238591,0.7836000000238528,0.798100000023851,0.8134999999999764,0.8339999999999463,0.846600000023841,0.86749999999995,0.8804000000357064,0.8997000000476874,0.9132000000477092,0.9307000000476364,0.9510000000000218,0.9639999999999418,0.9846000000238746,1.0009000000356991,1.0141000000238591,1.0299000000356955,1.0464999999999236,1.0676000000238446,1.0802000000476255,1.1008000000118727,1.1137000000476291,1.1348000000118645,1.1472000000476328,1.167400000035741,1.1834000000357037,1.1966000000238637,1.2162000000477065,1.2308000000118682,1.2509000000356991,1.26400000000001,1.2825000000000273,1.2974000000357364,1.31330000001185,1.3299000000357637,1.3482000000476546,1.3666000000238228,1.3799000000357182,1.401600000023791,1.4136000000238482,1.4343000000119446,1.4471000000238519,1.4631000000238146,1.4855000000000018,1.5,1.5133000000118955,1.53449999999998,1.5473000000118873,1.566500000000019,1.5799000000357637,1.5968000000118536,1.613200000047641,1.630700000047682,1.6504999999999654,1.663800000011861,1.6843000000119446,1.6968000000118764,1.7178000000119482]",0.016662136,0.00307104,104.0,right,1.0,,,,,,1.0,0.0,4.0,0.5,2.636990621,-1.0,1.623144582,0.104505345,17.0,-0.004363323,0.364429878,0.03744875,0.082879054,0.20378895,5.0,2.290636296,0.991416554,91.0,0.001745329,0.420659204,0.046109782,0.086244352,0.261967492,5.0,1.919281791,0.641897973,65.0,0.000872665,0.397557211,0.028332609,0.059251996,0.151978572,5.0,2.582657253,0.899170748,48.0,-0.013089969,0.387063294,0.032293316,0.069877675,0.198684878,5.0,0.0,0.0,0.0,0.0,0.0,0.0,0.0,0.0,0.0,0.0,0.0,0.0,0.0,0.0,0.0,0.0,0.0,0.0,0.0,0.0,0.0,0.0,0.0,0.0,0.0,0.0,0.0,0.0,0.0,0.0,0.0,0.0,0.0,0.0,0.0,0.0,0.0,0.0,0.0,0.0,0.0,0.0,0.0,0.0,0.0,0.0,0.0,0.0,0.0,0.0,0.0,0.0,0.0,0.0,0.0,0.0,0.0,0.0,0.0,0.0,0.0,0.0,0.0,0.0,0.0,0.0,0.0,0.0,0.0,0.0,0.0,0.0,,,,,,,0.8467,,0.0,6.0,6.0,6.0,1.0,,,,,,,,,,,,,,,,,,,,,,,,,,,,0
S070,2,2024-11-21_13h14.36.924,MotivatedInference,2024.1.5,Win32,60.24096386,668be8e87e83611e680fb3ab,{{%SESSION_ID%},Chrome,,,,,,,,,,,,,,,,,,,,,,,,,,,,,,-1.0,,,,,,,,2.0,,,,,,,,,conditions/conds_128.csv,0.0,0.0,,,,,,,,,739.8384,741.5704,"[0.0017000000476627974,0.016100000023811845,0.03170000004763551,0.049300000011839984,0.06549999999992906,0.08140000003572823,0.09830000001193184,0.11580000001185908,0.1321000000237973,0.14850000000001273,0.1658000000119273,0.18190000003573914,0.19840000003569003,0.21510000002376728,0.23270000004765734,0.24920000004760823,0.2651000000238355,0.2817000000476355,0.2991000000238273,0.31549999999992906,0.3317000000477037,0.34910000002378183,0.36549999999999727,0.38170000004765825,0.3984000000357355,0.41510000002381275,0.43180000001189,0.44840000003569,0.46560000002386914,0.48180000001184453,0.49840000003575824,0.5151000000238355,0.5317000000476355,0.5484000000357128,0.56510000002379,0.5818000000118673,0.5986000000237937,0.6151000000238582,0.6316000000238091,0.6484000000357355,0.6651000000238128,0.6816000000237636,0.69840000003569,0.7151000000237673,0.7331000000237964,0.7509999999999764,0.7667000000476492,0.7818000000119127,0.799900000035791,0.8154999999999291,0.8321000000238428,0.8491000000237818,0.8657000000476955,0.8819999999999482,0.898700000047711,0.9149999999999636,0.9317000000476128,0.9483000000118409,0.9649000000357546,0.9819999999999709,0.9988000000118973,1.0154000000356973,1.0319000000357619,1.0489999999999782,1.0656000000237782,1.0823000000118554,1.099200000047631,1.115800000011859,1.1318000000119355,1.1483000000118864,1.1649999999999636,1.1817000000476128,1.19840000003569,1.2151000000237673,1.2316000000238319,1.2484000000357582,1.2671000000237882,1.28240000003575,1.3014000000357555,1.31510000002379,1.3317000000477037,1.3483000000119318,1.365000000000009,1.3817000000476582,1.3985000000000127,1.4149999999999636,1.4317000000476128,1.4492000000476537,1.4658000000118818,1.4816000000238319,1.4984000000357582,1.5149999999999864,1.5317000000476355,1.5484000000357128,1.5649999999999409,1.5816000000238546,1.5991000000237818,1.615300000011871,1.6317000000476582,1.6485000000000127,1.66570000004765,1.68180000001189,1.698300000011841,1.7147000000476282,1.731700000047681]",0.016634615,0.000681171,105.0,right,1.0,,,,,,1.0,0.0,4.0,0.5,-0.081331991,-1.0,2.804830469,0.623744602,33.0,-0.006108652,0.377230834,0.032847101,0.067598606,0.249691544,6.0,1.912086541,0.630797398,41.0,0.013089969,0.382506884,0.032100804,0.075836611,0.218324429,6.0,1.284647173,-0.541565569,29.0,-0.000872665,0.374372435,0.035828607,0.080766738,0.158410304,4.0,1.111862147,-0.794308422,42.0,0.010471976,0.383208229,0.034272345,0.075051408,0.167478928,5.0,0.0,0.0,0.0,0.0,0.0,0.0,0.0,0.0,0.0,0.0,0.0,0.0,0.0,0.0,0.0,0.0,0.0,0.0,0.0,0.0,0.0,0.0,0.0,0.0,0.0,0.0,0.0,0.0,0.0,0.0,0.0,0.0,0.0,0.0,0.0,0.0,0.0,0.0,0.0,0.0,0.0,0.0,0.0,0.0,0.0,0.0,0.0,0.0,0.0,0.0,0.0,0.0,0.0,0.0,0.0,0.0,0.0,0.0,0.0,0.0,0.0,0.0,0.0,0.0,0.0,0.0,0.0,0.0,0.0,0.0,0.0,0.0,,,,,,,0.7838,,0.0,7.0,7.0,7.0,1.0,,,,,,,,,,,,,,,,,,,,,,,,,,,,0
S070,2,2024-11-21_13h14.36.924,MotivatedInference,2024.1.5,Win32,60.24096386,668be8e87e83611e680fb3ab,{{%SESSION_ID%},Chrome,,,,,,,,,,,,,,,,,,,,,,,,,,,,,,-1.0,,,,,,,,6.0,,,,,,,,,conditions/conds_128.csv,0.0,0.0,,,,,,,,,743.3538,746.4564,"[0.003199999988169111,0.01630000001193821,0.03289999997616633,0.04959999996424358,0.0668000000119946,0.08330000001194549,0.0998999999761736,0.11619999998811181,0.13289999997618906,0.15039999997623,0.16659999996431907,0.1826999999881309,0.19959999996422084,0.21630000001198368,0.23300000000006094,0.24950000000001182,0.2661999999880891,0.2828999999761663,0.30030000001193,0.3170999999642845,0.3330000000000837,0.35000000000002274,0.36659999996425086,0.38289999997618906,0.40059999996424267,0.41650000000004184,0.43280000001198005,0.44959999996422084,0.46699999999998454,0.48330000001192275,0.49959999996428905,0.5170000000000528,0.5338000000119791,0.5503999999762073,0.5661999999881573,0.5828999999762345,0.5995999999643118,0.6161999999881118,0.6335999999643036,0.6498000000119646,0.6660000000000537,0.6828999999761436,0.6995000000000573,0.7163000000119837,0.7328999999762118,0.7504999999999882,0.7665999999642281,0.7828999999761663,0.79950000000008,0.8170000000000073,0.8336999999880845,0.8495999999643118,0.8661999999881118,0.8836999999881527,0.900000000000091,0.9165000000000418,0.93309999996427,0.9503000000119073,0.9665999999642736,0.9828999999762118,0.999599999964289,1.016199999988089,1.0328999999761663,1.0500999999642318,1.0663000000120064,1.0828000000119573,1.0995999999643118,1.1161999999881118,1.132899999976189,1.149499999999989,1.1661999999880663,1.18280000001198,1.2000000000000455,1.2164999999999964,1.2333000000119227,1.25,1.2663000000119382,1.2828999999761663,1.29950000000008,1.3161999999881573,1.3328000000119573,1.3495999999643118,1.366300000011961,1.382899999976189,1.3995999999642663,1.4163000000119155,1.4328999999761436,1.4505000000000337,1.4661999999881346,1.4828000000119346,1.499599999964289,1.516199999988089,1.5328999999761663,1.5498000000119418,1.5661999999881573,1.5828999999762345,1.5995000000000346,1.616300000011961,1.6330000000000382,1.649499999999989,1.6661999999880663,1.6828999999761436,1.6995999999642208,1.7160999999642854,1.733000000000061,1.749599999964289,1.766199999988089,1.7828000000120028,1.79950000000008,1.8161999999881573,1.8328999999762345,1.8495999999643118,1.8658000000119728,1.8825999999643273,1.8995999999642663,1.9161999999880663,1.9328999999761436,1.9503000000119073,1.96939999997619,1.983000000000061,1.9995000000000118,2.016199999988089,2.0328999999761663,2.0495999999642436,2.0663000000120064,2.0828999999762345,2.099599999964312,2.1168999999762264,2.1331999999881646,2.149499999999989,2.166099999964331,2.1828999999761436,2.1995000000000573,2.2161999999881346,2.2328000000119346,2.249500000000012,2.266300000011938,2.282800000012003,2.29950000000008,2.3163000000120064,2.3328999999762345,2.349699999988161,2.366199999988112,2.382899999976189,2.3996999999881155,2.4161999999880663,2.4329999999999927,2.450199999988172,2.4658000000119955,2.482899999976212,2.499500000000012,2.516300000011938,2.5330000000000155,2.54950000000008,2.5661999999881573,2.5828000000119573,2.59980000001201,2.6170000000000755,2.632899999976189,2.649499999999989,2.666699999988168,2.685800000011909,2.700199999988172,2.7161999999881346,2.7328000000119346,2.749899999976151,2.7665000000000646,2.782800000012003,2.79950000000008,2.8161999999881573,2.8328999999762345,2.849599999964312,2.866300000011961,2.882800000011912,2.899499999999989,2.9161999999880663,2.93280000001198,2.949599999964221,2.9669999999999845,2.9828000000119346,2.999500000000012,3.016199999988089,3.0328999999761663,3.04950000000008,3.0661999999881573,3.0830000000000837,3.102399999976228]",0.016662366,0.000608438,187.0,right,0.0,,,,,,1.0,0.0,8.0,0.5,1.898992668,1.0,1.280012727,-0.549334167,51.0,-0.000872665,0.388957543,0.039197552,0.074659583,0.215725836,5.0,1.946847827,0.683175994,91.0,0.001745329,0.420659204,0.046109782,0.086244352,0.261967492,5.0,1.903775001,0.617812204,20.0,0.004363323,0.367239871,0.029881231,0.073743484,0.121468441,4.0,2.427770373,0.989771271,50.0,-0.003490659,0.388365859,0.031859869,0.061653869,0.235670302,6.0,1.558676761,-0.024236758,46.0,-8.92894e-14,0.385892478,0.022689461,0.062794509,0.135276835,6.0,0.773002237,-0.999692698,21.0,-0.010471976,0.368150016,0.035450396,0.075174448,0.223969416,6.0,3.05033846,0.181496868,61.0,-0.004363323,0.394911895,0.035957651,0.088187679,0.159307843,4.0,2.356345404,0.999999954,57.0,0.007853982,0.392441245,0.040602447,0.07130778,0.218867016,4.0,0.0,0.0,0.0,0.0,0.0,0.0,0.0,0.0,0.0,0.0,0.0,0.0,0.0,0.0,0.0,0.0,0.0,0.0,0.0,0.0,0.0,0.0,0.0,0.0,0.0,0.0,0.0,0.0,0.0,0.0,0.0,0.0,0.0,0.0,0.0,0.0,,,,,,,0.9394,,0.0,8.0,8.0,8.0,1.0,,,,,,,,,,,,,,,,,,,,,,,,,,,,0
S070,2,2024-11-21_13h14.36.924,MotivatedInference,2024.1.5,Win32,60.24096386,668be8e87e83611e680fb3ab,{{%SESSION_ID%},Chrome,,,,,,,,,,,,,,,,,,,,,,,,,,,,,,-1.0,,,,,,,,9.0,,,,,,,,,conditions/conds_128.csv,0.0,0.0,,,,,,,,,748.3912,752.8709,"[0.004800000011982775,0.015900000035799167,0.02860000002385732,0.048199999988128184,0.06290000003582463,0.08199999999999363,0.09569999998814183,0.11700000000007549,0.12850000000003092,0.14540000003580644,0.1621000000238837,0.1831999999881191,0.1961000000238755,0.21440000003576642,0.22869999998806634,0.24549999999999272,0.26300000000003365,0.2821999999880518,0.29610000002389825,0.31500000000005457,0.3288000000119382,0.34890000003576915,0.36599999999998545,0.3786999999881573,0.3981000000238737,0.4123000000118964,0.4286999999881118,0.4455000000000382,0.46280000001195276,0.4835000000000491,0.4958000000119682,0.5161000000238118,0.5318000000119127,0.5454000000357837,0.5661000000238801,0.5791000000239137,0.5998000000118964,0.6121000000238155,0.6315000000000737,0.6454000000358064,0.6621000000238837,0.6834000000358174,0.6991000000239183,0.7121000000238382,0.7288000000119155,0.7454999999999927,0.7665000000000646,0.7791999999881227,0.7993000000119537,0.8125,0.8316000000238546,0.8454000000357382,0.8648000000119964,0.8786999999881573,0.8954000000358064,0.9120000000000346,0.9295000000000755,0.9491999999880818,0.9666000000238455,0.97950000000003,0.99530000001198,1.0120000000000573,1.0289999999999964,1.0484000000358265,1.0620000000000118,1.078699999988089,1.1009000000358355,1.112400000035791,1.1291999999881455,1.148300000012,1.1620000000000346,1.178400000035822,1.1991999999880818,1.212900000035802,1.2321999999880973,1.2461999999881073,1.2649000000358228,1.2796000000238337,1.2991999999881045,1.3129000000358246,1.33219999998812,1.3454000000357382,1.36280000001193,1.3824000000357728,1.4001000000238264,1.4159000000357764,1.4286999999881118,1.4456000000238873,1.4626000000238264,1.48210000002382,1.4984000000357582,1.5121000000239064,1.5285000000000082,1.5483000000119773,1.5620000000000118,1.5788000000119382,1.5983000000119318,1.6119999999999663,1.6296000000238564,1.650400000035802,1.6621000000238837,1.681400000035751,1.6961000000238755,1.7146999999880563,1.7318000000119582,1.74530000001198,1.7646000000238473,1.779699999988111,1.8001000000239173,1.8123000000119873,1.8316000000238546,1.8451000000238764,1.865000000000009,1.8786999999881573,1.8953000000119573,1.916600000023891,1.9321999999881427,1.945400000035761,1.9649000000357546,1.9789000000357646,1.9999000000358365,2.0121000000239064,2.0286999999881346,2.045500000000061,2.0629000000358246,2.082600000023831,2.0955000000000155,2.1119999999999663,2.12860000002388,2.14910000002385,2.1621999999880472,2.182300000011992,2.1961999999881527,2.2141000000239046,2.2288000000119155,2.2454999999999927,2.2656000000238237,2.2786999999881346,2.2984000000358265,2.3154000000357655,2.3315000000000055,2.3454000000357382,2.3656999999881236,2.3788000000118927,2.3979000000357473,2.4149000000358,2.428800000011961,2.448100000023828,2.462900000035802,2.4821999999880973,2.4963000000119564,2.5156000000238237,2.528900000035833,2.5491999999881045,2.5619000000357346,2.581400000035842,2.5954000000357382,2.6121000000238155,2.6316999999880863,2.6454000000358064,2.6620000000000346,2.67890000003581,2.700199999988058,2.7128000000119528,2.731699999988109,2.7484000000357582,2.764499999999998,2.7786999999881346,2.7954000000357837,2.8126999999881264,2.8333000000119455,2.845800000011991,2.86460000002387,2.8815000000000737,2.8954000000358064,2.914800000011951,2.928699999988112,2.9488000000119428,2.9626000000238264,2.9819000000358074,2.995400000035829,3.0120000000000573,3.0296000000238337,3.048199999988128,3.062000000000012,3.078699999988089,3.098699999988071,3.1119999999999663,3.1314000000357964,3.1454000000358064,3.1629000000357337,3.1798000000119373,3.2001000000238946,3.2156999999881464,3.2286999999880663,3.2484000000357582,3.2621000000239064,3.2788000000119837,3.2984000000358265,3.3128000000119755,3.3319999999999936,3.345300000011889,3.3619999999999663,3.3788000000118927,3.398199999988151,3.4120000000000346,3.4348000000119328,3.449300000011931,3.461999999999989,3.481600000023832,3.4961999999881073,3.514499999999998,3.528400000035731,3.548199999988128,3.562100000023861,3.578600000023812,3.5954000000357382,3.6119999999999663,3.6286999999881573,3.6481000000238737,3.6620000000000346,3.678699999988112,3.69969999998807,3.7158000000119955,3.7286999999880663,3.748300000011909,3.762699999988058,3.7831000000238646,3.798999999999978,3.811800000011999,3.8329000000358064,3.845699999988142,3.867100000023811,3.8795000000000073,3.8988000000119882,3.9120000000000346,3.9333000000119682,3.9461000000238755,3.965000000000032,3.97950000000003,3.995199999988131,4.012900000035756,4.032699999988154,4.045400000035784,4.065000000000055,4.0794000000357755,4.098300000011932,4.112500000000068,4.1336000000238755,4.149499999999989,4.162300000011896,4.182400000035841,4.196199999988153,4.215400000035743,4.229000000000042,4.248400000035758,4.262600000023895,4.283800000011979,4.295800000011923,4.314800000011928,4.328699999988089,4.345300000011889,4.361999999999966,4.379500000000007,4.396400000035783,4.416800000011904,4.429600000023811,4.445300000011912,4.461999999999989,4.47950000000003]",0.016634572,0.002804145,270.0,right,0.0,,,,,,1.0,0.0,12.0,0.5,0.682470642,1.0,1.11569698,-0.789625672,22.0,-0.006108652,0.369173441,0.034771665,0.081264392,0.215269419,6.0,1.124576875,-0.77860451,89.0,0.014835299,0.418022232,0.039220845,0.067729576,0.134251055,3.0,1.715887121,0.286126226,16.0,0.017453293,0.363466057,0.031192723,0.069909496,0.180964939,5.0,3.064336852,0.15389754,82.0,0.004363323,0.410673221,0.022643594,0.062174001,0.106425045,4.0,1.686092758,0.228554733,84.0,-0.002617994,0.412727296,0.032139903,0.078825818,0.191863964,5.0,2.419722931,0.991939127,81.0,-0.006981317,0.409724184,0.034267936,0.062711279,0.215248408,5.0,1.528524522,-0.084442931,98.0,-0.003490659,0.436582054,0.033239272,0.083554428,0.196244723,5.0,2.720387403,0.746249875,14.0,-0.004363323,0.361562951,0.033827978,0.08680928,0.200727788,5.0,0.507762529,-0.849757466,13.0,0.012217305,0.36034398,0.040523863,0.087309629,0.214125832,4.0,2.284850301,0.989837274,95.0,-0.003490659,0.427246221,0.028411926,0.064304978,0.203029515,6.0,3.03006893,0.221202602,38.0,-0.004363323,0.380540373,0.035789754,0.080850361,0.267900983,7.0,0.223857099,-0.432906155,48.0,-0.013089969,0.387063294,0.032293316,0.069877675,0.198684878,5.0,,,,,,,0.7176,,0.0,9.0,9.0,9.0,1.0,,,,,,,,,,,,,,,,,,,,,,,,,,,,0
S070,2,2024-11-21_13h14.36.924,MotivatedInference,2024.1.5,Win32,60.24096386,668be8e87e83611e680fb3ab,{{%SESSION_ID%},Chrome,,,,,,,,,,,,,,,,,,,,,,,,,,,,,,-1.0,,,,,,,,3.0,,,,,,,,,conditions/conds_128.csv,0.0,0.0,,,,,,,,,754.5877,756.2729,"[0.0019000000357891622,0.018600000023866414,0.032199999988051786,0.048800000011965494,0.06610000002388006,0.08600000000001273,0.09869999998807089,0.11540000003572004,0.1364000000357919,0.1490000000000009,0.1681000000238555,0.18230000001187818,0.20160000002385914,0.2206000000238646,0.23219999998809726,0.25149999999996453,0.2665000000000646,0.28700000000003456,0.29919999998810454,0.3205000000000382,0.3356000000238737,0.3516000000238364,0.36830000001191365,0.3853000000119664,0.3986999999881391,0.41540000003578825,0.4371999999881382,0.4495000000000573,0.46560000002386914,0.48219999998809726,0.5031999999880554,0.5154999999999745,0.5349000000358046,0.5531000000238464,0.5691000000238091,0.5821000000238428,0.59880000001192,0.6198000000118782,0.6321999999880745,0.6518000000119173,0.6659000000357764,0.6820000000000164,0.7031999999881009,0.71990000003575,0.7328000000119346,0.7514999999999645,0.7654999999999745,0.7821000000238882,0.7986999999881164,0.8198000000119237,0.83299999999997,0.8516000000238364,0.86540000003572,0.8821999999880745,0.9036000000238573,0.9161999999880663,0.9356000000238964,0.9510000000000218,0.96550000000002,0.9819000000358074,0.9996999999881382,1.0161000000238118,1.0351000000238173,1.0489999999999782,1.0701999999880627,1.082600000023831,1.1034000000357764,1.1154999999999973,1.1320000000000618,1.1518000000119173,1.1654999999999518,1.1871999999881382,1.1996000000239064,1.2181999999880873,1.2331000000237964,1.2526999999880672,1.2661000000238118,1.282000000000039,1.2988000000119655,1.3203000000119118,1.3324999999999818,1.3516000000238364,1.368900000035751,1.3826999999880627,1.3988000000118745,1.4154999999999518,1.4361999999880481,1.4531000000238237,1.4656000000238691,1.4850000000000136,1.4988000000118973,1.5198000000119691,1.532800000011889,1.5526000000238582,1.5694000000357846,1.5849000000357591,1.5986999999880709,1.6154999999999973,1.6356000000238282,1.6526999999880445,1.6656999999880782,1.6850000000000591]",0.016664356,0.002942908,102.0,left,1.0,,,,,,2.0,0.0,4.0,0.5,-0.398006442,-1.0,2.439994869,0.985987839,56.0,0.002617994,0.391878159,0.037400891,0.06461151,0.256914973,6.0,0.956863109,-0.94177354,9.0,0.01134464,0.355140301,0.038458273,0.073668072,0.274720221,7.0,1.531642412,-0.078227822,48.0,-0.013089969,0.387063294,0.032293316,0.069877675,0.198684878,5.0,0.186275662,-0.363992921,50.0,-0.003490659,0.388365859,0.031859869,0.061653869,0.235670302,6.0,0.0,0.0,0.0,0.0,0.0,0.0,0.0,0.0,0.0,0.0,0.0,0.0,0.0,0.0,0.0,0.0,0.0,0.0,0.0,0.0,0.0,0.0,0.0,0.0,0.0,0.0,0.0,0.0,0.0,0.0,0.0,0.0,0.0,0.0,0.0,0.0,0.0,0.0,0.0,0.0,0.0,0.0,0.0,0.0,0.0,0.0,0.0,0.0,0.0,0.0,0.0,0.0,0.0,0.0,0.0,0.0,0.0,0.0,0.0,0.0,0.0,0.0,0.0,0.0,0.0,0.0,0.0,0.0,0.0,0.0,0.0,0.0,,,,,,,0.8429,,0.0,10.0,10.0,10.0,1.0,,,,,,,,,,,,,,,,,,,,,,,,,,,,0
S070,2,2024-11-21_13h14.36.924,MotivatedInference,2024.1.5,Win32,60.24096386,668be8e87e83611e680fb3ab,{{%SESSION_ID%},Chrome,,,,,,,,,,,,,,,,,,,,,,,,,,,,,,-1.0,,,,,,,,8.0,,,,,,,,,conditions/conds_128.csv,0.0,0.0,,,,,,,,,758.1368,761.2377,"[0.003199999988055424,0.017099999964216295,0.03289999997616633,0.04959999996424358,0.06689999997615814,0.08299999999996999,0.09969999998804724,0.11630000001196095,0.13280000001191183,0.14969999998811545,0.16630000001191547,0.18299999999999272,0.19959999996422084,0.21630000001198368,0.2328999999762118,0.24959999996428905,0.2663000000119382,0.28300000000001546,0.2995999999642436,0.31630000001189273,0.33299999999997,0.3495999999643118,0.36630000001196095,0.38339999997617724,0.39969999998811545,0.41650000000004184,0.4333000000119682,0.44959999996422084,0.4663000000119837,0.48269999998808544,0.49959999996428905,0.5163000000119382,0.5330000000000155,0.5495999999642436,0.5663000000118927,0.58299999999997,0.5995000000000346,0.616300000011961,0.6330000000000382,0.6495999999642663,0.6663999999761927,0.6833999999761318,0.69969999998807,0.7163000000119837,0.7328999999762118,0.749599999964289,0.7661999999880891,0.7828999999761663,0.8000000000000682,0.8168000000119946,0.83299999999997,0.8495000000000346,0.8663999999761245,0.8830000000000382,0.8995999999642663,0.9163000000119155,0.9329999999999927,0.9495999999642208,0.9663999999761472,0.9830000000000609,0.999599999964289,1.0163000000119382,1.0338999999761427,1.0496999999880927,1.0663000000118927,1.08299999999997,1.0995999999643118,1.1168999999762264,1.1330000000000382,1.1495999999642663,1.1661999999880663,1.182699999988131,1.19969999998807,1.2169999999999845,1.2328999999762118,1.249599999964289,1.2663000000119382,1.2830000000000155,1.2995999999642436,1.3168000000119946,1.3328999999762345,1.3495999999643118,1.366300000011961,1.3830999999643154,1.3996999999881155,1.4163000000119155,1.4329999999999927,1.4495999999642208,1.4663999999761472,1.4831999999880736,1.499599999964289,1.516199999988089,1.5330000000000155,1.5495999999642436,1.56639999997617,1.5828999999762345,1.5995999999643118,1.616300000011961,1.632899999976189,1.6495999999642663,1.6663000000119155,1.6838000000119564,1.69969999998807,1.7163000000119837,1.7328999999762118,1.7496999999881382,1.7663000000119382,1.7828999999761663,1.7995999999642436,1.81639999997617,1.8333000000119455,1.8495999999643118,1.866300000011961,1.8828000000119118,1.8995999999642663,1.9163999999761927,1.9329999999999927,1.9495999999642208,1.9661999999881346,1.983000000000061,1.999599999964289,2.016300000011938,2.0328999999761663,2.0495999999642436,2.0663000000118927,2.083099999964247,2.099599999964312,2.116199999988112,2.133000000000038,2.1501999999881036,2.166500000000042,2.1829999999999927,2.199599999964221,2.2169999999999845,2.2333999999762,2.249699999988138,2.266300000011938,2.2830000000000155,2.2995999999642436,2.3161999999881573,2.33299999999997,2.3496999999880472,2.366300000011961,2.383000000000038,2.3995999999642663,2.4161999999880663,2.4338000000119564,2.449599999964221,2.4661999999881346,2.483000000000061,2.5,2.516300000011938,2.5328999999761663,2.5495999999642436,2.5661999999881573,2.5828999999762345,2.599599999964312,2.616300000011961,2.632899999976189,2.649499999999989,2.6661999999880663,2.6836999999881073,2.7005000000000337,2.7161999999881346,2.732899999976212,2.7493999999761627,2.766199999988089,2.7830000000000155,2.7996999999880927,2.8171999999881336,2.8331999999880964,2.849599999964312,2.8660999999642627,2.883000000000038,2.899499999999989,2.9163000000119155,2.9328999999761436,2.9503000000119073,2.9664999999999964,2.982899999976212,2.999599999964289,3.016300000011938,3.0328999999761663,3.0495999999642436,3.0661999999881573,3.0836999999880845,3.100500000000011]",0.016652151,0.000362964,187.0,left,0.0,,,,,,2.0,0.0,8.0,0.5,0.232991883,1.0,0.440703059,-0.771634026,26.0,-8.92894e-14,0.37233788,0.03804093,0.07765862,0.260457405,6.0,0.043309141,-0.086510011,9.0,0.01134464,0.355140301,0.038458273,0.073668072,0.274720221,7.0,1.93229913,0.661641322,90.0,-0.005235988,0.41932645,0.033694537,0.059919896,0.18718849,4.0,2.472575481,0.973033012,6.0,-0.001745329,0.3497664,0.039524515,0.103278094,0.256513403,7.0,0.545364852,-0.886964156,67.0,0.000872665,0.398829923,0.040120187,0.066830121,0.198372452,4.0,0.867047133,-0.986696494,95.0,-0.003490659,0.427246221,0.028411926,0.064304978,0.203029515,6.0,2.339008675,0.999409354,80.0,0.000872665,0.408817555,0.034279956,0.069360427,0.160822937,4.0,1.739325757,0.330712881,41.0,0.013089969,0.382506884,0.032100804,0.075836611,0.218324429,6.0,0.0,0.0,0.0,0.0,0.0,0.0,0.0,0.0,0.0,0.0,0.0,0.0,0.0,0.0,0.0,0.0,0.0,0.0,0.0,0.0,0.0,0.0,0.0,0.0,0.0,0.0,0.0,0.0,0.0,0.0,0.0,0.0,0.0,0.0,0.0,0.0,,,,,,,0.817,,0.0,11.0,11.0,11.0,1.0,,,,,,,,,,,,,,,,,,,,,,,,,,,,0
S070,2,2024-11-21_13h14.36.924,MotivatedInference,2024.1.5,Win32,60.24096386,668be8e87e83611e680fb3ab,{{%SESSION_ID%},Chrome,,,,,,,,,,,,,,,,,,,,,,,,,,,,,,1.0,,,,,,,,2.0,,,,,,,,,conditions/conds_128.csv,0.0,0.0,,,,,,,,,764.2899,766.008,"[0.0018000000119400283,0.018800000011879092,0.03260000002376273,0.04640000003576006,0.06310000002383731,0.07980000001191456,0.09940000003575733,0.11310000002379184,0.1338000000118882,0.14999999999997726,0.16300000000001091,0.18070000004763642,0.197200000047701,0.2157000000476046,0.22990000003574096,0.2509000000356991,0.2657000000476728,0.280200000047671,0.2996000000238155,0.3136000000238255,0.33320000004766825,0.3468000000118536,0.3662000000476837,0.37970000004759186,0.3993000000118627,0.41310000002386005,0.4343000000118309,0.44670000004759913,0.4631000000238146,0.4797000000476146,0.49930000001188546,0.516200000047661,0.5298000000118464,0.5473000000118873,0.5681000000238328,0.5838000000119337,0.5977000000476664,0.6169999999999618,0.6301000000238446,0.6494999999999891,0.6637000000476974,0.6839000000356918,0.6994000000357801,0.7132000000476637,0.7344999999999118,0.7464999999999691,0.7659000000356855,0.7796000000238337,0.7989000000357009,0.8129999999999882,0.8328000000118436,0.84780000001183,0.8661000000238346,0.8797000000475919,0.8964000000356691,0.91310000002386,0.9343000000118309,0.9470000000000027,0.9666000000238455,0.9823000000118327,0.9964000000356918,1.0154999999999745,1.0304000000356837,1.0501000000238037,1.0638000000118382,1.0833000000118318,1.0972000000476783,1.1157000000476955,1.1303000000118573,1.1493000000118627,1.16310000002386,1.1798000000119373,1.199800000011919,1.2157000000476046,1.2297000000476146,1.2463000000118427,1.2636000000237573,1.2826000000237627,1.29640000003576,1.3134999999999764,1.3304000000357519,1.3460000000000036,1.3657000000476955,1.37940000003573,1.3964999999999463,1.41599999999994,1.42970000004766,1.4464000000357373,1.4629999999999654,1.4823000000118327,1.50080000001185,1.5179999999999154,1.5339999999999918,1.5464999999999236,1.5631000000238373,1.5797000000476373,1.59960000002377,1.6179999999999382,1.6308000000118454,1.64910000002385,1.6667000000476264,1.6794999999999618,1.6964000000357373,1.7179000000356837]",0.016661165,0.002586306,104.0,right,1.0,,,,,,1.0,0.0,4.0,0.5,-0.081331991,-1.0,2.804830469,0.623744602,33.0,-0.006108652,0.377230834,0.032847101,0.067598606,0.249691544,6.0,1.912086541,0.630797398,41.0,0.013089969,0.382506884,0.032100804,0.075836611,0.218324429,6.0,1.284647173,-0.541565569,29.0,-0.000872665,0.374372435,0.035828607,0.080766738,0.158410304,4.0,1.111862147,-0.794308422,42.0,0.010471976,0.383208229,0.034272345,0.075051408,0.167478928,5.0,0.0,0.0,0.0,0.0,0.0,0.0,0.0,0.0,0.0,0.0,0.0,0.0,0.0,0.0,0.0,0.0,0.0,0.0,0.0,0.0,0.0,0.0,0.0,0.0,0.0,0.0,0.0,0.0,0.0,0.0,0.0,0.0,0.0,0.0,0.0,0.0,0.0,0.0,0.0,0.0,0.0,0.0,0.0,0.0,0.0,0.0,0.0,0.0,0.0,0.0,0.0,0.0,0.0,0.0,0.0,0.0,0.0,0.0,0.0,0.0,0.0,0.0,0.0,0.0,0.0,0.0,0.0,0.0,0.0,0.0,0.0,0.0,,,,,,,0.7336,,0.0,12.0,12.0,12.0,1.0,,,,,,,,,,,,,,,,,,,,,,,,,,,,0
S070,2,2024-11-21_13h14.36.924,MotivatedInference,2024.1.5,Win32,60.24096386,668be8e87e83611e680fb3ab,{{%SESSION_ID%},Chrome,,,,,,,,,,,,,,,,,,,,,,,,,,,,,,1.0,,,,,,,,1.0,,,,,,,,,conditions/conds_128.csv,0.0,0.0,,,,,,,,,767.7366,769.4534,"[0.002199999988079071,0.019099999964282688,0.03309999996429269,0.052500000000009095,0.0687999999523754,0.08379999995236176,0.10489999997616906,0.12009999996428178,0.13279999995233993,0.14969999998811545,0.17079999995235084,0.18339999997624545,0.20450000000005275,0.22100000000000364,0.23579999995240541,0.24989999997615087,0.2688999999761563,0.28300000000001546,0.30269999998813546,0.31629999995232083,0.33289999997623454,0.3495999999643118,0.37059999996426995,0.38309999996431543,0.40459999996426177,0.4198999999762236,0.43600000000003547,0.44959999996433453,0.4691999999881773,0.483799999952339,0.5035000000000309,0.5163999999762154,0.5356999999880827,0.5526999999881355,0.5715999999642918,0.58400000000006,0.6025999999642409,0.616299999952389,0.6336999999881527,0.6537999999524118,0.6671999999881564,0.6853999999761982,0.7025999999642636,0.7162999999524118,0.7336999999881755,0.7545000000000073,0.7671999999881791,0.7862999999523481,0.7996999999880927,0.8191999999880863,0.8336999999880845,0.8503999999761618,0.87059999996427,0.8835000000000264,0.8995999999642663,0.9162999999523436,0.9327999999524081,0.9522999999524018,0.9662999999524118,0.9878999999762073,1.0023999999762054,1.0163999999762154,1.0330999999642927,1.0525999999642863,1.0668999999761581,1.086500000000001,1.100500000000011,1.1203999999762573,1.13719999998807,1.1495000000001028,1.1662999999523436,1.1875,1.1997999999523472,1.2214999999999918,1.2333999999762,1.2545000000000073,1.2665000000000646,1.28579999995236,1.2996999999880927,1.3161999999881573,1.3330000000000837,1.354099999964319,1.3663999999762382,1.3830000000000382,1.403399999976159,1.4162999999523436,1.4328999999762573,1.4537999999523663,1.4670999999642618,1.487699999988081,1.50389999997617,1.516199999988089,1.5330000000000155,1.55239999997616,1.5692999999523636,1.5830000000000837,1.6023999999762282,1.6171999999880882,1.63639999997622,1.6498999999762418,1.6701999999880854,1.6836999999881073,1.7032999999523781,1.716399999976261]",0.016642718,0.002954398,104.0,right,1.0,,,,,,1.0,0.0,4.0,0.5,2.636990621,-1.0,1.623144582,0.104505345,17.0,-0.004363323,0.364429878,0.03744875,0.082879054,0.20378895,5.0,2.290636296,0.991416554,91.0,0.001745329,0.420659204,0.046109782,0.086244352,0.261967492,5.0,1.919281791,0.641897973,65.0,0.000872665,0.397557211,0.028332609,0.059251996,0.151978572,5.0,2.582657253,0.899170748,48.0,-0.013089969,0.387063294,0.032293316,0.069877675,0.198684878,5.0,0.0,0.0,0.0,0.0,0.0,0.0,0.0,0.0,0.0,0.0,0.0,0.0,0.0,0.0,0.0,0.0,0.0,0.0,0.0,0.0,0.0,0.0,0.0,0.0,0.0,0.0,0.0,0.0,0.0,0.0,0.0,0.0,0.0,0.0,0.0,0.0,0.0,0.0,0.0,0.0,0.0,0.0,0.0,0.0,0.0,0.0,0.0,0.0,0.0,0.0,0.0,0.0,0.0,0.0,0.0,0.0,0.0,0.0,0.0,0.0,0.0,0.0,0.0,0.0,0.0,0.0,0.0,0.0,0.0,0.0,0.0,0.0,,,,,,,1.0633,,0.0,13.0,13.0,13.0,1.0,,,,,,,,,,,,,,,,,,,,,,,,,,,,0
S070,2,2024-11-21_13h14.36.924,MotivatedInference,2024.1.5,Win32,60.24096386,668be8e87e83611e680fb3ab,{{%SESSION_ID%},Chrome,,,,,,,,,,,,,,,,,,,,,,,,,,,,,,1.0,,,,,,,,12.0,,,,,,,,,conditions/conds_128.csv,0.0,0.0,,,,,,,,,771.5206,775.9867,"[0.004000000000019099,0.015599999964251765,0.03219999998816547,0.04869999998811636,0.06609999996430815,0.08300000000008367,0.09889999997619725,0.1155999999642745,0.13250000000005002,0.14889999997626546,0.16559999996434271,0.18219999998814274,0.19900000000006912,0.21550000000002,0.23219999998809726,0.24879999995232538,0.2655000000000882,0.28300000000001546,0.29979999995236994,0.3156999999881691,0.33219999998812,0.3486999999881846,0.36550000000011096,0.3830000000000382,0.3992999999524045,0.4155000000000655,0.43219999998814274,0.44909999996434635,0.46559999996429724,0.4823999999762236,0.4988999999761745,0.5155000000000882,0.5321999999881655,0.5488999999762427,0.56559999996432,0.5830000000000837,0.5988999999761973,0.6155999999642745,0.6321999999881882,0.6488999999762655,0.6657999999523554,0.6821999999881427,0.6985999999642445,0.7155999999642972,0.7320000000000846,0.7488999999761745,0.7655999999642518,0.7821999999881655,0.7988999999762427,0.81559999996432,0.83219999998812,0.8488999999761973,0.865500000000111,0.8821999999881882,0.8987999999524163,0.9155000000000655,0.9321999999881427,0.94889999997622,0.9655999999642972,0.9821999999880973,1.0005999999642654,1.01529999995239,1.0320999999643163,1.0486999999881164,1.06559999996432,1.08219999998812,1.0988999999761973,1.115500000000111,1.1322999999523518,1.1488999999762655,1.1655999999643427,1.18229999995242,1.1995999999643345,1.2162999999524118,1.233000000000061,1.249599999964289,1.2655999999642518,1.2830999999642927,1.2987999999523936,1.3155000000000427,1.3326999999881082,1.3495999999643118,1.365500000000111,1.3821999999881882,1.3988999999762655,1.4155000000000655,1.4321999999881427,1.4487999999523709,1.4655999999642972,1.4821999999880973,1.4988999999761745,1.5155999999642518,1.532299999952329,1.5487999999523936,1.56559999996432,1.5828999999762345,1.5988999999761973,1.6155999999642745,1.6321999999881882,1.649000000000001,1.6655000000000655,1.682399999976269,1.6986999999880936,1.715899999976159,1.7321999999880973,1.7488999999761745,1.7655000000000882,1.7821999999881655,1.7988999999762427,1.8155000000000427,1.83219999998812,1.8492999999523363,1.865500000000111,1.8821999999881882,1.8988999999762655,1.9155000000000655,1.93229999995242,1.94889999997622,1.9655999999642972,1.9821999999880973,1.9986999999881618,2.015500000000088,2.032299999952329,2.0487999999523936,2.065699999988169,2.08219999998812,2.098799999952348,2.115500000000111,2.132199999988188,2.1488999999762655,2.1678999999761572,2.1821999999881427,2.199799999952347,2.21550000000002,2.2326999999880854,2.2488999999761745,2.265500000000088,2.282299999952329,2.2988999999762427,2.3155000000000427,2.3325000000000955,2.3491999999881727,2.365500000000111,2.3822999999523518,2.398699999988139,2.4155000000000655,2.4321999999881427,2.44889999997622,2.46550000000002,2.482099999964248,2.4988999999761745,2.515500000000088,2.5321999999881655,2.549000000000092,2.56559999996432,2.58219999998812,2.598799999952348,2.615500000000111,2.632199999988188,2.6487999999524163,2.6653999999762163,2.6820000000000164,2.698799999952371,2.71550000000002,2.7322999999523745,2.7488999999761745,2.7655999999642518,2.782000000000039,2.7988999999762427,2.8155000000000427,2.8328999999762345,2.8488999999761973,2.865500000000111,2.8826999999881764,2.8988999999762655,2.9163999999761927,2.9330000000001064,2.94889999997622,2.96550000000002,2.982099999964248,2.9990000000000236,3.015799999952378,3.0325000000000273,3.049000000000092,3.06559999996432,3.0825000000000955,3.0990000000000464,3.115500000000111,3.1325999999643273,3.1488999999762655,3.1655000000000655,3.1821999999881427,3.19889999997622,3.21550000000002,3.2321999999880973,3.2488999999761745,3.2655999999642518,3.2821999999881655,3.2988999999762427,3.3161999999881573,3.3328999999762345,3.3488999999761973,3.3655999999642745,3.382099999964339,3.398699999988139,3.4155000000000655,3.43229999995242,3.44889999997622,3.4655999999642972,3.4821999999880973,3.498699999988162,3.515500000000088,3.5321999999881655,3.5495999999642436,3.565699999988169,3.5828999999762345,3.5993999999761854,3.6155999999642745,3.632099999964339,3.6487999999524163,3.6655000000000655,3.6821999999881427,3.699199999988082,3.7160999999642854,3.7323999999762236,3.7487999999523254,3.7655999999642518,3.782299999952329,3.7987999999523936,3.8155000000000427,3.83219999998812,3.848799999952348,3.865500000000111,3.882199999988188,3.8987999999524163,3.9153999999762163,3.9321999999881427,3.949000000000069,3.96550000000002,3.982099999964248,3.9988999999761745,4.016000000000076,4.033099999964293,4.048699999988116,4.0652999999523445,4.082099999964271,4.099399999976185,4.116000000000099,4.132099999964339,4.148799999952416,4.1655000000000655,4.182899999976257,4.199199999988082,4.215199999988158,4.232199999988097,4.248799999952325,4.265500000000088,4.282099999964316,4.299000000000092,4.316099999964308,4.332099999964271,4.348799999952348,4.365500000000111,4.382199999988188,4.399399999976254,4.415799999952355,4.432199999988143,4.44889999997622,4.465899999976159]",0.016648881,0.000506413,269.0,right,1.0,,,,,,2.0,0.0,12.0,0.5,-1.916914743,1.0,1.604704537,0.06776445,53.0,-0.003490659,0.390095866,0.043303837,0.083823939,0.349451294,6.0,0.702878211,-0.9864118,15.0,-0.006108652,0.362511679,0.045131456,0.089284594,0.250473103,5.0,0.858610328,-0.989299098,97.0,0.006981317,0.43254107,0.031598025,0.077611504,0.241207486,6.0,0.216322861,-0.419274212,87.0,0.006108652,0.415699595,0.038834066,0.066745096,0.25903141,5.0,0.579927075,-0.916744855,70.0,0.007853982,0.401012824,0.032375196,0.060909739,0.168550131,4.0,0.020517682,-0.041023848,97.0,0.006981317,0.43254107,0.031598025,0.077611504,0.241207486,6.0,2.091353146,0.862967439,54.0,-0.000872665,0.390632361,0.034931933,0.073298853,0.195852464,4.0,0.883423141,-0.980843683,70.0,0.007853982,0.401012824,0.032375196,0.060909739,0.168550131,4.0,1.642468299,0.142853555,39.0,-0.006981317,0.381053424,0.030288742,0.070264002,0.227413277,7.0,2.02919062,0.793651982,40.0,0.001745329,0.381763748,0.031902579,0.075140032,0.211660484,6.0,2.423067469,0.991069334,15.0,-0.006108652,0.362511679,0.045131456,0.089284594,0.250473103,5.0,0.228703976,-0.441624007,59.0,0.006981317,0.393731017,0.031135395,0.06163787,0.205460115,5.0,,,,,,,0.7002,,0.0,14.0,14.0,14.0,1.0,,,,,,,,,,,,,,,,,,,,,,,,,,,,0
S070,2,2024-11-21_13h14.36.924,MotivatedInference,2024.1.5,Win32,60.24096386,668be8e87e83611e680fb3ab,{{%SESSION_ID%},Chrome,,,,,,,,,,,,,,,,,,,,,,,,,,,,,,1.0,,,,,,,,6.0,,,,,,,,,conditions/conds_128.csv,0.0,0.0,,,,,,,,,777.6865,780.7695,"[0.003300000011904558,0.016199999988089075,0.033199999988141826,0.04969999998809271,0.0661999999880436,0.08369999998808453,0.09950000000003456,0.11619999998811181,0.13280000001191183,0.14949999999998909,0.16689999997618088,0.1828999999761436,0.19930000001193093,0.21649999999999636,0.23300000000006094,0.24950000000001182,0.2661999999880891,0.2828000000118891,0.30100000000004457,0.31639999997616997,0.33299999999997,0.3496000000238837,0.3661999999881118,0.38289999997618906,0.3996000000238382,0.4163999999761927,0.4328999999761436,0.44960000002390643,0.4666000000238455,0.48280000001193457,0.49960000002386096,0.5163000000119382,0.5328999999761663,0.5496000000238155,0.56639999997617,0.5828999999761209,0.5996000000238837,0.6159999999999854,0.6328999999761891,0.6501999999881036,0.6661999999880663,0.68360000002383,0.6993000000119309,0.7161999999881346,0.7330000000000609,0.749600000023861,0.7661999999880891,0.7828999999761663,0.7998999999762191,0.8158999999761818,0.8326000000238309,0.8495000000000346,0.8661999999881118,0.8828999999761891,0.8996000000238382,0.9161999999880663,0.9328999999761436,0.9493999999762082,0.9661999999881346,0.9828999999762118,1.0001999999881264,1.01760000002389,1.0328999999761663,1.0496000000238155,1.0661999999880436,1.0838000000119337,1.1003000000118845,1.1161999999881118,1.1331999999880509,1.1498999999761281,1.166600000023891,1.18360000002383,1.199800000011919,1.2161999999881346,1.2326999999880854,1.2495000000000118,1.2665000000000646,1.2826000000238764,1.2996000000238155,1.3161999999880436,1.3328000000119573,1.3493000000119082,1.3659999999999854,1.3826000000238992,1.39939999997614,1.4168999999761809,1.4336999999881073,1.4493999999762082,1.4660000000000082,1.4826000000238082,1.4998999999761509,1.5163000000119382,1.5326000000238764,1.5493000000119537,1.566000000000031,1.5826999999881082,1.600500000000011,1.6166000000238228,1.6326000000238992,1.6496000000238382,1.6668999999761809,1.6829999999999927,1.6996000000239064,1.7161999999881346,1.73419999998805,1.7501999999881264,1.766199999988089,1.7831000000238646,1.8005000000000564,1.8166000000238682,1.83299999999997,1.8501999999880354,1.8666000000238228,1.8828000000119118,1.8996000000238382,1.9161999999880663,1.9328999999761436,1.9496000000239064,1.9663000000119837,1.9828999999762118,1.999600000023861,2.0168999999762036,2.03369999998813,2.0494999999999663,2.0661999999880436,2.082899999976121,2.0998999999761736,2.1163999999761245,2.132600000023899,2.149499999999989,2.1661999999880663,2.1828999999761436,2.2003000000119073,2.2166000000238455,2.232899999976212,2.249600000023861,2.2663999999762154,2.2828999999761663,2.3003999999762073,2.3170000000000073,2.332899999976121,2.3496000000238837,2.366999999999962,2.383699999988039,2.399899999976128,2.416100000023903,2.432699999988131,2.451000000000022,2.466800000011972,2.483500000000049,2.5001999999881264,2.516300000011938,2.5336000000238528,2.5496999999880927,2.5661999999880436,2.582899999976121,2.6001999999880354,2.6168999999761127,2.6336000000238755,2.6498000000119646,2.66700000000003,2.6833000000119682,2.69969999998807,2.7161999999881346,2.7333999999762,2.7498000000118736,2.766199999988089,2.7828999999761663,2.800199999988081,2.8166000000238682,2.83299999999997,2.8495000000000346,2.8668999999761127,2.8831000000238873,2.899499999999989,2.916100000023903,2.9336999999881073,2.9498999999761963,2.9663000000119837,2.982899999976212,2.999600000023861,3.0168999999762036,3.0336000000238528,3.049899999976219,3.06610000002388,3.0828000000119573]",0.016645946,0.000538765,186.0,right,0.0,,,,,,1.0,0.0,8.0,0.5,1.898992668,1.0,1.280012727,-0.549334167,51.0,-0.000872665,0.388957543,0.039197552,0.074659583,0.215725836,5.0,1.946847827,0.683175994,91.0,0.001745329,0.420659204,0.046109782,0.086244352,0.261967492,5.0,1.903775001,0.617812204,20.0,0.004363323,0.367239871,0.029881231,0.073743484,0.121468441,4.0,2.427770373,0.989771271,50.0,-0.003490659,0.388365859,0.031859869,0.061653869,0.235670302,6.0,1.558676761,-0.024236758,46.0,-8.92894e-14,0.385892478,0.022689461,0.062794509,0.135276835,6.0,0.773002237,-0.999692698,21.0,-0.010471976,0.368150016,0.035450396,0.075174448,0.223969416,6.0,3.05033846,0.181496868,61.0,-0.004363323,0.394911895,0.035957651,0.088187679,0.159307843,4.0,2.356345404,0.999999954,57.0,0.007853982,0.392441245,0.040602447,0.07130778,0.218867016,4.0,0.0,0.0,0.0,0.0,0.0,0.0,0.0,0.0,0.0,0.0,0.0,0.0,0.0,0.0,0.0,0.0,0.0,0.0,0.0,0.0,0.0,0.0,0.0,0.0,0.0,0.0,0.0,0.0,0.0,0.0,0.0,0.0,0.0,0.0,0.0,0.0,,,,,,,0.6243,,0.0,15.0,15.0,15.0,1.0,,,,,,,,,,,,,,,,,,,,,,,,,,,,0
S070,2,2024-11-21_13h14.36.924,MotivatedInference,2024.1.5,Win32,60.24096386,668be8e87e83611e680fb3ab,{{%SESSION_ID%},Chrome,,,,,,,,,,,,,,,,,,,,,,,,,,,,,,1.0,,,,,,,,5.0,,,,,,,,,conditions/conds_128.csv,0.0,0.0,,,,,,,,,782.4029,785.5027,"[0.003200000047741014,0.0197000000476919,0.033100000023864595,0.052500000000009095,0.06720000004770554,0.08749999999997726,0.10070000004770918,0.12010000002385368,0.1338000000118882,0.15290000003574278,0.16830000001198187,0.18310000002384186,0.19970000004775557,0.2209000000357264,0.23740000003579098,0.25010000002384913,0.27120000004765643,0.28350000000000364,0.3025000000000091,0.31640000003574187,0.33600000000001273,0.3524000000358001,0.3664000000358101,0.3833000000119,0.40230000001190547,0.41650000000004184,0.43620000004773374,0.4504000000357564,0.47020000004772555,0.4838000000119109,0.5027000000477528,0.5175000000000409,0.5331000000238646,0.5539000000358101,0.5694000000357846,0.5857000000477228,0.6001000000238719,0.6196000000238655,0.6331000000238873,0.6527000000477301,0.6672000000477283,0.6860000000000355,0.7034000000357992,0.7191000000239001,0.7331000000239101,0.7527000000477528,0.7663000000119382,0.787700000047721,0.8004000000357792,0.8194000000357846,0.83299999999997,0.8497000000477328,0.8672000000476601,0.8835000000000264,0.9049000000358092,0.9165000000000418,0.9362000000477337,0.9505000000000337,0.9695000000000391,0.9831000000239101,1.00440000003573,1.0165000000000646,1.035900000035781,1.0527000000477074,1.0664000000357419,1.0858000000118864,1.1024999999999636,1.116300000011961,1.1359999999999673,1.1498000000119646,1.1707000000477592,1.1837000000476792,1.2039000000357873,1.2183000000119364,1.2366000000238273,1.2533000000119046,1.2692000000477037,1.2830000000000155,1.2997000000476646,1.3192000000476582,1.3331000000238191,1.3539000000357646,1.3664999999999736,1.3861000000238164,1.4039000000358328,1.4165000000000418,1.433200000047691,1.4543000000119264,1.4671000000238337,1.4866000000238273,1.5004000000358246,1.5206000000238191,1.5335000000000036,1.5526000000238582,1.5664000000357419,1.58400000000006,1.60420000004774,1.6217000000476673,1.6358000000119546,1.6497000000476874,1.6664000000357646,1.6831000000238419,1.7005000000000337,1.7214999999999918,1.7371000000238155,1.7528000000119164,1.7663000000119382,1.7831000000238646,1.8028000000119846,1.8162000000477292,1.8357000000477228,1.8501000000238719,1.8695000000000164,1.8839000000357373,1.9033000000119955,1.91700000000003,1.9374000000358365,1.9502000000477437,1.969500000000039,1.9835000000000491,2.0038000000118927,2.0168000000119264,2.036000000000058,2.0497000000476646,2.066400000035742,2.085700000047723,2.099700000047733,2.11640000003581,2.1332000000477365,2.152600000023881,2.167100000023879,2.1861000000238846,2.2005000000000337,2.2200000000000273,2.23390000003576,2.2529000000357655,2.2664000000357873,2.286000000000058,2.3033000000119728,2.316200000047729,2.33299999999997,2.3543000000119036,2.3664999999999736,2.3861000000238164,2.4049999999999727,2.419300000011958,2.4329999999999927,2.4497000000477556,2.466400000035833,2.485600000023851,2.5038000000118927,2.5164000000357873,2.536400000035769,2.549800000011942,2.569600000023911,2.5859000000357355,2.6026000000238128,2.616700000047672,2.6359000000358037,2.6503000000119528,2.66960000002382,2.6834000000358174,2.7040000000000646,2.716900000035821,2.7367000000476764,2.7502000000476983,2.769300000011981,2.7830000000000155,2.8045000000000755,2.8170000000000073,2.836200000047711,2.8498000000118964,2.866300000011961,2.8859000000358037,2.8997000000476874,2.916500000000042,2.9329999999999927,2.9549000000357637,2.9674999999999727,2.98310000002391,3.0042000000477174,3.0165000000000646,3.0373000000118964,3.0501000000239173,3.069500000000062,3.08299999999997,3.099700000047733]",0.016647849,0.002839624,187.0,right,1.0,,,,,,1.0,0.0,8.0,0.5,4.520220834,-1.0,2.979862265,0.317849763,36.0,0.002617994,0.379263044,0.03913601,0.077664539,0.168574417,3.0,2.672936462,0.805970062,70.0,0.007853982,0.401012824,0.032375196,0.060909739,0.168550131,4.0,3.075905189,0.130997348,96.0,0.002617994,0.429744758,0.028375272,0.064697354,0.217313714,7.0,2.595958358,0.887212906,47.0,-0.003490659,0.386485672,0.032547094,0.064121381,0.201087455,6.0,1.908634547,0.625425276,42.0,0.010471976,0.383208229,0.034272345,0.075051408,0.167478928,5.0,2.308964545,0.995541981,59.0,0.006981317,0.393731017,0.031135395,0.06163787,0.205460115,5.0,2.164766972,0.92760186,40.0,0.001745329,0.381763748,0.031902579,0.075140032,0.211660484,6.0,1.485189511,-0.170378361,12.0,0.006981317,0.359228273,0.039160557,0.080955667,0.284615847,7.0,0.0,0.0,0.0,0.0,0.0,0.0,0.0,0.0,0.0,0.0,0.0,0.0,0.0,0.0,0.0,0.0,0.0,0.0,0.0,0.0,0.0,0.0,0.0,0.0,0.0,0.0,0.0,0.0,0.0,0.0,0.0,0.0,0.0,0.0,0.0,0.0,,,,,,,0.6175,,0.0,16.0,16.0,16.0,1.0,,,,,,,,,,,,,,,,,,,,,,,,,,,,0
S070,2,2024-11-21_13h14.36.924,MotivatedInference,2024.1.5,Win32,60.24096386,668be8e87e83611e680fb3ab,{{%SESSION_ID%},Chrome,,,,,,,,,,,,,,,,,,,,,,,,,,,,,,1.0,,,,,,,,7.0,,,,,,,,,conditions/conds_128.csv,0.0,0.0,,,,,,,,,787.1363,790.2528,"[0.0030000000000427463,0.01639999997621544,0.03309999996429269,0.04959999996424358,0.06689999997615814,0.08280000001195731,0.0995999999641981,0.11630000001196095,0.1330000000000382,0.14959999996426632,0.16619999998806634,0.18299999999999272,0.19959999996422084,0.2171999999881109,0.2328999999762118,0.24950000000001182,0.2663000000119382,0.2830999999642927,0.29949999999996635,0.3161999999880436,0.33289999997612085,0.3498000000118964,0.36630000001196095,0.38280000001191183,0.39969999998811545,0.41619999998806634,0.4328999999761436,0.44959999996422084,0.46709999996426177,0.48300000000006094,0.49959999996428905,0.5161999999880891,0.5330000000000155,0.5495999999642436,0.5671999999881336,0.5828999999761209,0.5995999999641981,0.6161999999881118,0.6331999999880509,0.6495999999642663,0.6663000000119155,0.6825999999642818,0.69969999998807,0.7161999999881346,0.7328999999762118,0.750399999976139,0.7661999999880891,0.7828999999761663,0.7995999999642436,0.8170999999642845,0.8330999999642472,0.8495000000000346,0.8661999999881118,0.8831999999880509,0.8994999999999891,0.9161999999880663,0.9331999999881191,0.9503000000119073,0.9669999999999845,0.9828999999762118,0.9996999999881382,1.016199999988089,1.0328999999761663,1.0495999999642436,1.0661999999880436,1.0828999999761209,1.0996999999880472,1.1161999999881118,1.132899999976189,1.149499999999989,1.1661999999880663,1.1828999999761436,1.1995000000000573,1.2163000000119837,1.2328999999762118,1.249599999964289,1.266199999988089,1.2830000000000155,1.2994999999999663,1.31639999997617,1.3328999999761209,1.349599999964198,1.3661999999881118,1.3828000000119118,1.3993000000119764,1.4161999999880663,1.4328999999761436,1.4495999999642208,1.467199999988111,1.4828999999762118,1.499599999964289,1.516199999988089,1.5328999999761663,1.5495999999642436,1.5663000000118927,1.58299999999997,1.599599999964198,1.6161999999881118,1.632899999976189,1.6496999999881155,1.6668999999761809,1.6828999999761436,1.6995000000000573,1.7165999999642736,1.7328999999762118,1.749599999964289,1.766199999988089,1.7830000000000155,1.7995999999642436,1.816500000000019,1.8328999999761209,1.8495000000000346,1.8661999999881118,1.8828000000119118,1.8995999999642663,1.9161999999880663,1.9335999999642581,1.9495000000000573,1.9661999999881346,1.9830999999642245,1.999599999964289,2.0159999999999627,2.0328999999761663,2.0494999999999663,2.0661999999880436,2.08299999999997,2.0995000000000346,2.1160999999642627,2.132800000011912,2.1495999999642663,2.1663000000119155,2.1829999999999927,2.1995000000000573,2.2161999999881346,2.232899999976212,2.249599999964289,2.2670000000000528,2.2828999999761663,2.2995999999642436,2.3161999999880436,2.3328000000119573,2.349599999964198,2.366199999988112,2.382800000011912,2.399499999999989,2.4161999999880663,2.43280000001198,2.449599999964221,2.4661999999881346,2.482899999976212,2.499500000000012,2.516300000011938,2.5328999999761663,2.5495999999642436,2.5661999999880436,2.582899999976121,2.599599999964198,2.616199999988112,2.632899999976189,2.6496999999881155,2.6663999999761927,2.683499999999981,2.6995000000000573,2.7160999999642854,2.7328000000119346,2.7503000000119755,2.766300000011938,2.7828999999761663,2.7995999999642436,2.8170000000000073,2.8338000000119337,2.850399999976162,2.866300000011961,2.882899999976189,2.8996999999881155,2.9161999999880663,2.933599999964258,2.950199999988058,2.9670999999642618,2.9828000000119346,2.999500000000012,3.016300000011938,3.0330000000000155,3.0494999999999663,3.0661999999880436,3.082599999964259,3.0995000000000346,3.116300000011961]",0.016648663,0.000414233,188.0,left,0.0,,,,,,2.0,0.0,8.0,0.5,-1.315020863,1.0,2.824801602,0.59203541,90.0,-0.005235988,0.41932645,0.033694537,0.059919896,0.18718849,4.0,0.869970541,-0.985729099,70.0,0.007853982,0.401012824,0.032375196,0.060909739,0.168550131,4.0,1.46214327,-0.215599878,68.0,0.009599311,0.399449425,0.031951263,0.065393928,0.165147664,5.0,0.287743916,-0.544244111,52.0,0.004363323,0.389522306,0.03388387,0.067083277,0.213395069,6.0,1.522048758,-0.097340757,84.0,-0.002617994,0.412727296,0.032139903,0.078825818,0.191863964,5.0,0.902501654,-0.972698684,74.0,-0.002617994,0.403888444,0.032857311,0.06846285,0.186846183,6.0,3.01402476,0.252376802,24.0,-0.000872665,0.370951047,0.044446314,0.068882508,0.271498611,5.0,2.78372037,0.656179453,97.0,0.006981317,0.43254107,0.031598025,0.077611504,0.241207486,6.0,0.0,0.0,0.0,0.0,0.0,0.0,0.0,0.0,0.0,0.0,0.0,0.0,0.0,0.0,0.0,0.0,0.0,0.0,0.0,0.0,0.0,0.0,0.0,0.0,0.0,0.0,0.0,0.0,0.0,0.0,0.0,0.0,0.0,0.0,0.0,0.0,,,,,,,0.9005,,0.0,17.0,17.0,17.0,1.0,,,,,,,,,,,,,,,,,,,,,,,,,,,,0
S070,2,2024-11-21_13h14.36.924,MotivatedInference,2024.1.5,Win32,60.24096386,668be8e87e83611e680fb3ab,{{%SESSION_ID%},Chrome,,,,,,,,,,,,,,,,,,,,,,,,,,,,,,0.0,,,,,,,,7.0,,,,,,,,,conditions/conds_128.csv,0.0,0.0,,,,,,,,,793.3391,796.4359,"[0.002399999976091749,0.01759999996420447,0.03269999998803996,0.04959999996424358,0.0644999999999527,0.0801999999880536,0.09709999996425722,0.11729999995225171,0.1303999999761345,0.15099999999995362,0.16389999997613813,0.18359999996425813,0.19679999995230446,0.21789999997611176,0.23009999996418173,0.24729999995224716,0.26409999996417355,0.28379999995229355,0.3007999999522326,0.31409999996424176,0.32999999999992724,0.3500999999641863,0.36749999999995,0.38029999995228536,0.40079999995225535,0.41369999998801177,0.43419999998809544,0.44700000000000273,0.464099999964219,0.48469999998803814,0.496799999952259,0.5142999999522999,0.5343999999761309,0.5475999999641772,0.5678999999761345,0.5806999999880418,0.5997999999523245,0.61749999999995,0.6308999999761227,0.6505999999642427,0.6635999999641626,0.6840999999642463,0.7002999999523354,0.7179999999999609,0.7300999999641817,0.7508999999761272,0.7633999999761727,0.7841999999880045,0.79669999998805,0.8162999999523208,0.8304999999999154,0.8495999999641981,0.8643999999761718,0.8840999999641781,0.8972999999523381,0.9175000000000182,0.9316999999880409,0.9510999999641854,0.9637999999522435,0.98419999998805,0.9970999999642345,1.0176999999880536,1.03009999996425,1.0508999999760817,1.066799999952309,1.080799999952319,1.1001999999880354,1.1140999999641963,1.133699999988039,1.1473999999760736,1.167799999952308,1.183999999999969,1.1992999999522453,1.2130999999642427,1.22979999995232,1.2518999999761036,1.26400000000001,1.283099999964179,1.2965999999642008,1.3140999999642418,1.3349999999999227,1.3465999999641554,1.3671999999880882,1.3805999999642609,1.3967999999522362,1.4166999999880545,1.42999999999995,1.4465000000000146,1.4663999999761472,1.4807999999522963,1.4991999999880363,1.5140999999641735,1.5335000000000036,1.5473999999761645,1.5682999999522735,1.5831999999880964,1.5964999999999918,1.6184999999999263,1.6301999999880081,1.6500999999642545,1.66339999997615,1.6831999999880054,1.69969999998807,1.7160000000000082,1.729899999976169,1.746799999952259,1.7685000000000173,1.78009999996425,1.7991999999881045,1.8140999999642418,1.83299999999997,1.84729999995227,1.867899999976089,1.8808999999761227,1.90119999998808,1.9138999999761381,1.9335999999642581,1.9492999999522453,1.9630999999642427,1.9825999999642363,1.996499999999969,2.0132999999523236,2.0308999999761,2.0513999999761836,2.066799999952309,2.08299999999997,2.0967999999522817,2.116999999999962,2.130099999964159,2.1466999999880727,2.167500000000018,2.1806999999880645,2.200099999964209,2.214099999964219,2.2329999999999472,2.2465999999642463,2.266999999999939,2.2806999999880873,2.296799999952327,2.313299999952278,2.334699999988061,2.3467999999522817,2.3666999999881,2.3799999999999955,2.4013999999760927,2.414199999988,2.4332999999522826,2.4493999999760945,2.466199999988021,2.480699999988019,2.4995999999641754,2.5140999999641735,2.534999999999968,2.547599999964177,2.5666999999880318,2.5836999999880845,2.599199999988059,2.6133999999760817,2.6330999999642017,2.6469999999999345,2.6682999999522963,2.67999999999995,2.700099999964209,2.714099999964219,2.7300999999641817,2.7497999999523017,2.7632999999523236,2.78479999995227,2.79669999998805,2.8140999999642418,2.8343999999760854,2.850399999976162,2.8632999999522326,2.8799999999999955,2.89939999997614,2.9131999999880236,2.929899999976101,2.9508999999761727,2.9672999999522744,2.98059999996417,2.999500000000012,3.0135999999641854,3.0297999999522744,3.0468999999761763,3.0682999999522735,3.0810000000000173,3.0965999999641554]",0.016635484,0.003073041,187.0,left,0.0,,,,,,2.0,0.0,8.0,0.5,-1.315020863,1.0,2.824801602,0.59203541,90.0,-0.005235988,0.41932645,0.033694537,0.059919896,0.18718849,4.0,0.869970541,-0.985729099,70.0,0.007853982,0.401012824,0.032375196,0.060909739,0.168550131,4.0,1.46214327,-0.215599878,68.0,0.009599311,0.399449425,0.031951263,0.065393928,0.165147664,5.0,0.287743916,-0.544244111,52.0,0.004363323,0.389522306,0.03388387,0.067083277,0.213395069,6.0,1.522048758,-0.097340757,84.0,-0.002617994,0.412727296,0.032139903,0.078825818,0.191863964,5.0,0.902501654,-0.972698684,74.0,-0.002617994,0.403888444,0.032857311,0.06846285,0.186846183,6.0,3.01402476,0.252376802,24.0,-0.000872665,0.370951047,0.044446314,0.068882508,0.271498611,5.0,2.78372037,0.656179453,97.0,0.006981317,0.43254107,0.031598025,0.077611504,0.241207486,6.0,0.0,0.0,0.0,0.0,0.0,0.0,0.0,0.0,0.0,0.0,0.0,0.0,0.0,0.0,0.0,0.0,0.0,0.0,0.0,0.0,0.0,0.0,0.0,0.0,0.0,0.0,0.0,0.0,0.0,0.0,0.0,0.0,0.0,0.0,0.0,0.0,,,,,,,0.8841,,0.0,18.0,18.0,18.0,1.0,,,,,,,,,,,,,,,,,,,,,,,,,,,,0
S070,2,2024-11-21_13h14.36.924,MotivatedInference,2024.1.5,Win32,60.24096386,668be8e87e83611e680fb3ab,{{%SESSION_ID%},Chrome,,,,,,,,,,,,,,,,,,,,,,,,,,,,,,0.0,,,,,,,,8.0,,,,,,,,,conditions/conds_128.csv,0.0,0.0,,,,,,,,,798.3403,801.4358,"[0.0026999999880672476,0.015899999976113577,0.03130000001181088,0.045399999976098115,0.06489999997609175,0.07859999996423994,0.09780000001182998,0.11209999996412989,0.1283999999760681,0.14830000001188637,0.1620999999641981,0.17869999998799813,0.19839999997611812,0.21199999999998909,0.22880000001191547,0.24849999999992178,0.26689999997608993,0.27949999999998454,0.2986999999880027,0.3128000000118618,0.33309999996413353,0.3461999999880163,0.366099999964149,0.3786999999880436,0.3998000000118509,0.41219999998804724,0.4286999999879981,0.4454999999999245,0.46480000001190547,0.47880000001191547,0.49809999996421084,0.5128000000119073,0.5314999999999372,0.5460999999642127,0.5653000000119164,0.5794999999999391,0.5993000000119082,0.6118999999761172,0.6286999999880436,0.6453999999761209,0.6620999999641981,0.6786999999879981,0.6960999999641899,0.7165999999641599,0.7293000000119036,0.7478000000119209,0.7624999999999318,0.7833000000118773,0.7960999999642127,0.8165999999641826,0.8294999999999391,0.8498999999760599,0.8620999999641299,0.8794999999998936,0.8998000000118509,0.9119999999999209,0.93180000001189,0.9453999999760754,0.9619999999999891,0.9818000000118445,0.9953999999761436,1.0128000000119073,1.0293999999761354,1.05059999996422,1.0658000000119046,1.0788999999761018,1.1004999999998972,1.1123000000118282,1.1329999999999245,1.1456999999879827,1.1653999999761027,1.1786999999879981,1.1953000000119118,1.2173000000118464,1.2293999999760672,1.2484999999999218,1.2626999999880582,1.2824999999999136,1.2960999999642127,1.3148999999760917,1.3288000000118245,1.3461999999880163,1.3671999999879745,1.3788999999760563,1.3979999999999109,1.4148000000118373,1.4286999999879981,1.4505999999641972,1.46659999996416,1.47849999999994,1.49819999998806,1.512300000011919,1.5319999999999254,1.546300000011911,1.5650999999642181,1.5788000000118245,1.5983999999760954,1.612699999988081,1.6285999999641945,1.6453000000118436,1.6635999999641626,1.6786999999879981,1.6953000000119118,1.7158000000118818,1.73239999997611,1.750399999976139,1.7623999999760827,1.77880000001187,1.7960999999642127,1.8164999999999054,1.8290999999642281,1.849599999964198,1.8651999999880218,1.8786999999880436,1.8953000000118436,1.9174999999999045,1.9293999999761127,1.9488999999761063,1.9628999999761163,1.9818999999761218,1.9953000000118664,2.0163000000118245,2.03269999998804,2.0460999999642127,2.061999999999898,2.0786999999879754,2.099300000011908,2.1123999999761054,2.1286999999880436,2.149800000011851,2.162099999964198,2.1833999999761318,2.1955999999642017,2.214599999964207,2.229399999976067,2.2483999999760726,2.2628000000119073,2.282599999964191,2.296199999988062,2.3148000000118145,2.3296999999880654,2.3485999999642218,2.3619999999999663,2.3788000000118927,2.3996999999880018,2.4125999999641863,2.4326999999880172,2.44609999996419,2.4648000000119055,2.4794999999999163,2.498899999976061,2.512699999988058,2.5333000000118773,2.546300000011911,2.5665999999641826,2.578999999999951,2.598300000011818,2.61209999996413,2.6313000000118336,2.6453000000118436,2.661999999999921,2.678699999987998,2.695300000011912,2.71189999997614,2.728599999964217,2.7460999999641444,2.76609999996424,2.7793999999761354,2.798800000011852,2.812800000011862,2.833300000011832,2.8453999999760526,2.867099999964239,2.8788000000118927,2.8978999999760617,2.912099999964198,2.932599999964168,2.94609999996419,2.9653000000118936,2.9793000000119036,2.998899999976061,3.012699999988058,3.0315999999642145,3.045300000011821,3.061999999999898,3.0788000000118245,3.0953999999760526]",0.016627419,0.002976837,187.0,right,1.0,,,,,,2.0,0.0,8.0,0.5,0.232991883,1.0,0.440703059,-0.771634026,26.0,-8.92894e-14,0.37233788,0.03804093,0.07765862,0.260457405,6.0,0.043309141,-0.086510011,9.0,0.01134464,0.355140301,0.038458273,0.073668072,0.274720221,7.0,1.93229913,0.661641322,90.0,-0.005235988,0.41932645,0.033694537,0.059919896,0.18718849,4.0,2.472575481,0.973033012,6.0,-0.001745329,0.3497664,0.039524515,0.103278094,0.256513403,7.0,0.545364852,-0.886964156,67.0,0.000872665,0.398829923,0.040120187,0.066830121,0.198372452,4.0,0.867047133,-0.986696494,95.0,-0.003490659,0.427246221,0.028411926,0.064304978,0.203029515,6.0,2.339008675,0.999409354,80.0,0.000872665,0.408817555,0.034279956,0.069360427,0.160822937,4.0,1.739325757,0.330712881,41.0,0.013089969,0.382506884,0.032100804,0.075836611,0.218324429,6.0,0.0,0.0,0.0,0.0,0.0,0.0,0.0,0.0,0.0,0.0,0.0,0.0,0.0,0.0,0.0,0.0,0.0,0.0,0.0,0.0,0.0,0.0,0.0,0.0,0.0,0.0,0.0,0.0,0.0,0.0,0.0,0.0,0.0,0.0,0.0,0.0,,,,,,,0.6168,,0.0,19.0,19.0,19.0,1.0,,,,,,,,,,,,,,,,,,,,,,,,,,,,0
S070,2,2024-11-21_13h14.36.924,MotivatedInference,2024.1.5,Win32,60.24096386,668be8e87e83611e680fb3ab,{{%SESSION_ID%},Chrome,,,,,,,,,,,,,,,,,,,,,,,,,,,,,,0.0,,,,,,,,6.0,,,,,,,,,conditions/conds_128.csv,0.0,0.0,,,,,,,,,803.0701,806.169,"[0.0030999999642062903,0.015599999964251765,0.03209999996420265,0.049399999976117215,0.06589999997618179,0.08209999996415718,0.09969999998804724,0.11629999995227536,0.13259999996421357,0.14879999995230264,0.16539999997610266,0.1828999999761436,0.19959999996422084,0.2156999999880327,0.23289999997609812,0.2488999999761745,0.26549999999997453,0.28269999998803996,0.2992999999522681,0.31579999995233266,0.33259999996425904,0.3487999999523481,0.36549999999999727,0.38289999997618906,0.3995999999642663,0.4168999999761809,0.43219999998802905,0.44959999996422084,0.4656999999880327,0.4820999999642481,0.4995000000000118,0.5161999999880891,0.5328999999761663,0.5487999999522799,0.5654999999999291,0.58299999999997,0.5991999999880591,0.6162999999522754,0.6325999999642136,0.6488999999761518,0.6654999999999518,0.6828999999761436,0.6992999999522453,0.7153999999761709,0.732799999952249,0.7495999999641754,0.7661999999880891,0.782299999952329,0.7986999999880027,0.81639999997617,0.83299999999997,0.8487999999523481,0.8653999999761481,0.8828999999761891,0.8988999999761518,0.9154999999999518,0.9320999999641799,0.9495999999642208,0.965899999976159,0.9820999999642481,0.9996999999880245,1.01609999996424,1.0319999999999254,1.04879999995228,1.0662999999523208,1.08299999999997,1.0986999999880709,1.11569999998801,1.1329999999999245,1.1485999999641763,1.1653999999761027,1.182199999988029,1.1994999999999436,1.2161999999880209,1.232499999999959,1.2487999999523254,1.2654999999999745,1.2830000000000155,1.2994999999999663,1.3161999999880436,1.3320999999641572,1.3496999999880472,1.3653999999761481,1.3819999999999482,1.39939999997614,1.4154999999999518,1.4318999999761672,1.4486999999880936,1.4652999999523217,1.4818999999761218,1.498599999964199,1.5154999999999745,1.5321999999880518,1.54879999995228,1.5661999999880436,1.5827999999522717,1.599599999964198,1.6162999999522754,1.632899999976189,1.6486999999880254,1.6653999999761027,1.6825000000000045,1.6989999999999554,1.71550000000002,1.732799999952249,1.7498999999761509,1.7659999999999627,1.7819999999999254,1.7986999999880027,1.8161999999880436,1.8322999999522835,1.8494999999999209,1.8653999999761481,1.8829999999999245,1.899499999999989,1.9161999999880663,1.9328999999761436,1.9487999999522572,1.9653999999761709,1.9820999999642481,1.9995000000000118,2.0157999999522644,2.0320999999642027,2.048899999976129,2.065499999999929,2.082899999976121,2.099499999999921,2.116199999987998,2.13279999995234,2.1488999999761518,2.1653999999761027,2.182199999988029,2.1998999999760827,2.2160999999641717,2.2334999999999354,2.249500000000012,2.2657999999522644,2.282799999952317,2.29879999995228,2.31539999997608,2.3319999999999936,2.349499999999921,2.365399999976148,2.3820999999642254,2.3995999999642663,2.415899999976091,2.4320000000000164,2.448799999952257,2.465399999976171,2.481999999999971,2.499500000000012,2.51609999996424,2.532799999952317,2.5486999999880027,2.566299999952321,2.5821999999880063,2.598699999988071,2.6160999999642627,2.632399999976087,2.6485000000000127,2.6652999999522535,2.68209999996418,2.6988999999761063,2.715399999976171,2.732099999964248,2.748699999988048,2.7662999999522526,2.782799999952317,2.7986999999880027,2.81539999997608,2.8319999999999936,2.848799999952348,2.865399999976148,2.8820999999642254,2.8986999999880254,2.9157999999522417,2.9320000000000164,2.949199999988082,2.96550000000002,2.982099999964248,2.998599999964199,3.0153999999761254,3.032799999952317,3.0495999999642436,3.06539999997608,3.0819999999999936,3.098799999952348]",0.016643548,0.000588132,187.0,left,1.0,,,,,,1.0,0.0,8.0,0.5,1.898992668,1.0,1.280012727,-0.549334167,51.0,-0.000872665,0.388957543,0.039197552,0.074659583,0.215725836,5.0,1.946847827,0.683175994,91.0,0.001745329,0.420659204,0.046109782,0.086244352,0.261967492,5.0,1.903775001,0.617812204,20.0,0.004363323,0.367239871,0.029881231,0.073743484,0.121468441,4.0,2.427770373,0.989771271,50.0,-0.003490659,0.388365859,0.031859869,0.061653869,0.235670302,6.0,1.558676761,-0.024236758,46.0,-8.92894e-14,0.385892478,0.022689461,0.062794509,0.135276835,6.0,0.773002237,-0.999692698,21.0,-0.010471976,0.368150016,0.035450396,0.075174448,0.223969416,6.0,3.05033846,0.181496868,61.0,-0.004363323,0.394911895,0.035957651,0.088187679,0.159307843,4.0,2.356345404,0.999999954,57.0,0.007853982,0.392441245,0.040602447,0.07130778,0.218867016,4.0,0.0,0.0,0.0,0.0,0.0,0.0,0.0,0.0,0.0,0.0,0.0,0.0,0.0,0.0,0.0,0.0,0.0,0.0,0.0,0.0,0.0,0.0,0.0,0.0,0.0,0.0,0.0,0.0,0.0,0.0,0.0,0.0,0.0,0.0,0.0,0.0,,,,,,,0.5688,,0.0,20.0,20.0,20.0,1.0,,,,,,,,,,,,,,,,,,,,,,,,,,,,0
S070,2,2024-11-21_13h14.36.924,MotivatedInference,2024.1.5,Win32,60.24096386,668be8e87e83611e680fb3ab,{{%SESSION_ID%},Chrome,,,,,,,,,,,,,,,,,,,,,,,,,,,,,,0.0,,,,,,,,9.0,,,,,,,,,conditions/conds_128.csv,0.0,0.0,,,,,,,,,807.7357,812.2188,"[0.004100000023868233,0.016400000035787343,0.033100000023864595,0.04980000001194185,0.06640000003574187,0.08310000002381912,0.10069999998802359,0.11810000002378729,0.13419999998802723,0.14949999999998909,0.16649999999992815,0.18310000002384186,0.20019999998805815,0.2178000000119482,0.23419999998804997,0.2503000000118618,0.26640000003578734,0.28300000000001546,0.30010000002380366,0.31640000003574187,0.3331000000238191,0.34969999998804724,0.3664000000356964,0.38310000002377365,0.39990000003570003,0.4164000000357646,0.43310000002384186,0.4498000000119191,0.46640000003571913,0.48299999999994725,0.4996999999880245,0.5164000000357873,0.5331000000238646,0.5499999999999545,0.5666000000238682,0.5841999999880727,0.6009999999999991,0.6169999999999618,0.6330000000000382,0.6496000000238382,0.6666999999880545,0.6839000000356918,0.69969999998807,0.7164000000357191,0.7331000000237964,0.7504999999999882,0.7664999999999509,0.7831000000238646,0.7996999999880927,0.8163000000118927,0.8338000000119337,0.8496999999880472,0.8664000000356964,0.8840000000000146,0.9004999999999654,0.9164000000357646,0.9331000000238419,0.9498000000119191,0.9661999999880209,0.9831000000237964,0.9996999999880245,1.0164999999999509,1.0330000000000155,1.0498000000119418,1.066500000000019,1.0831000000238191,1.0998000000118964,1.1164000000356964,1.1345000000000027,1.1496999999881155,1.1671000000238791,1.1838000000119564,1.2005000000000337,1.2164000000357191,1.2329999999999472,1.2494000000357346,1.2663000000119382,1.2831000000238646,1.2996999999880927,1.3164000000357419,1.3331000000238191,1.3498000000118964,1.367100000023811,1.3831000000237736,1.3996999999881155,1.4171000000238791,1.4333000000118545,1.450600000023769,1.4664000000357191,1.4831000000237964,1.500400000035711,1.5171999999880654,1.534100000023841,1.5496999999880927,1.566800000011881,1.58299999999997,1.5996999999880472,1.6164999999999736,1.6328000000119118,1.649800000011851,1.6664000000357646,1.6829999999999927,1.69969999998807,1.7164000000357191,1.7331000000237964,1.7496999999880245,1.7663000000119382,1.7839000000357146,1.8004999999999427,1.81719999998802,1.8331000000238191,1.8496999999880472,1.866300000011961,1.8833000000119,1.9011000000238027,1.9163000000119155,1.9329999999999927,1.94969999998807,1.9664999999999964,1.9829999999999472,1.9996999999880245,2.017100000023788,2.0333000000118773,2.0496000000238155,2.0671000000238564,2.0838000000119337,2.0996999999880472,2.1164000000356964,2.133000000000038,2.150800000011941,2.167100000023879,2.183499999999981,2.19969999998807,2.21630000001187,2.2329999999999472,2.249500000000012,2.266300000011938,2.2831000000238646,2.2996999999880927,2.316400000035742,2.333100000023819,2.3495000000000346,2.367100000023811,2.3831000000237736,2.3999000000357,2.4164000000357646,2.4329999999999927,2.44969999998807,2.46630000001187,2.4836000000237846,2.4996999999880245,2.516499999999951,2.5330000000000155,2.5496999999880927,2.56610000002388,2.583100000023819,2.6003000000118845,2.6164000000356964,2.633000000000038,2.6496999999881155,2.6664000000357646,2.683199999988119,2.7005000000000337,2.71630000001187,2.7331000000237964,2.7496999999880245,2.766300000011938,2.7843000000118536,2.7996999999880927,2.816400000035742,2.833100000023819,2.8498000000118964,2.866300000011961,2.882800000011912,2.8996999999881155,2.91599999999994,2.9329999999999927,2.94969999998807,2.966400000035719,2.9831000000237964,2.9996999999880245,3.0164000000357873,3.0331000000238646,3.0496999999880927,3.066400000035742,3.0836999999880845,3.0996999999880472,3.116300000011961,3.133000000000038,3.1519000000357664,3.16780000001188,3.183100000023842,3.1996000000237927,3.217699999988099,3.2331999999880736,3.2496999999880245,3.2664000000357873,3.2830000000000155,3.2996999999880927,3.3163000000118927,3.3336999999880845,3.3500000000000227,3.3661000000238346,3.383800000011888,3.4001999999881036,3.416100000023789,3.4328000000118664,3.44969999998807,3.46630000001187,3.4829000000357837,3.4999000000357228,3.5164000000357873,3.5330000000000155,3.5496999999880927,3.566400000035742,3.5831999999880964,3.59960000002377,3.616300000011961,3.633000000000038,3.6496999999881155,3.6664000000357646,3.6836999999881073,3.7004000000357564,3.716400000035719,3.733800000011911,3.7496999999880245,3.7673000000119146,3.7833000000118773,3.7996999999880927,3.8163000000118927,3.8338000000119337,3.8503000000118845,3.8664000000356964,3.883400000035749,3.9003000000119528,3.916900000035753,3.9329999999999927,3.9496000000237927,3.966400000035719,3.9831000000237964,3.9996999999880245,4.016400000035787,4.033600000023853,4.0496000000238155,4.066300000011893,4.08299999999997,4.099699999988047,4.116199999988112,4.133900000035737,4.149499999999989,4.1663000000119155,4.18360000002383,4.199999999999932,4.21630000001187,4.232800000011935,4.249900000035723,4.266800000011926,4.2830000000000155,4.2996000000238155,4.31719999998802,4.333100000023819,4.350400000035734,4.367100000023811,4.383100000023774,4.3996999999881155,4.4163000000119155,4.432999999999993,4.450600000023769,4.46630000001187,4.482900000035784]",0.016649814,0.000569982,270.0,right,0.0,,,,,,1.0,0.0,12.0,0.5,0.682470642,1.0,1.11569698,-0.789625672,22.0,-0.006108652,0.369173441,0.034771665,0.081264392,0.215269419,6.0,1.124576875,-0.77860451,89.0,0.014835299,0.418022232,0.039220845,0.067729576,0.134251055,3.0,1.715887121,0.286126226,16.0,0.017453293,0.363466057,0.031192723,0.069909496,0.180964939,5.0,3.064336852,0.15389754,82.0,0.004363323,0.410673221,0.022643594,0.062174001,0.106425045,4.0,1.686092758,0.228554733,84.0,-0.002617994,0.412727296,0.032139903,0.078825818,0.191863964,5.0,2.419722931,0.991939127,81.0,-0.006981317,0.409724184,0.034267936,0.062711279,0.215248408,5.0,1.528524522,-0.084442931,98.0,-0.003490659,0.436582054,0.033239272,0.083554428,0.196244723,5.0,2.720387403,0.746249875,14.0,-0.004363323,0.361562951,0.033827978,0.08680928,0.200727788,5.0,0.507762529,-0.849757466,13.0,0.012217305,0.36034398,0.040523863,0.087309629,0.214125832,4.0,2.284850301,0.989837274,95.0,-0.003490659,0.427246221,0.028411926,0.064304978,0.203029515,6.0,3.03006893,0.221202602,38.0,-0.004363323,0.380540373,0.035789754,0.080850361,0.267900983,7.0,0.223857099,-0.432906155,48.0,-0.013089969,0.387063294,0.032293316,0.069877675,0.198684878,5.0,,,,,,,0.4513,,0.0,21.0,21.0,21.0,1.0,,,,,,,,,,,,,,,,,,,,,,,,,,,,0
S070,2,2024-11-21_13h14.36.924,MotivatedInference,2024.1.5,Win32,60.24096386,668be8e87e83611e680fb3ab,{{%SESSION_ID%},Chrome,,,,,,,,,,,,,,,,,,,,,,,,,,,,,,0.0,,,,,,,,4.0,,,,,,,,,conditions/conds_128.csv,0.0,0.0,,,,,,,,,813.6865,815.4188,"[0.00210000002380184,0.01630000001193821,0.032400000035750054,0.049400000035802805,0.06560000002389188,0.08299999999996999,0.09980000001189637,0.11640000003581008,0.1330000000000382,0.1493000000119764,0.16560000002391462,0.18310000002384186,0.19970000004775557,0.21630000001198368,0.23310000002391007,0.24880000001189728,0.26560000002382367,0.28350000000000364,0.29930000001195367,0.3153000000119164,0.3333000000119455,0.3490000000000464,0.3656000000238464,0.3830000000000382,0.3993000000119764,0.41630000001191547,0.4329999999999927,0.4498000000119191,0.4657000000477183,0.4829000000357837,0.4997000000477101,0.5156000000238237,0.5330000000000155,0.5489000000358146,0.5656000000238919,0.5826000000238309,0.5996000000238837,0.616300000011961,0.6331000000238873,0.6496000000238382,0.6663000000119155,0.6822000000477146,0.6989000000357919,0.7156000000238691,0.7323000000119464,0.7489000000357464,0.7656000000238237,0.7822000000477374,0.7989000000358146,0.8164000000357419,0.8326000000238309,0.8489000000357692,0.8654999999999973,0.8830000000000382,0.8997000000476874,0.9161000000239028,0.9323000000119919,0.9497000000477556,0.965900000035731,0.9823000000119464,0.9989000000357464,1.0156000000238237,1.032300000011901,1.0489000000358146,1.0653000000119164,1.0823000000119691,1.0990000000000464,1.1156000000238464,1.1322000000476464,1.1489000000357237,1.16700000000003,1.1822000000477146,1.198900000035792,1.21550000000002,1.23310000002391,1.2489000000357464,1.2657000000476728,1.283300000011991,1.2994999999999663,1.3156000000238919,1.33190000003583,1.3490000000000464,1.3656000000238464,1.3830000000000382,1.3996000000238382,1.4155000000000655,1.4323000000119919,1.4497000000477556,1.4656000000238691,1.4829000000357837,1.4990000000000236,1.5156000000238237,1.532300000011901,1.5489000000358146,1.5655000000000427,1.58299999999997,1.5999000000357455,1.6158000000119728,1.6323000000119237,1.6489000000357237,1.6656000000239146,1.6822000000477146,1.6997000000477556,1.7160000000000082,1.7323000000119464]",0.016636538,0.000578968,105.0,right,1.0,,,,,,2.0,0.0,4.0,0.5,-1.880160966,1.0,0.276425855,-0.525116252,57.0,0.007853982,0.392441245,0.040602447,0.07130778,0.218867016,4.0,1.087150551,-0.823351605,28.0,0.006108652,0.373747518,0.036497013,0.082304542,0.218348002,5.0,1.483639455,-0.173432322,41.0,0.013089969,0.382506884,0.032100804,0.075836611,0.218324429,6.0,1.387594148,-0.358260786,97.0,0.006981317,0.43254107,0.031598025,0.077611504,0.241207486,6.0,0.0,0.0,0.0,0.0,0.0,0.0,0.0,0.0,0.0,0.0,0.0,0.0,0.0,0.0,0.0,0.0,0.0,0.0,0.0,0.0,0.0,0.0,0.0,0.0,0.0,0.0,0.0,0.0,0.0,0.0,0.0,0.0,0.0,0.0,0.0,0.0,0.0,0.0,0.0,0.0,0.0,0.0,0.0,0.0,0.0,0.0,0.0,0.0,0.0,0.0,0.0,0.0,0.0,0.0,0.0,0.0,0.0,0.0,0.0,0.0,0.0,0.0,0.0,0.0,0.0,0.0,0.0,0.0,0.0,0.0,0.0,0.0,,,,,,,0.6524,,0.0,22.0,22.0,22.0,1.0,,,,,,,,,,,,,,,,,,,,,,,,,,,,0
S070,2,2024-11-21_13h14.36.924,MotivatedInference,2024.1.5,Win32,60.24096386,668be8e87e83611e680fb3ab,{{%SESSION_ID%},Chrome,,,,,,,,,,,,,,,,,,,,,,,,,,,,,,0.0,,,,,,,,12.0,,,,,,,,,conditions/conds_128.csv,0.0,0.0,,,,,,,,,817.0697,821.5855,"[0.004000000000019099,0.015900000035799167,0.03219999998816547,0.04960000002392917,0.06569999998816911,0.08230000001196913,0.09969999998816093,0.11630000001196095,0.1330000000000382,0.14980000001196458,0.16650000000004184,0.18330000001196822,0.1991999999880818,0.21550000000002,0.23300000000006094,0.24930000001199915,0.26560000002382367,0.28300000000001546,0.29960000002392917,0.3163000000120064,0.3330000000000837,0.3496000000238837,0.36569999998812364,0.3821999999880745,0.3998000000119646,0.41650000000004184,0.43250000000000455,0.44990000003576824,0.4660000000000082,0.48219999998809726,0.4986000000238846,0.5156000000238237,0.5331000000238646,0.5496999999880927,0.5660000000000309,0.5831999999880964,0.5993000000119082,0.6156000000238464,0.632100000023911,0.6496000000238382,0.6656999999880782,0.6823000000119919,0.6996000000239064,0.7164000000358328,0.7331000000239101,0.7499000000358365,0.7659000000357992,0.7826999999881536,0.7998000000119418,0.8161999999881573,0.8330000000000837,0.8498000000120101,0.8659000000358219,0.8823000000119237,0.8989000000358374,0.9156000000239146,0.9331000000238419,0.9496000000239064,0.9663000000119837,0.9821999999880973,0.999600000023861,1.0164000000357873,1.0326999999881536,1.0493000000119537,1.0659000000357537,1.08219999998812,1.099699999988161,1.116300000011961,1.13250000000005,1.1496000000238382,1.1659000000357764,1.1821999999881427,1.1996000000239064,1.2164000000358328,1.2324000000357955,1.2489000000357464,1.26580000001195,1.2823000000120146,1.2998000000119418,1.3155000000000427,1.332600000023831,1.3493000000119082,1.3661000000238346,1.3821999999880745,1.3996999999881155,1.4159000000357764,1.4321999999881427,1.449800000011919,1.4656999999881464,1.4821999999880973,1.4989000000357464,1.5156000000238237,1.532900000035852,1.5496999999880927,1.5661999999881573,1.58219999998812,1.59880000001192,1.6154999999999973,1.6323000000119237,1.6486000000238619,1.6655000000000655,1.6821999999881427,1.698900000035792,1.71550000000002,1.7321999999880973,1.749600000023861,1.7664000000357873,1.7821999999881655,1.7989000000358146,1.8156000000238919,1.83219999998812,1.8489000000357692,1.8665000000000873,1.882900000035761,1.8988000000119882,1.9156000000239146,1.9321999999881427,1.948900000035792,1.96550000000002,1.9821999999880973,1.998800000012011,2.015500000000088,2.032900000035852,2.049000000000092,2.0661999999881573,2.0821000000238428,2.0995000000000346,2.1161000000238346,2.1321999999880745,2.1496999999881155,2.1655000000000655,2.182900000035829,2.198900000035792,2.2163000000119837,2.2329000000357837,2.248800000012011,2.265500000000088,2.2830000000000155,2.2993000000119537,2.3163000000120064,2.332600000023831,2.34880000001192,2.3654000000358337,2.382100000023911,2.3988000000119882,2.4155000000000655,2.4321999999881427,2.448900000035792,2.46550000000002,2.4821999999880973,2.4990000000000236,2.515400000035811,2.5321999999881655,2.549600000023929,2.5655000000000427,2.58219999998812,2.59880000001192,2.616300000011961,2.6331999999881646,2.6494000000358255,2.6655000000000655,2.682300000011992,2.69860000002393,2.71550000000002,2.7321999999880973,2.7489000000357464,2.765500000000088,2.782800000012003,2.7989000000358146,2.8163000000120064,2.8321000000238428,2.848900000035769,2.8656000000238464,2.882100000023911,2.8989000000358374,2.9163000000119155,2.9329999999999927,2.94969999998807,2.9664999999999964,2.9825000000000728,2.9990000000000236,3.015500000000088,3.033300000011991,3.0488000000119655,3.0664000000358556,3.08219999998812,3.0996000000238837,3.1156000000238464,3.1321999999880745,3.1489000000358374,3.1656000000239146,3.1821000000238655,3.19969999998807,3.2161999999881346,3.2323000000119464,3.248800000012011,3.266300000011938,3.282900000035852,3.2989000000358146,3.3154000000357655,3.3321000000238428,3.34880000001192,3.3654999999999973,3.3821999999880745,3.3989000000358374,3.4156000000239146,3.4321999999881427,3.4488000000119428,3.46550000000002,3.4821999999880973,3.4989000000357464,3.515500000000088,3.5321999999881655,3.5496999999880927,3.5655000000000427,3.5829000000358064,3.5996000000238837,3.6154000000358337,3.6321999999880745,3.6496999999881155,3.6659000000357764,3.6821999999881427,3.6988000000119428,3.71550000000002,3.7321999999880973,3.748800000012011,3.765500000000088,3.782900000035852,3.79950000000008,3.8155000000000427,3.83219999998812,3.84880000001192,3.8654999999999973,3.882900000035761,3.8988000000119882,3.9163000000119155,3.932900000035829,3.9491000000239183,3.96550000000002,3.9824000000357955,3.9989000000357464,4.016000000000076,4.031900000035762,4.048600000023839,4.065900000035754,4.08219999998812,4.099000000000046,4.116199999988112,4.132699999988063,4.149300000011976,4.1655000000000655,4.1821000000238655,4.198800000011943,4.21550000000002,4.232100000023934,4.248800000012011,4.266300000011938,4.282600000023876,4.2988000000119655,4.3164000000358556,4.332100000023843,4.34880000001192,4.365499999999997,4.382900000035761,4.399600000023838,4.415600000023915,4.432199999988143,4.448900000035792,4.46550000000002,4.482100000023934,4.498699999988162,4.515600000023824]",0.01664797,0.000545821,272.0,right,1.0,,,,,,2.0,0.0,12.0,0.5,-1.916914743,1.0,1.604704537,0.06776445,53.0,-0.003490659,0.390095866,0.043303837,0.083823939,0.349451294,6.0,0.702878211,-0.9864118,15.0,-0.006108652,0.362511679,0.045131456,0.089284594,0.250473103,5.0,0.858610328,-0.989299098,97.0,0.006981317,0.43254107,0.031598025,0.077611504,0.241207486,6.0,0.216322861,-0.419274212,87.0,0.006108652,0.415699595,0.038834066,0.066745096,0.25903141,5.0,0.579927075,-0.916744855,70.0,0.007853982,0.401012824,0.032375196,0.060909739,0.168550131,4.0,0.020517682,-0.041023848,97.0,0.006981317,0.43254107,0.031598025,0.077611504,0.241207486,6.0,2.091353146,0.862967439,54.0,-0.000872665,0.390632361,0.034931933,0.073298853,0.195852464,4.0,0.883423141,-0.980843683,70.0,0.007853982,0.401012824,0.032375196,0.060909739,0.168550131,4.0,1.642468299,0.142853555,39.0,-0.006981317,0.381053424,0.030288742,0.070264002,0.227413277,7.0,2.02919062,0.793651982,40.0,0.001745329,0.381763748,0.031902579,0.075140032,0.211660484,6.0,2.423067469,0.991069334,15.0,-0.006108652,0.362511679,0.045131456,0.089284594,0.250473103,5.0,0.228703976,-0.441624007,59.0,0.006981317,0.393731017,0.031135395,0.06163787,0.205460115,5.0,,,,,,,0.5844,,0.0,23.0,23.0,23.0,1.0,,,,,,,,,,,,,,,,,,,,,,,,,,,,0
S070,2,2024-11-21_13h14.36.924,MotivatedInference,2024.1.5,Win32,60.24096386,668be8e87e83611e680fb3ab,{{%SESSION_ID%},Chrome,,,,,,,,,,,,,,,,,,,,,,,,,,,,,,-1.0,,,,,,,,7.0,,,,,,,,,conditions/conds_128.csv,0.0,0.0,,,,,,,,,824.2021,827.3021,"[0.003199999988055424,0.016899999976203617,0.03300000000001546,0.04969999998809271,0.06639999997616997,0.08379999995236176,0.10079999995230082,0.11639999997623818,0.13309999996431543,0.14969999998811545,0.16709999996430724,0.18389999997623363,0.19969999998806998,0.21649999999999636,0.23300000000006094,0.2496999999881382,0.26639999997621544,0.2830999999642927,0.2996999999880927,0.31639999997616997,0.3330999999642472,0.3496999999881609,0.36709999996423903,0.3830000000000382,0.4005000000000791,0.4163999999761927,0.4329999999999927,0.4505999999643109,0.4671999999881109,0.48300000000006094,0.5002999999522899,0.5162999999523663,0.5338999999761427,0.5496999999880927,0.56639999997617,0.5830000000000837,0.5996999999881609,0.6163999999762382,0.6330999999643154,0.6496999999881155,0.6663999999761927,0.6836999999881073,0.6997999999523472,0.7163999999761472,0.7330000000000609,0.7496999999881382,0.7663999999762154,0.7827999999523172,0.8008999999761954,0.81639999997617,0.8330000000000837,0.8496999999881609,0.8660999999642627,0.8830000000000382,0.8998999999762418,0.9171999999881564,0.9329999999999927,0.94969999998807,0.9664999999999964,0.9830999999642245,0.999599999964289,1.0163999999762154,1.0330000000000155,1.0496999999880927,1.0670999999642845,1.0836999999880845,1.0997999999523245,1.1163999999762382,1.1336999999881527,1.1515000000000555,1.166599999964319,1.183499999999981,1.1995999999642208,1.2160000000000082,1.233000000000061,1.2496999999881382,1.2662999999523663,1.2830000000000155,1.299399999976231,1.3162999999523208,1.3330999999642472,1.349699999988161,1.3666999999881,1.3831999999880509,1.3996999999881155,1.4163999999761927,1.4332999999523963,1.4495000000000573,1.466299999952298,1.4830999999642245,1.4997999999523017,1.5170999999642163,1.5335000000000036,1.54979999995237,1.5660999999643082,1.5828999999762345,1.5995999999643118,1.6163999999762382,1.632899999976189,1.6495999999642663,1.6660999999642172,1.68309999996427,1.6997999999523472,1.716299999952298,1.7327999999523627,1.7496999999881382,1.7662999999523663,1.7835999999642809,1.7995999999642436,1.816500000000019,1.8330999999642472,1.8497999999523245,1.8664999999999736,1.8830999999643154,1.9000999999642545,1.9162999999523436,1.9329999999999927,1.94969999998807,1.9660999999642854,1.9827999999523627,1.9996999999881382,2.01609999996424,2.0328999999761663,2.0495999999642436,2.06639999997617,2.0830000000000837,2.099699999988161,2.116399999976238,2.1336999999881527,2.1497999999523927,2.1662999999523436,2.1829999999999927,2.20069999998816,2.2163999999761472,2.233000000000061,2.249599999964289,2.2662999999523663,2.2830999999642927,2.2995999999642436,2.31639999997617,2.333099999964247,2.349699999988161,2.366299999952389,2.383000000000038,2.3996999999881155,2.4171999999881564,2.43309999996427,2.44969999998807,2.466299999952298,2.483799999952339,2.500399999976139,2.5171999999880654,2.5335000000000036,2.54979999995237,2.566500000000019,2.5841999999880727,2.5993999999761854,2.616199999988112,2.633000000000038,2.6505999999642427,2.6663999999761927,2.6828999999761436,2.699599999964221,2.7166999999881227,2.733000000000061,2.7497999999523017,2.7663999999762154,2.7830000000000155,2.7995999999642436,2.81639999997617,2.8330000000000837,2.8498999999761736,2.866599999964251,2.88279999995234,2.8995999999642663,2.9161999999880663,2.9332999999523963,2.94969999998807,2.9663999999761472,2.983000000000061,3.000399999976139,3.0167999999523545,3.0328999999761663,3.0495999999642436,3.0671999999881336,3.0836999999880845,3.0997999999523245]",0.016648387,0.000498517,187.0,right,1.0,,,,,,2.0,0.0,8.0,0.5,-1.315020863,1.0,2.824801602,0.59203541,90.0,-0.005235988,0.41932645,0.033694537,0.059919896,0.18718849,4.0,0.869970541,-0.985729099,70.0,0.007853982,0.401012824,0.032375196,0.060909739,0.168550131,4.0,1.46214327,-0.215599878,68.0,0.009599311,0.399449425,0.031951263,0.065393928,0.165147664,5.0,0.287743916,-0.544244111,52.0,0.004363323,0.389522306,0.03388387,0.067083277,0.213395069,6.0,1.522048758,-0.097340757,84.0,-0.002617994,0.412727296,0.032139903,0.078825818,0.191863964,5.0,0.902501654,-0.972698684,74.0,-0.002617994,0.403888444,0.032857311,0.06846285,0.186846183,6.0,3.01402476,0.252376802,24.0,-0.000872665,0.370951047,0.044446314,0.068882508,0.271498611,5.0,2.78372037,0.656179453,97.0,0.006981317,0.43254107,0.031598025,0.077611504,0.241207486,6.0,0.0,0.0,0.0,0.0,0.0,0.0,0.0,0.0,0.0,0.0,0.0,0.0,0.0,0.0,0.0,0.0,0.0,0.0,0.0,0.0,0.0,0.0,0.0,0.0,0.0,0.0,0.0,0.0,0.0,0.0,0.0,0.0,0.0,0.0,0.0,0.0,,,,,,,0.5675,,0.0,24.0,24.0,24.0,1.0,,,,,,,,,,,,,,,,,,,,,,,,,,,,0
S070,2,2024-11-21_13h14.36.924,MotivatedInference,2024.1.5,Win32,60.24096386,668be8e87e83611e680fb3ab,{{%SESSION_ID%},Chrome,,,,,,,,,,,,,,,,,,,,,,,,,,,,,,-1.0,,,,,,,,4.0,,,,,,,,,conditions/conds_128.csv,0.0,0.0,,,,,,,,,828.8695,830.5861,"[0.0018000000119400283,0.015499999999974534,0.03230000001190092,0.04889999997612904,0.06550000000004275,0.08219999998812,0.0996000000238837,0.1156000000238464,0.1323999999762009,0.14910000002385004,0.16560000002391462,0.18219999998814274,0.19939999997620816,0.21630000001198368,0.2319999999999709,0.2488999999761745,0.26549999999997453,0.2821999999880518,0.29889999997612904,0.3156000000238919,0.33230000001196913,0.34889999997619725,0.36549999999999727,0.3821999999880745,0.3990000000000009,0.4156000000239146,0.43219999998814274,0.44889999997622,0.46649999999999636,0.48310000002391007,0.4988999999761745,0.5156000000238237,0.5321000000238882,0.548899999976129,0.5656000000238919,0.5823000000119691,0.5988999999761973,0.6154999999999973,0.63250000000005,0.6490000000000009,0.6656000000239146,0.6823000000119919,0.6996000000239064,0.7156000000238691,0.7330000000000609,0.7488999999761745,0.7654999999999745,0.7821000000238882,0.7989999999999782,0.81639999997617,0.8326999999881082,0.8490000000000464,0.8656999999881236,0.8821999999880745,0.8988999999761518,0.9153999999762163,0.9329999999999927,0.9496000000239064,0.9656000000238691,0.9821999999880973,0.999600000023861,1.0154999999999745,1.032300000011901,1.0496000000238155,1.0655000000000427,1.0828999999761209,1.0996000000238837,1.116300000011961,1.1323000000119237,1.1488000000119882,1.1660000000000537,1.1823000000119919,1.1995000000000573,1.2156000000238691,1.23210000002382,1.2488000000118973,1.2654999999999745,1.2821999999880518,1.2998000000119418,1.316000000000031,1.33219999998812,1.3488999999761973,1.3654999999999973,1.3823000000119237,1.3988999999761518,1.4163000000119155,1.4323999999761554,1.44889999997622,1.46550000000002,1.48310000002391,1.4998000000119873,1.5154999999999745,1.532300000011901,1.5486999999881164,1.5656000000238919,1.5821000000238428,1.59880000001192,1.6154999999999973,1.6321999999880745,1.6488999999761518,1.6656000000239146,1.6821999999881427,1.6988000000119428,1.7163999999761472]",0.016646602,0.000507577,104.0,right,1.0,,,,,,2.0,0.0,4.0,0.5,-1.880160966,1.0,0.276425855,-0.525116252,57.0,0.007853982,0.392441245,0.040602447,0.07130778,0.218867016,4.0,1.087150551,-0.823351605,28.0,0.006108652,0.373747518,0.036497013,0.082304542,0.218348002,5.0,1.483639455,-0.173432322,41.0,0.013089969,0.382506884,0.032100804,0.075836611,0.218324429,6.0,1.387594148,-0.358260786,97.0,0.006981317,0.43254107,0.031598025,0.077611504,0.241207486,6.0,0.0,0.0,0.0,0.0,0.0,0.0,0.0,0.0,0.0,0.0,0.0,0.0,0.0,0.0,0.0,0.0,0.0,0.0,0.0,0.0,0.0,0.0,0.0,0.0,0.0,0.0,0.0,0.0,0.0,0.0,0.0,0.0,0.0,0.0,0.0,0.0,0.0,0.0,0.0,0.0,0.0,0.0,0.0,0.0,0.0,0.0,0.0,0.0,0.0,0.0,0.0,0.0,0.0,0.0,0.0,0.0,0.0,0.0,0.0,0.0,0.0,0.0,0.0,0.0,0.0,0.0,0.0,0.0,0.0,0.0,0.0,0.0,,,,,,,0.535,,0.0,25.0,25.0,25.0,1.0,,,,,,,,,,,,,,,,,,,,,,,,,,,,0
S070,2,2024-11-21_13h14.36.924,MotivatedInference,2024.1.5,Win32,60.24096386,668be8e87e83611e680fb3ab,{{%SESSION_ID%},Chrome,,,,,,,,,,,,,,,,,,,,,,,,,,,,,,-1.0,,,,,,,,12.0,,,,,,,,,conditions/conds_128.csv,0.0,0.0,,,,,,,,,832.1194,836.5525,"[0.0037000000477291906,0.015600000023823668,0.03230000001190092,0.04890000003581463,0.06560000002389188,0.08240000003581827,0.09900000000004638,0.1156000000238464,0.1322000000477601,0.1490000000000009,0.16630000001191547,0.18290000003582918,0.1995000000000573,0.21640000003583282,0.23270000004765734,0.24890000003574642,0.26560000002382367,0.2823000000119009,0.29890000003581463,0.31630000001189273,0.33260000002383094,0.34880000001192,0.3656000000238464,0.38230000001192366,0.39890000003583737,0.4156000000239146,0.43230000001199187,0.44940000003578007,0.46560000002386914,0.4823000000119464,0.4997000000477101,0.5154999999999745,0.5322000000477374,0.5489000000358146,0.5656000000238919,0.5826000000238309,0.5995000000000346,0.6159999999999854,0.6322000000477601,0.6489000000358374,0.6656000000239146,0.6823000000119919,0.6990000000000691,0.7156000000238691,0.7330000000000609,0.749600000023861,0.7665000000000646,0.7823000000119009,0.7989000000358146,0.8156000000238919,0.8332000000476683,0.8496000000238837,0.8661000000238346,0.8823000000119237,0.8989000000358374,0.9165000000000418,0.933200000047691,0.9490000000000691,0.9653000000118936,0.9823000000119464,0.9993000000119991,1.0163000000119382,1.0322000000477374,1.0489999999999782,1.0663000000118927,1.082200000047692,1.0990000000000464,1.1156000000238464,1.1323000000119237,1.1489000000358374,1.1661000000239028,1.1822000000477146,1.198900000035792,1.2163000000119837,1.2322000000476692,1.24970000004771,1.2663000000119382,1.282300000011901,1.299900000035791,1.3155000000000427,1.3323000000119691,1.3489000000357692,1.3654999999999973,1.3822000000477601,1.3989000000358374,1.4155000000000655,1.4322000000477146,1.448900000035792,1.4656000000238691,1.483000000000061,1.4989000000357464,1.5156000000238237,1.5322000000477374,1.5496000000238155,1.5663000000118927,1.582200000047692,1.5989000000357692,1.61640000003581,1.6331000000238873,1.6489000000358374,1.6656000000239146,1.6822000000477146,1.6988000000119428,1.71550000000002,1.7329000000357837,1.749600000023861,1.7656000000238237,1.7826000000238764,1.7997000000476646,1.8156000000238919,1.8323000000119691,1.8490000000000464,1.8654999999999973,1.882100000023911,1.8989000000358374,1.9155000000000655,1.9329999999999927,1.9497000000477556,1.9656000000238691,1.9823000000119464,1.9993000000119991,2.0154999999999745,2.032000000000039,2.04950000000008,2.0659000000357537,2.082200000047692,2.098900000035769,2.1156000000238464,2.13220000004776,2.149000000000001,2.1663000000119155,2.1829999999999927,2.198900000035792,2.21550000000002,2.2323000000119464,2.24970000004771,2.2654999999999745,2.2822000000477374,2.2988000000119655,2.316500000000019,2.333100000023819,2.348900000035769,2.3656000000238464,2.38220000004776,2.399000000000001,2.4155000000000655,2.4321000000238655,2.448900000035792,2.46550000000002,2.483000000000061,2.4987000000477337,2.5154999999999745,2.5322000000477374,2.5489000000358146,2.5655000000000427,2.582200000047692,2.5995000000000346,2.6154999999999973,2.633000000000038,2.6489000000358374,2.6658000000119273,2.682300000011992,2.699800000011919,2.7162000000477065,2.7328000000119346,2.749300000011999,2.766300000011938,2.7826000000238764,2.7988000000119655,2.8155000000000427,2.832200000047692,2.848900000035769,2.8654999999999973,2.88220000004776,2.8989000000358374,2.9155000000000655,2.9322000000477146,2.948900000035792,2.9663000000119837,2.98210000002382,2.999600000023861,3.0156000000238237,3.0322000000477374,3.0488000000119655,3.066400000035742,3.08299999999997,3.0990000000000464,3.1153000000119846,3.13220000004776,3.1488000000119882,3.1655000000000655,3.182300000011992,3.198900000035792,3.2158000000119955,3.232200000047669,3.249600000023861,3.266300000011938,3.288200000047709,3.298999999999978,3.3166000000238682,3.3321000000238428,3.3487000000477565,3.3657000000476955,3.382400000035773,3.399000000000001,3.4155000000000655,3.4321000000238655,3.4487000000476655,3.46550000000002,3.48210000002382,3.499600000023861,3.515400000035811,3.53240000003575,3.5489000000358146,3.566200000047729,3.5829000000358064,3.5990000000000464,3.6154999999999973,3.632900000035761,3.6489000000358374,3.6663000000119155,3.6829999999999927,3.7001000000238946,3.715900000035731,3.733000000000061,3.749600000023861,3.766100000023812,3.7829000000357382,3.7996000000238155,3.8159000000357537,3.8329000000358064,3.8492000000477447,3.8654999999999973,3.882400000035773,3.899600000023838,3.916200000047752,3.9329999999999927,3.948900000035792,3.966400000035833,3.9829000000357837,3.999200000047722,4.0154999999999745,4.033300000011991,4.049400000035803,4.0654000000357655,4.082900000035806,4.099200000047745,4.115600000023846,4.133000000000038,4.149700000047687,4.1663000000119155,4.182400000035841,4.198900000035792,4.216400000035833,4.232900000035784,4.2507000000476864,4.26580000001195,4.282600000023876,4.299300000011954,4.315800000011905,4.333100000023819,4.349300000011908,4.365499999999997,4.383100000023887,4.399600000023838,4.415600000023915,4.432900000035829]",0.016651128,0.000732142,267.0,right,1.0,,,,,,2.0,0.0,12.0,0.5,-1.916914743,1.0,1.604704537,0.06776445,53.0,-0.003490659,0.390095866,0.043303837,0.083823939,0.349451294,6.0,0.702878211,-0.9864118,15.0,-0.006108652,0.362511679,0.045131456,0.089284594,0.250473103,5.0,0.858610328,-0.989299098,97.0,0.006981317,0.43254107,0.031598025,0.077611504,0.241207486,6.0,0.216322861,-0.419274212,87.0,0.006108652,0.415699595,0.038834066,0.066745096,0.25903141,5.0,0.579927075,-0.916744855,70.0,0.007853982,0.401012824,0.032375196,0.060909739,0.168550131,4.0,0.020517682,-0.041023848,97.0,0.006981317,0.43254107,0.031598025,0.077611504,0.241207486,6.0,2.091353146,0.862967439,54.0,-0.000872665,0.390632361,0.034931933,0.073298853,0.195852464,4.0,0.883423141,-0.980843683,70.0,0.007853982,0.401012824,0.032375196,0.060909739,0.168550131,4.0,1.642468299,0.142853555,39.0,-0.006981317,0.381053424,0.030288742,0.070264002,0.227413277,7.0,2.02919062,0.793651982,40.0,0.001745329,0.381763748,0.031902579,0.075140032,0.211660484,6.0,2.423067469,0.991069334,15.0,-0.006108652,0.362511679,0.045131456,0.089284594,0.250473103,5.0,0.228703976,-0.441624007,59.0,0.006981317,0.393731017,0.031135395,0.06163787,0.205460115,5.0,,,,,,,0.5649,,0.0,26.0,26.0,26.0,1.0,,,,,,,,,,,,,,,,,,,,,,,,,,,,0
S070,2,2024-11-21_13h14.36.924,MotivatedInference,2024.1.5,Win32,60.24096386,668be8e87e83611e680fb3ab,{{%SESSION_ID%},Chrome,,,,,,,,,,,,,,,,,,,,,,,,,,,,,,-1.0,,,,,,,,5.0,,,,,,,,,conditions/conds_128.csv,0.0,0.0,,,,,,,,,838.1185,841.235,"[0.0026000000237900167,0.016399999976101753,0.03300000000001546,0.0504999999999427,0.06719999998801995,0.08380000001193366,0.0998999999761736,0.11630000001196095,0.1330000000000382,0.15049999999996544,0.16710000002387915,0.18389999997611994,0.20060000002388279,0.2171999999881109,0.23299999999994725,0.25,0.2663000000119382,0.2838999999761427,0.30039999997620725,0.3168000000118809,0.3338999999760972,0.3503999999761618,0.36660000002382276,0.3835000000000264,0.4003999999761163,0.41710000002387915,0.43389999997611994,0.4503999999761845,0.46649999999999636,0.4838000000119109,0.5004999999999882,0.5164999999999509,0.5333000000118773,0.55030000001193,0.5666999999880318,0.58299999999997,0.6003999999761618,0.6168999999761127,0.6330000000000382,0.6503999999761163,0.6671000000238791,0.6838999999761199,0.6998000000119191,0.7163999999761472,0.7338000000119109,0.7504999999999882,0.7669999999999391,0.7836999999880163,0.7993000000119537,0.8166000000238682,0.833399999976109,0.8501000000238719,0.866300000011961,0.8830000000000382,0.8996999999881155,0.9163000000119155,0.9329999999999927,0.9496000000237927,0.96630000001187,0.9833999999762,0.9996999999880245,1.0163999999761018,1.0331000000238646,1.0496999999880927,1.0666999999880318,1.0828999999761209,1.0996999999880472,1.116300000011961,1.1338999999761654,1.1498000000119646,1.1671999999880427,1.1836999999881073,1.200100000023781,1.21630000001187,1.233800000011911,1.2498000000118736,1.2663999999761018,1.282800000011889,1.2996000000238155,1.31639999997617,1.3334999999999582,1.3496999999880472,1.366300000011961,1.383699999988039,1.3996999999881155,1.4163999999761927,1.4329999999999927,1.44969999998807,1.4669999999999845,1.4836000000237846,1.4998000000118736,1.5161000000238118,1.5330000000000155,1.5496000000238155,1.56639999997617,1.58299999999997,1.5996999999880472,1.616300000011961,1.6330000000000382,1.6496000000238382,1.6663999999761927,1.6829999999999927,1.6996000000237927,1.7161999999880209,1.7331000000237964,1.7496999999880245,1.7663999999761018,1.7831999999880281,1.7998000000119418,1.8163000000118927,1.83299999999997,1.8493999999761854,1.866300000011961,1.8830000000000382,1.8996999999881155,1.9163999999761927,1.9329999999999927,1.9496000000237927,1.96630000001187,1.983800000011911,1.999600000023861,2.016300000011938,2.0330000000000155,2.0496999999880927,2.0671000000238564,2.0841999999880727,2.0996999999880472,2.116300000011961,2.133000000000038,2.1496999999881155,2.166500000000042,2.1828000000118664,2.19969999998807,2.2163999999761472,2.233699999988062,2.2496999999880245,2.2671999999880654,2.2828999999761663,2.2996999999880927,2.3163000000118927,2.33299999999997,2.3508000000118727,2.366300000011961,2.383699999988039,2.3996999999881155,2.416500000000042,2.4329999999999927,2.450600000023883,2.46730000001196,2.483800000011911,2.4993999999761627,2.516300000011938,2.5330000000000155,2.5496999999880927,2.5663000000118927,2.582899999976121,2.5996999999880472,2.6173000000119373,2.633199999988051,2.6496999999881155,2.6671999999880427,2.683100000023842,2.6996000000237927,2.717199999988111,2.7333999999762,2.749600000023861,2.7666999999880773,2.7833000000118773,2.7996000000238155,2.8163000000118927,2.8336999999880845,2.8495000000000346,2.866300000011961,2.883000000000038,2.899499999999989,2.9163000000119155,2.9329999999999927,2.9503999999761845,2.967199999988111,2.983899999976188,3.000399999976139,3.016300000011938,3.0330000000000155,3.0496999999880927,3.0663000000118927,3.083100000023819,3.0998999999761736,3.1163999999761245]",0.016651337,0.000486652,188.0,right,1.0,,,,,,1.0,0.0,8.0,0.5,4.520220834,-1.0,2.979862265,0.317849763,36.0,0.002617994,0.379263044,0.03913601,0.077664539,0.168574417,3.0,2.672936462,0.805970062,70.0,0.007853982,0.401012824,0.032375196,0.060909739,0.168550131,4.0,3.075905189,0.130997348,96.0,0.002617994,0.429744758,0.028375272,0.064697354,0.217313714,7.0,2.595958358,0.887212906,47.0,-0.003490659,0.386485672,0.032547094,0.064121381,0.201087455,6.0,1.908634547,0.625425276,42.0,0.010471976,0.383208229,0.034272345,0.075051408,0.167478928,5.0,2.308964545,0.995541981,59.0,0.006981317,0.393731017,0.031135395,0.06163787,0.205460115,5.0,2.164766972,0.92760186,40.0,0.001745329,0.381763748,0.031902579,0.075140032,0.211660484,6.0,1.485189511,-0.170378361,12.0,0.006981317,0.359228273,0.039160557,0.080955667,0.284615847,7.0,0.0,0.0,0.0,0.0,0.0,0.0,0.0,0.0,0.0,0.0,0.0,0.0,0.0,0.0,0.0,0.0,0.0,0.0,0.0,0.0,0.0,0.0,0.0,0.0,0.0,0.0,0.0,0.0,0.0,0.0,0.0,0.0,0.0,0.0,0.0,0.0,,,,,,,0.7334,,0.0,27.0,27.0,27.0,1.0,,,,,,,,,,,,,,,,,,,,,,,,,,,,0
S070,2,2024-11-21_13h14.36.924,MotivatedInference,2024.1.5,Win32,60.24096386,668be8e87e83611e680fb3ab,{{%SESSION_ID%},Chrome,,,,,,,,,,,,,,,,,,,,,,,,,,,,,,-1.0,,,,,,,,10.0,,,,,,,,,conditions/conds_128.csv,0.0,0.0,,,,,,,,,842.9851,847.4515,"[0.004699999988133641,0.016299999952366306,0.03300000000001546,0.049799999952369944,0.06639999997616997,0.08379999995236176,0.10029999995231265,0.11629999995227536,0.13339999997617724,0.15029999995238086,0.1663999999761927,0.1837999999523845,0.1997999999523472,0.21679999995228627,0.23329999995235084,0.2496999999881382,0.2662999999523663,0.2830999999642927,0.2995999999642436,0.31639999997616997,0.3330999999642472,0.35059999996428814,0.36629999995227536,0.38450000000000273,0.39969999998811545,0.41629999995234357,0.4329999999999927,0.44969999998807,0.4662999999522981,0.4828999999762118,0.5004999999999882,0.5170999999642163,0.5338999999761427,0.5500999999642318,0.5665000000000191,0.5828999999761209,0.5996999999880472,0.617099999964239,0.6335000000000264,0.6503999999761163,0.6662999999523436,0.68309999996427,0.6995999999642208,0.7170999999642618,0.7336999999880618,0.7496999999881382,0.7663999999762154,0.78369999998813,0.8000000000000682,0.81639999997617,0.8337999999523618,0.8502999999523126,0.8664999999999736,0.883699999988039,0.9001999999881036,0.9163999999761927,0.9327999999522945,0.9493999999762082,0.9662999999522981,0.9830000000000609,0.9997999999523017,1.0163999999762154,1.0330000000000155,1.0495999999642436,1.0662999999523208,1.083899999976211,1.1003999999761618,1.1171999999880882,1.1330999999642017,1.1495999999642663,1.1671999999880427,1.1836999999881073,1.1995999999642208,1.2174999999999727,1.233000000000061,1.2496999999881382,1.2665999999642281,1.2830000000000155,1.2996999999880927,1.31639999997617,1.3335999999642354,1.3500999999643,1.3663999999761245,1.382899999976189,1.3996999999881155,1.4162999999523436,1.43309999996427,1.44969999998807,1.4661999999881346,1.483000000000061,1.499599999964289,1.5170999999642163,1.5330999999642927,1.5496999999880927,1.5661999999880436,1.5828999999761209,1.6005999999642881,1.6169999999999618,1.6330000000000382,1.6495999999642663,1.6668999999761809,1.6829999999999927,1.69969999998807,1.7163999999761472,1.733000000000061,1.749599999964289,1.7662999999523663,1.7830999999642927,1.7995999999642436,1.8162999999523208,1.8328999999761209,1.850500000000011,1.8662999999522754,1.883699999988039,1.9003999999761163,1.9170999999641936,1.9329999999999927,1.9497999999523472,1.966299999952298,1.9830999999642245,1.999599999964289,2.0163999999762154,2.0328999999761663,2.0496999999880927,2.06639999997617,2.08299999999997,2.0996999999880472,2.117199999988088,2.133699999988039,2.1495999999642663,2.1671999999880427,2.1829999999999927,2.2003999999761845,2.2163999999761472,2.233699999988062,2.2497999999523017,2.2662999999523663,2.283999999999992,2.2996999999880927,2.31639999997617,2.33299999999997,2.3496999999880472,2.3662999999522754,2.3835000000000264,2.3999999999999773,2.4162999999523436,2.4329999999999927,2.4502999999523354,2.4663999999761472,2.483699999988062,2.5001999999881264,2.5162999999523663,2.5337999999522935,2.54979999995237,2.566299999952321,2.58299999999997,2.5996999999880472,2.617099999964239,2.6338999999761654,2.6503999999761163,2.6667999999523317,2.6836999999881073,2.699799999952347,2.716299999952298,2.7325999999642363,2.749699999988138,2.7663999999762154,2.7828999999761663,2.7996999999880927,2.816299999952321,2.83400000000006,2.850399999976162,2.8663999999761245,2.882899999976189,2.8995999999642663,2.9162999999523436,2.9329999999999927,2.94969999998807,2.9670999999642618,2.983799999952339,3.00029999995229,3.0163999999762154,3.0330000000000155,3.0495999999642436,3.0666999999881455,3.08299999999997,3.0995000000000346,3.116799999952377,3.133299999952328,3.1495999999642663,3.1662999999523436,3.1829999999999927,3.2002999999523354,3.2170999999642618,3.233000000000061,3.249599999964289,3.2662999999523663,3.2828999999761663,3.300299999952358,3.3170000000000073,3.3332999999523736,3.3500999999643,3.3663999999761245,3.382899999976189,3.3995999999642663,3.4167999999523317,3.4328999999761436,3.449599999964221,3.466299999952298,3.482899999976212,3.499599999964289,3.5163999999762154,3.5332999999523054,3.5495999999642436,3.566299999952321,3.58299999999997,3.599599999964198,3.616599999964251,3.632899999976189,3.6496999999881155,3.6666999999880545,3.6829999999999927,3.699299999952359,3.7161999999881346,3.732899999976212,3.749599999964289,3.7662999999523663,3.7830000000000155,3.7995999999642436,3.816299999952321,3.83299999999997,3.8496999999880472,3.866199999988112,3.8835999999643036,3.9004999999999654,3.9162999999523436,3.9328999999761436,3.94969999998807,3.9664999999999964,3.983000000000061,3.999500000000012,4.016199999988089,4.032899999976166,4.049299999952382,4.066199999988044,4.08299999999997,4.099599999964198,4.116899999976226,4.133000000000038,4.149599999964266,4.16700000000003,4.182999999999993,4.19969999998807,4.216399999976147,4.233599999964213,4.250399999976139,4.266299999952366,4.2837999999522935,4.300199999988081,4.3166999999881455,4.33299999999997,4.349899999976174,4.366299999952275,4.383599999964304,4.399799999952279,4.41700000000003,4.43309999996427,4.449599999964221,4.466299999952298]",0.016647761,0.000539446,269.0,right,1.0,,,,,,1.0,0.0,12.0,0.5,3.899519177,-1.0,1.607863906,0.074067269,19.0,-8.92894e-14,0.366380653,0.037711395,0.069882825,0.280007013,7.0,2.348121976,0.999869672,74.0,-0.002617994,0.403888444,0.032857311,0.06846285,0.186846183,6.0,2.012406029,0.772786129,80.0,0.000872665,0.408817555,0.034279956,0.069360427,0.160822937,4.0,0.891616243,-0.977520171,44.0,-0.006981317,0.384544024,0.027675657,0.071715856,0.246225121,7.0,2.501998864,0.957782611,24.0,-0.000872665,0.370951047,0.044446314,0.068882508,0.271498611,5.0,1.165861032,-0.72419794,95.0,-0.003490659,0.427246221,0.028411926,0.064304978,0.203029515,6.0,0.650281462,-0.963708614,31.0,0.004363323,0.375872077,0.0344646,0.07529372,0.228193104,6.0,1.835489685,0.5050041,82.0,0.004363323,0.410673221,0.022643594,0.062174001,0.106425045,4.0,2.330520156,0.998681947,56.0,0.002617994,0.391878159,0.037400891,0.06461151,0.256914973,6.0,2.701772035,0.770510243,2.0,0.008726646,0.338473989,0.032964075,0.086271212,0.185208292,4.0,2.678365785,0.799494829,85.0,0.003490659,0.413672168,0.024690997,0.064801949,0.114487367,4.0,2.763089033,0.686749103,42.0,0.010471976,0.383208229,0.034272345,0.075051408,0.167478928,5.0,,,,,,,0.852,,0.0,28.0,28.0,28.0,1.0,,,,,,,,,,,,,,,,,,,,,,,,,,,,0
S070,2,2024-11-21_13h14.36.924,MotivatedInference,2024.1.5,Win32,60.24096386,668be8e87e83611e680fb3ab,{{%SESSION_ID%},Chrome,,,,,,,,,,,,,,,,,,,,,,,,,,,,,,-1.0,,,,,,,,11.0,,,,,,,,,conditions/conds_128.csv,0.0,0.0,,,,,,,,,849.3027,853.7849,"[0.0038000000118927346,0.01530000001184817,0.03199999999992542,0.04890000003570094,0.06610000002376637,0.08280000001184362,0.09940000003575733,0.11540000003572004,0.1324000000357728,0.14890000003572368,0.16519999998808998,0.1829000000357155,0.19940000003578007,0.21580000001188182,0.23190000003569367,0.2494000000357346,0.2659999999999627,0.2819999999999254,0.29949999999996635,0.3161999999880436,0.33210000002384277,0.34880000001192,0.3661999999881118,0.38199999999994816,0.3996000000238382,0.41569999998807816,0.4323000000118782,0.4486999999880936,0.46590000003573095,0.48240000003579553,0.49869999998804815,0.5161000000238118,0.53240000003575,0.5486999999880027,0.5661000000237664,0.5828000000118436,0.59880000001192,0.6153000000118709,0.6319999999999482,0.6494000000357119,0.6661000000237891,0.6819000000357391,0.6986000000238164,0.7161000000238573,0.7323000000119464,0.7494000000357346,0.7656000000238237,0.7819999999999254,0.7994000000356891,0.8156999999880554,0.8319999999999936,0.8494000000357573,0.8654999999999973,0.8819000000357846,0.8996000000238382,0.9161000000237891,0.9321000000238655,0.9486000000238164,0.9660000000000082,0.9826999999880854,0.9988000000118973,1.015699999988101,1.032300000011901,1.0486000000238391,1.066000000000031,1.0828000000118436,1.0991000000237818,1.1151999999880218,1.1319000000357846,1.1494000000357119,1.16599999999994,1.1821000000238655,1.1994999999999436,1.2161000000238573,1.2328000000119346,1.248600000023771,1.2654000000356973,1.2829000000357382,1.2991000000238273,1.3159000000357537,1.3319999999999936,1.3494999999999209,1.365800000011859,1.3821000000237973,1.3986999999880254,1.4154000000357883,1.432199999988029,1.4486999999880936,1.4660000000000082,1.4828000000119346,1.4988000000118973,1.5153000000118482,1.5319999999999254,1.5486999999880027,1.5653000000119164,1.5826999999881082,1.5986999999880709,1.6151000000238582,1.6321000000237973,1.6486000000238619,1.6654000000357883,1.6821000000238655,1.6986000000238164,1.7154000000357428,1.73210000002382,1.7495000000000118,1.7661000000238118,1.7830000000000155,1.7993000000119537,1.8153000000119164,1.8326999999881082,1.8489999999999327,1.86569999998801,1.8819999999999482,1.8986999999880254,1.9156999999880782,1.9320000000000164,1.9486999999880936,1.9654000000357428,1.981999999999971,1.9986999999880481,2.0154000000356973,2.0319999999999254,2.049400000035689,2.0661000000237664,2.0819999999999936,2.098699999988071,2.11540000003572,2.1324999999999363,2.148600000023862,2.165300000011939,2.1820000000000164,2.1986999999880936,2.2161000000238573,2.2324000000357955,2.248699999988048,2.265300000011848,2.2819999999999254,2.2986999999880027,2.315499999999929,2.3319999999999936,2.3486000000237937,2.3663000000118473,2.3826000000237855,2.399000000000001,2.41519999998809,2.431699999988041,2.44940000003578,2.4656999999880327,2.481999999999971,2.4988000000118973,2.515300000011848,2.5319999999999254,2.549400000035689,2.5653000000119164,2.5819999999999936,2.598699999988071,2.615300000011871,2.6321000000237973,2.6485000000000127,2.665499999999952,2.6820000000000164,2.6986000000238164,2.715400000035743,2.7319000000356937,2.748600000023771,2.765300000011848,2.781900000035762,2.7986999999880027,2.8153000000119164,2.8321000000238428,2.8486000000237937,2.86540000003572,2.881999999999948,2.898600000023862,2.915300000011939,2.9320000000000164,2.94940000003578,2.9653000000118936,2.9821999999880973,2.998699999988048,3.015199999987999,3.031900000035762,3.048600000023839,3.0659000000357537,3.0819000000357164,3.098699999988071,3.11540000003572,3.1321999999880745,3.148600000023862,3.165300000011939,3.1829999999999927,3.1986000000238164,3.215400000035743,3.2324000000357955,3.2494000000357346,3.265199999987999,3.2819999999999254,3.299400000035689,3.315499999999929,3.3323000000118554,3.3489999999999327,3.36540000003572,3.381999999999948,3.398600000023862,3.415300000011939,3.4320000000000164,3.4486999999880936,3.4651999999880445,3.481999999999971,3.498699999988048,3.515300000011848,3.5319999999999254,3.5486999999880027,3.5654000000357655,3.5819999999999936,3.598699999988071,3.6151999999880218,3.631999999999948,3.6489000000357237,3.665300000011939,3.6820000000000164,3.6986999999880936,3.7151999999880445,3.7318000000118445,3.748499999999922,3.7651000000238355,3.7818000000119127,3.7991999999881045,3.8161000000237664,3.8319000000357164,3.8489999999999327,3.8651000000238582,3.8816999999880863,3.8984000000357355,3.9154000000357883,3.93180000001189,3.94840000003569,3.966000000000008,3.9821999999880973,3.998600000023771,4.015300000011848,4.031999999999925,4.049400000035689,4.065300000011916,4.082100000023843,4.098699999988071,4.115900000035708,4.132800000011912,4.148600000023862,4.165300000011939,4.182000000000016,4.198600000023816,4.215400000035743,4.231999999999971,4.248600000023771,4.265400000035697,4.281900000035762,4.298600000023839,4.316199999988044,4.332600000023831,4.349199999988059,4.365800000011859,4.382300000011924,4.398699999988025,4.41519999998809,4.432000000000016,4.448600000023816,4.465000000000032,4.481900000035694]",0.016647212,0.000523608,270.0,left,1.0,,,,,,2.0,0.0,12.0,0.5,-5.22384164,-1.0,0.618591923,-0.944865574,77.0,0.006108652,0.406238369,0.034151794,0.067462161,0.265706452,7.0,1.091411825,-0.818484946,61.0,-0.004363323,0.394911895,0.035957651,0.088187679,0.159307843,4.0,0.64929553,-0.963180339,13.0,0.012217305,0.36034398,0.040523863,0.087309629,0.214125832,4.0,2.498931978,0.959528002,81.0,-0.006981317,0.409724184,0.034267936,0.062711279,0.215248408,5.0,1.143731663,-0.753999279,95.0,-0.003490659,0.427246221,0.028411926,0.064304978,0.203029515,6.0,0.672716807,-0.974713119,68.0,0.009599311,0.399449425,0.031951263,0.065393928,0.165147664,5.0,0.420916324,-0.745865093,40.0,0.001745329,0.381763748,0.031902579,0.075140032,0.211660484,6.0,2.510410273,0.952810863,22.0,-0.006108652,0.369173441,0.034771665,0.081264392,0.215269419,6.0,0.846538854,-0.992532943,59.0,0.006981317,0.393731017,0.031135395,0.06163787,0.205460115,5.0,1.073250206,-0.838809189,31.0,0.004363323,0.375872077,0.0344646,0.07529372,0.228193104,6.0,1.165032964,-0.725339004,38.0,-0.004363323,0.380540373,0.035789754,0.080850361,0.267900983,7.0,1.906193861,0.621608983,93.0,0.012217305,0.423353751,0.033559225,0.078739299,0.188587653,4.0,,,,,,,0.8998,,0.0,29.0,29.0,29.0,1.0,,,,,,,,,,,,,,,,,,,,,,,,,,,,0
S070,2,2024-11-21_13h14.36.924,MotivatedInference,2024.1.5,Win32,60.24096386,668be8e87e83611e680fb3ab,{{%SESSION_ID%},Chrome,,,,,,,,,,,,,,,,,,,,,,,,,,,,,,1.0,,,,,,,,11.0,,,,,,,,,conditions/conds_128.csv,0.0,0.0,,,,,,,,,856.9693,861.418,"[0.0036999999881572876,0.015199999988112722,0.03200000000003911,0.048599999964267226,0.06539999997619361,0.08199999999999363,0.09869999998807089,0.1153000000119846,0.13200000000006185,0.14969999998811545,0.16530000001193912,0.1818000000120037,0.19850000000008095,0.21569999998814637,0.23200000000008458,0.2493999999761627,0.2653999999762391,0.2820000000000391,0.29869999998811636,0.3153000000119164,0.33289999997623454,0.3486999999880709,0.3653000000119846,0.38200000000006185,0.39859999996428996,0.4153000000119391,0.43189999997616724,0.4485999999642445,0.4658000000119955,0.4816999999881091,0.49839999997618634,0.5153999999762391,0.5315999999643282,0.5486999999881164,0.5651999999880672,0.5818999999761445,0.5985999999642218,0.6153000000119846,0.6318999999762127,0.64859999996429,0.6653000000119391,0.6818999999761672,0.6995000000000573,0.7168000000119719,0.7320000000000846,0.7486999999881618,0.7660000000000764,0.7831999999881418,0.7985999999642672,0.8153000000119164,0.8319999999999936,0.8485999999642218,0.8653000000119846,0.8818999999762127,0.89859999996429,0.9160999999643309,0.9320999999642936,0.9493000000119309,0.9653000000120073,0.9821999999880973,0.9993999999761627,1.01609999996424,1.0323000000120146,1.0488000000119655,1.0648999999762054,1.0826999999881082,1.0988999999761973,1.1153000000119846,1.1318999999762127,1.14859999996429,1.1653000000119391,1.1820000000000164,1.1985999999642445,1.2161999999881346,1.2320999999642481,1.2486999999881618,1.2653000000119619,1.28189999997619,1.2985999999642672,1.3155000000000427,1.3318999999761445,1.3481999999880827,1.3653000000119846,1.3818999999762127,1.398699999988139,1.416099999964331,1.4323000000119919,1.4490000000000691,1.4655999999642972,1.4820000000000846,1.4993000000119991,1.5168000000119264,1.53189999997619,1.5485999999642672,1.5651999999880672,1.5819999999999936,1.5988999999761973,1.6155999999642745,1.6320000000000618,1.6485000000000127,1.66519999998809,1.6818999999761672,1.6985999999642445,1.7160000000000082,1.7323000000119464,1.7486999999881618,1.7651999999881127,1.7818000000119127,1.7986999999881164,1.8153000000119164,1.8326999999881082,1.8493999999761854,1.8653000000119846,1.8826999999881764,1.899499999999989,1.916099999964331,1.9323999999761554,1.948500000000081,1.9653000000120073,1.9826999999880854,1.9985000000000355,2.0151999999881127,2.032000000000039,2.0486999999881164,2.065699999988169,2.0833000000119455,2.0995000000000346,2.116199999988112,2.1325999999643273,2.14859999996429,2.166099999964331,2.1818999999761672,2.1985999999642445,2.215199999988158,2.2318999999762354,2.248699999988162,2.265300000011962,2.282000000000039,2.2985999999642672,2.3153000000119164,2.3318999999761445,2.3485999999642218,2.3651999999881355,2.3818999999762127,2.3991999999881273,2.4153999999762163,2.432300000011992,2.4483000000119546,2.465399999976171,2.4818999999762354,2.4985999999643127,2.5149999999999864,2.532000000000039,2.5485999999642672,2.5651999999880672,2.5836999999880845,2.598699999988071,2.6155999999642745,2.63250000000005,2.648699999988139,2.6663000000119155,2.6818999999761672,2.69889999997622,2.715199999988158,2.7325999999642363,2.7485999999643127,2.76580000001195,2.78189999997619,2.7991999999881045,2.815699999988169,2.832599999964259,2.84880000001192,2.8651999999881355,2.88250000000005,2.89859999996429,2.91519999998809,2.93280000001198,2.9505000000000337,2.96550000000002,2.982899999976212,2.999099999964301,3.0149999999999864,3.03189999997619,3.0483999999762545,3.0651999999880672,3.0815999999642827,3.0985999999642218,3.1151999999881355,3.132000000000062,3.14859999996429,3.1653999999762163,3.1818999999761672,3.1985999999642445,3.215199999988158,3.2318999999762354,3.249099999964301,3.26709999996433,3.28189999997619,3.2983000000119773,3.3151999999880672,3.3318999999761445,3.348699999988071,3.3651999999881355,3.3825999999643273,3.398699999988139,3.41519999998809,3.4320000000000164,3.449300000011931,3.465199999988158,3.481800000011958,3.4985000000000355,3.515300000011962,3.53189999997619,3.5488999999762427,3.56559999996432,3.5818999999761445,3.5985999999642218,3.6151999999881355,3.6318999999762127,3.64859999996429,3.665300000011939,3.6818999999761672,3.6986999999880936,3.715199999988158,3.7325999999642363,3.749300000011999,3.7651999999881127,3.7826999999881536,3.7993000000119537,3.815699999988169,3.832300000011969,3.8485999999642218,3.8653000000119846,3.882000000000062,3.8985000000000127,3.91519999998809,3.9318999999761672,3.9485999999642445,3.9653000000120073,3.9818999999762354,3.9985999999643127,4.015300000011962,4.032000000000039,4.049399999976231,4.066199999988157,4.081800000011981,4.098899999976197,4.115300000011985,4.131899999976213,4.148500000000013,4.16519999998809,4.181800000012004,4.1985999999642445,4.215300000012007,4.232300000011946,4.248800000012011,4.265300000011962,4.28189999997619,4.29849999999999,4.315899999976182,4.3325000000000955,4.348699999988071,4.3659999999999854,4.382000000000062,4.398500000000013,4.41519999998809,4.431800000012004,4.448399999976232]",0.016646816,0.000583945,268.0,left,1.0,,,,,,2.0,0.0,12.0,0.5,-5.22384164,-1.0,0.618591923,-0.944865574,77.0,0.006108652,0.406238369,0.034151794,0.067462161,0.265706452,7.0,1.091411825,-0.818484946,61.0,-0.004363323,0.394911895,0.035957651,0.088187679,0.159307843,4.0,0.64929553,-0.963180339,13.0,0.012217305,0.36034398,0.040523863,0.087309629,0.214125832,4.0,2.498931978,0.959528002,81.0,-0.006981317,0.409724184,0.034267936,0.062711279,0.215248408,5.0,1.143731663,-0.753999279,95.0,-0.003490659,0.427246221,0.028411926,0.064304978,0.203029515,6.0,0.672716807,-0.974713119,68.0,0.009599311,0.399449425,0.031951263,0.065393928,0.165147664,5.0,0.420916324,-0.745865093,40.0,0.001745329,0.381763748,0.031902579,0.075140032,0.211660484,6.0,2.510410273,0.952810863,22.0,-0.006108652,0.369173441,0.034771665,0.081264392,0.215269419,6.0,0.846538854,-0.992532943,59.0,0.006981317,0.393731017,0.031135395,0.06163787,0.205460115,5.0,1.073250206,-0.838809189,31.0,0.004363323,0.375872077,0.0344646,0.07529372,0.228193104,6.0,1.165032964,-0.725339004,38.0,-0.004363323,0.380540373,0.035789754,0.080850361,0.267900983,7.0,1.906193861,0.621608983,93.0,0.012217305,0.423353751,0.033559225,0.078739299,0.188587653,4.0,,,,,,,0.5997,,0.0,30.0,30.0,30.0,1.0,,,,,,,,,,,,,,,,,,,,,,,,,,,,0
S070,2,2024-11-21_13h14.36.924,MotivatedInference,2024.1.5,Win32,60.24096386,668be8e87e83611e680fb3ab,{{%SESSION_ID%},Chrome,,,,,,,,,,,,,,,,,,,,,,,,,,,,,,1.0,,,,,,,,9.0,,,,,,,,,conditions/conds_128.csv,0.0,0.0,,,,,,,,,863.0349,867.5181,"[0.0037000000476155037,0.016300000011824523,0.03290000003573823,0.049999999999954525,0.06630000001189273,0.08299999999996999,0.09970000004761914,0.11630000001184726,0.13290000003576097,0.14960000002383822,0.16630000001191547,0.18299999999999272,0.19930000001193093,0.2169000000357073,0.23320000004764552,0.24960000002374727,0.2663000000118245,0.2829999999999018,0.2996000000238155,0.3170000000000073,0.33380000001193366,0.34960000002377,0.36630000001184726,0.38290000003576097,0.3996000000238382,0.41620000004763824,0.43310000002384186,0.4504000000357564,0.4666000000238455,0.48290000003567,0.49960000002374727,0.5164000000356737,0.5329999999999018,0.5498000000118282,0.5666000000237545,0.5831000000238191,0.59960000002377,0.6163000000118473,0.632900000035761,0.6501000000238264,0.6659000000357764,0.6829000000357155,0.6996000000237927,0.71630000001187,0.73290000003567,0.7495000000000118,0.7667000000476492,0.7829999999999018,0.7997000000476646,0.8170000000000073,0.8338000000119337,0.84960000002377,0.8662000000476837,0.8829999999999245,0.8994999999999891,0.9163000000119155,0.9329000000357155,0.9494999999999436,0.9664000000357191,0.98290000003567,0.9995000000000118,1.016200000047661,1.0329000000357382,1.0496000000238155,1.0663000000118927,1.0829000000356928,1.0994999999999209,1.1162000000476837,1.1329999999999245,1.1497000000476874,1.1663000000119155,1.1829000000357155,1.1996000000237927,1.2168000000118582,1.2334999999999354,1.2497000000475964,1.2663000000118245,1.2827000000476119,1.2996000000238155,1.3162000000476155,1.33299999999997,1.34960000002377,1.3662000000476837,1.3824999999999363,1.399499999999989,1.4163000000119155,1.4329000000357155,1.4494999999999436,1.4662000000475928,1.4834999999999354,1.4997000000475964,1.5172000000476373,1.5337000000475882,1.5499999999999545,1.5663000000118927,1.5829000000356928,1.6002000000476073,1.6166000000238228,1.632900000035761,1.649499999999989,1.6662000000476382,1.6831000000238419,1.6996000000237927,1.7162000000475928,1.7328000000119346,1.7496000000237473,1.766200000047661,1.7829999999999018,1.7996000000238155,1.8161000000237664,1.8337000000476564,1.8504000000357337,1.8663000000118473,1.882900000035761,1.899499999999989,1.9162000000476382,1.9329000000357155,1.9494999999999436,1.96630000001187,1.98290000003567,1.9996000000237473,2.016200000047661,2.0329999999999018,2.0496000000238155,2.06690000003573,2.0829000000356928,2.0994000000357573,2.1162000000476837,2.132900000035761,2.149600000023838,2.1663000000119155,2.1829000000357155,2.20020000004763,2.2162000000475928,2.2328000000119346,2.2494000000357346,2.266200000047661,2.282800000011889,2.2996000000238155,2.31690000003573,2.3329000000356928,2.350100000023758,2.3663000000118473,2.382900000035761,2.399600000023838,2.4162000000476382,2.4334000000357037,2.4504000000357564,2.4662000000475928,2.48290000003567,2.499500000000012,2.517100000023788,2.5333000000118773,2.5504999999999427,2.567400000035718,2.5829000000356928,2.5999000000357455,2.6166000000238228,2.632800000011912,2.649600000023838,2.6662000000476382,2.6829000000357155,2.6994999999999436,2.7162000000475928,2.73290000003567,2.7497000000475964,2.766200000047661,2.7829000000357382,2.7994999999999663,2.8159000000357537,2.8329000000356928,2.8503000000118845,2.8662000000476837,2.882800000011912,2.899499999999989,2.9169999999999163,2.9329000000357155,2.949800000011919,2.96630000001187,2.982600000023808,2.999500000000012,3.016200000047661,3.0329000000357382,3.0496000000238155,3.0662000000476155,3.0829000000356928,3.1003000000118845,3.116999999999962,3.132900000035761,3.149499999999989,3.166900000035753,3.1828000000118664,3.1996000000237927,3.2162000000475928,3.2334999999999354,3.250300000011862,3.2663000000118245,3.2829999999999018,3.2994999999999663,3.3162000000476155,3.3328000000118436,3.34960000002377,3.3661000000238346,3.382900000035761,3.399499999999989,3.4162000000476382,3.4329000000357155,3.4496000000237927,3.4662000000475928,3.48290000003567,3.499500000000012,3.516200000047661,3.533700000047588,3.549800000011828,3.5662000000476155,3.5828000000118436,3.6002000000476073,3.616999999999962,3.632800000011912,3.649499999999989,3.6662000000476382,3.6829000000357155,3.6994999999999436,3.7162000000475928,3.7328000000119346,3.749500000000012,3.766200000047661,3.782800000011889,3.8004000000356655,3.8162000000476155,3.8337000000476564,3.84960000002377,3.8661000000238346,3.882800000011912,3.899400000035712,3.9162000000476382,3.9329000000357155,3.9494999999999436,3.9662000000475928,3.9829999999999472,3.9996000000237473,4.016200000047661,4.032800000011889,4.049499999999966,4.0662000000476155,4.082900000035693,4.099499999999921,4.116200000047684,4.132900000035761,4.149600000023838,4.166400000035765,4.182999999999993,4.199499999999944,4.216100000023744,4.23290000003567,4.2493000000118855,4.266200000047661,4.282900000035738,4.299499999999966,4.3162000000476155,4.332900000035693,4.349499999999921,4.366200000047684,4.382900000035761,4.399499999999989,4.416100000023789,4.432800000011866,4.449600000023793,4.466200000047593,4.483100000023796]",0.016652045,0.000419999,270.0,right,0.0,,,,,,1.0,0.0,12.0,0.5,0.682470642,1.0,1.11569698,-0.789625672,22.0,-0.006108652,0.369173441,0.034771665,0.081264392,0.215269419,6.0,1.124576875,-0.77860451,89.0,0.014835299,0.418022232,0.039220845,0.067729576,0.134251055,3.0,1.715887121,0.286126226,16.0,0.017453293,0.363466057,0.031192723,0.069909496,0.180964939,5.0,3.064336852,0.15389754,82.0,0.004363323,0.410673221,0.022643594,0.062174001,0.106425045,4.0,1.686092758,0.228554733,84.0,-0.002617994,0.412727296,0.032139903,0.078825818,0.191863964,5.0,2.419722931,0.991939127,81.0,-0.006981317,0.409724184,0.034267936,0.062711279,0.215248408,5.0,1.528524522,-0.084442931,98.0,-0.003490659,0.436582054,0.033239272,0.083554428,0.196244723,5.0,2.720387403,0.746249875,14.0,-0.004363323,0.361562951,0.033827978,0.08680928,0.200727788,5.0,0.507762529,-0.849757466,13.0,0.012217305,0.36034398,0.040523863,0.087309629,0.214125832,4.0,2.284850301,0.989837274,95.0,-0.003490659,0.427246221,0.028411926,0.064304978,0.203029515,6.0,3.03006893,0.221202602,38.0,-0.004363323,0.380540373,0.035789754,0.080850361,0.267900983,7.0,0.223857099,-0.432906155,48.0,-0.013089969,0.387063294,0.032293316,0.069877675,0.198684878,5.0,,,,,,,1.1826,,0.0,31.0,31.0,31.0,1.0,,,,,,,,,,,,,,,,,,,,,,,,,,,,0
S070,2,2024-11-21_13h14.36.924,MotivatedInference,2024.1.5,Win32,60.24096386,668be8e87e83611e680fb3ab,{{%SESSION_ID%},Chrome,,,,,,,,,,,,,,,,,,,,,,,,,,,,,,1.0,,,,,,,,3.0,,,,,,,,,conditions/conds_128.csv,0.0,0.0,,,,,,,,,869.7184,871.4346,"[0.0019000000357891622,0.016800000011926386,0.032700000047611866,0.04940000003568912,0.06600000000003092,0.08380000001193366,0.09940000003575733,0.11620000004768372,0.1327000000476346,0.14960000002383822,0.16630000001191547,0.18270000004770282,0.1999999999999318,0.2166000000238455,0.2326000000238082,0.24930000001188546,0.2659999999999627,0.2828000000118891,0.2994000000356891,0.31610000002376637,0.33260000002383094,0.3493000000119082,0.36599999999998545,0.38370000004761096,0.40030000001195276,0.41630000001191547,0.43280000001186636,0.44990000003576824,0.46640000003571913,0.48270000004765734,0.49920000004760823,0.5163000000119382,0.5327000000476119,0.5494000000356891,0.5660000000000309,0.5827000000476801,0.5994000000357573,0.6159999999999854,0.6327000000476346,0.6501000000238264,0.6668000000119036,0.6829999999999927,0.6994000000357801,0.7161000000238573,0.7327000000476573,0.7494000000357346,0.7659999999999627,0.7828000000118891,0.799900000035791,0.8163000000118927,0.8331000000238191,0.8489999999999327,0.8661000000238346,0.8834000000357491,0.9002000000476755,0.91599999999994,0.9327000000477028,0.9494000000357801,0.9660000000000082,0.9826000000238082,0.9994000000357346,1.0159999999999627,1.0329000000357382,1.0493000000119537,1.066000000000031,1.082600000023831,1.0993000000119082,1.1169999999999618,1.1331000000237736,1.1493000000118627,1.16599999999994,1.1829999999999927,1.19940000003578,1.2162000000477065,1.2327000000476573,1.2493000000118855,1.2659999999999627,1.2826000000237627,1.2993000000119537,1.316000000000031,1.332600000023831,1.3493000000119082,1.3661000000238346,1.3826000000237855,1.3996000000238382,1.41599999999994,1.4327000000477028,1.449300000011931,1.4662000000477065,1.4829000000357837,1.4993000000118855,1.5163000000119382,1.5326000000237627,1.5493000000119537,1.5663000000118927,1.582600000023831,1.5993000000119082,1.6159999999999854,1.6326000000237855,1.6501000000238264,1.666100000023789,1.6827000000477028,1.69940000003578,1.7160000000000082]",0.016641748,0.000399642,104.0,left,1.0,,,,,,2.0,0.0,4.0,0.5,-0.398006442,-1.0,2.439994869,0.985987839,56.0,0.002617994,0.391878159,0.037400891,0.06461151,0.256914973,6.0,0.956863109,-0.94177354,9.0,0.01134464,0.355140301,0.038458273,0.073668072,0.274720221,7.0,1.531642412,-0.078227822,48.0,-0.013089969,0.387063294,0.032293316,0.069877675,0.198684878,5.0,0.186275662,-0.363992921,50.0,-0.003490659,0.388365859,0.031859869,0.061653869,0.235670302,6.0,0.0,0.0,0.0,0.0,0.0,0.0,0.0,0.0,0.0,0.0,0.0,0.0,0.0,0.0,0.0,0.0,0.0,0.0,0.0,0.0,0.0,0.0,0.0,0.0,0.0,0.0,0.0,0.0,0.0,0.0,0.0,0.0,0.0,0.0,0.0,0.0,0.0,0.0,0.0,0.0,0.0,0.0,0.0,0.0,0.0,0.0,0.0,0.0,0.0,0.0,0.0,0.0,0.0,0.0,0.0,0.0,0.0,0.0,0.0,0.0,0.0,0.0,0.0,0.0,0.0,0.0,0.0,0.0,0.0,0.0,0.0,0.0,,,,,,,0.8866,,0.0,32.0,32.0,32.0,1.0,,,,,,,,,,,,,,,,,,,,,,,,,,,,0
S070,2,2024-11-21_13h14.36.924,MotivatedInference,2024.1.5,Win32,60.24096386,668be8e87e83611e680fb3ab,{{%SESSION_ID%},Chrome,,,,,,,,,,,,,,,,,,,,,,,,,,,,,,1.0,,,,,,,,4.0,,,,,,,,,conditions/conds_128.csv,0.0,0.0,,,,,,,,,873.3181,875.0393,"[0.002000000000066393,0.016299999952366306,0.03300000000001546,0.04969999998809271,0.06639999997616997,0.08300000000008367,0.09979999995232447,0.11639999997623818,0.13289999997618906,0.14969999998811545,0.16629999995234357,0.18279999995240814,0.19969999998806998,0.21629999995241178,0.23300000000006094,0.24959999996428905,0.2662999999523663,0.28359999996428087,0.3002999999523581,0.3161999999881573,0.3330000000000837,0.35029999995231265,0.36629999995238904,0.3830000000000382,0.3995999999642663,0.4175000000000182,0.4331999999881191,0.4495000000000573,0.4662999999524118,0.48300000000006094,0.4996999999881382,0.5162999999523663,0.5330000000000155,0.5495999999642436,0.5670999999642845,0.5830000000000837,0.5996999999881609,0.616299999952389,0.6332999999523281,0.6495999999642663,0.6662999999523436,0.6829999999999927,0.6995999999643345,0.7166999999881227,0.7335999999643263,0.7502999999524036,0.7671999999880654,0.7827999999523172,0.7991999999881045,0.8161999999881573,0.8330000000000837,0.8495999999643118,0.8661999999881118,0.8830000000000382,0.8995999999642663,0.9162999999523436,0.9328999999761436,0.94969999998807,0.9662999999524118,0.9836999999881755,0.9997999999523017,1.0162999999523663,1.0333999999761545,1.050199999988081,1.0662999999523208,1.0836999999880845,1.0997999999523245,1.116299999952389,1.1335000000000264,1.1495999999642663,1.1662999999523436,1.1829999999999927,1.19969999998807,1.2162999999524118,1.233000000000061,1.249599999964289,1.266199999988089,1.2830000000000155,1.2996999999880927,1.3170000000000073,1.3328999999762345,1.3495999999643118,1.3661999999881118,1.3830000000000382,1.3998999999762418,1.41700000000003,1.4332999999523963,1.4495999999643345,1.4662999999524118,1.483000000000061,1.499599999964289,1.5162999999523663,1.5328999999761663,1.5496999999880927,1.5736999999880936,1.5876999999881036,1.6028999999762163,1.6235999999643127,1.636799999952359,1.6537999999524118,1.6696999999880973,1.6862999999523254,1.7040000000000646,1.7210000000000036]",0.01668932,0.001038755,104.0,right,1.0,,,,,,2.0,0.0,4.0,0.5,-1.880160966,1.0,0.276425855,-0.525116252,57.0,0.007853982,0.392441245,0.040602447,0.07130778,0.218867016,4.0,1.087150551,-0.823351605,28.0,0.006108652,0.373747518,0.036497013,0.082304542,0.218348002,5.0,1.483639455,-0.173432322,41.0,0.013089969,0.382506884,0.032100804,0.075836611,0.218324429,6.0,1.387594148,-0.358260786,97.0,0.006981317,0.43254107,0.031598025,0.077611504,0.241207486,6.0,0.0,0.0,0.0,0.0,0.0,0.0,0.0,0.0,0.0,0.0,0.0,0.0,0.0,0.0,0.0,0.0,0.0,0.0,0.0,0.0,0.0,0.0,0.0,0.0,0.0,0.0,0.0,0.0,0.0,0.0,0.0,0.0,0.0,0.0,0.0,0.0,0.0,0.0,0.0,0.0,0.0,0.0,0.0,0.0,0.0,0.0,0.0,0.0,0.0,0.0,0.0,0.0,0.0,0.0,0.0,0.0,0.0,0.0,0.0,0.0,0.0,0.0,0.0,0.0,0.0,0.0,0.0,0.0,0.0,0.0,0.0,0.0,,,,,,,0.7677,,0.0,33.0,33.0,33.0,1.0,,,,,,,,,,,,,,,,,,,,,,,,,,,,0
S070,2,2024-11-21_13h14.36.924,MotivatedInference,2024.1.5,Win32,60.24096386,668be8e87e83611e680fb3ab,{{%SESSION_ID%},Chrome,,,,,,,,,,,,,,,,,,,,,,,,,,,,,,1.0,,,,,,,,8.0,,,,,,,,,conditions/conds_128.csv,0.0,0.0,,,,,,,,,876.8041,879.8888,"[0.002399999976205436,0.01700000000005275,0.03459999996425722,0.05169999998815911,0.06900000000007367,0.08379999995236176,0.10089999997626364,0.11719999998808817,0.13289999997618906,0.14989999997624182,0.1660999999643309,0.1837999999523845,0.2023999999762509,0.2168999999762491,0.2331999999881873,0.24929999995231356,0.2662999999523663,0.2842999999523954,0.3016999999881591,0.31689999997615814,0.33400000000006,0.35009999996429997,0.3663999999762382,0.38369999998815274,0.40079999995236903,0.41700000000003,0.4326999999881309,0.4497999999523472,0.4665999999642736,0.48250000000007276,0.4996999999881382,0.5167999999523545,0.5360999999643354,0.5503999999762073,0.5661999999881573,0.5842999999523499,0.6010999999642763,0.61850000000004,0.6335000000000264,0.6502999999523809,0.6658999999762045,0.6830000000001064,0.7002999999523354,0.7161999999881346,0.7330999999643382,0.75,0.7670000000000528,0.7830000000000155,0.8010999999643218,0.81739999997626,0.8331999999880964,0.8493999999761854,0.866299999952389,0.8830999999643154,0.8997999999523927,0.9168999999761809,0.9325999999642818,0.9502999999523354,0.9675000000000864,0.9845000000000255,1.0006999999881145,1.01789999997618,1.0335000000000036,1.0495999999642436,1.0676999999881218,1.0845999999643254,1.1008999999762636,1.1175000000000637,1.132899999976189,1.1508999999762182,1.1685999999642718,1.1827999999524081,1.2003999999761845,1.2177999999523763,1.2328999999762118,1.250899999976241,1.2675999999643182,1.2835999999642809,1.3015000000000327,1.3178999999762482,1.3335999999642354,1.3495999999643118,1.367599999964341,1.38459999996428,1.4012999999523572,1.4168999999761809,1.4327999999524081,1.4505999999643109,1.4683999999762136,1.4828999999762118,1.5010999999642536,1.5177999999523308,1.5331999999881418,1.5510000000000446,1.5678999999762482,1.5835000000000719,1.6007999999524145,1.6180000000000518,1.633299999952328,1.65119999998808,1.6675999999642954,1.6850000000000591,1.701099999964299,1.7190999999643282,1.7340000000000373,1.7505000000001019,1.7670000000000528,1.7845999999642572,1.8002999999523581,1.8170999999642845,1.8337999999523618,1.850999999999999,1.8668999999762264,1.8842999999524181,1.9001999999881036,1.9175000000000182,1.9335999999642581,1.9508999999761727,1.9677999999523763,1.9842999999523272,2.0005999999642654,2.017799999952331,2.034599999964257,2.0508999999761954,2.0670000000000073,2.083500000000072,2.1008999999762636,2.1168999999762264,2.134299999952418,2.150299999952381,2.167399999976169,2.1845999999642345,2.200199999988172,2.216399999976261,2.233000000000061,2.2511999999881027,2.267799999952331,2.2846999999881064,2.301699999988159,2.317699999988122,2.33400000000006,2.350399999976162,2.366799999952377,2.3845000000000027,2.400000000000091,2.417399999976169,2.434799999952361,2.4500000000000455,2.466299999952412,2.4827999999523627,2.5010999999642536,2.5170000000000528,2.5333999999761545,2.5492999999523818,2.5665999999642963,2.5853999999761754,2.6006999999881373,2.6165000000000873,2.6338999999761654,2.650000000000091,2.6675999999642954,2.685000000000059,2.7002999999523354,2.71759999996425,2.733500000000049,2.749699999988138,2.7663999999762154,2.7830999999642927,2.801899999976172,2.817799999952399,2.833099999964247,2.850999999999999,2.867599999964341,2.883000000000038,2.899899999976242,2.9163999999761927,2.9345999999642345,2.951199999988148,2.9677999999523763,2.983299999952351,2.999599999964289,3.016599999964342,3.032799999952317,3.0495999999642436,3.066000000000031,3.084500000000048]",0.01666,0.000932952,186.0,right,1.0,,,,,,2.0,0.0,8.0,0.5,0.232991883,1.0,0.440703059,-0.771634026,26.0,-8.92894e-14,0.37233788,0.03804093,0.07765862,0.260457405,6.0,0.043309141,-0.086510011,9.0,0.01134464,0.355140301,0.038458273,0.073668072,0.274720221,7.0,1.93229913,0.661641322,90.0,-0.005235988,0.41932645,0.033694537,0.059919896,0.18718849,4.0,2.472575481,0.973033012,6.0,-0.001745329,0.3497664,0.039524515,0.103278094,0.256513403,7.0,0.545364852,-0.886964156,67.0,0.000872665,0.398829923,0.040120187,0.066830121,0.198372452,4.0,0.867047133,-0.986696494,95.0,-0.003490659,0.427246221,0.028411926,0.064304978,0.203029515,6.0,2.339008675,0.999409354,80.0,0.000872665,0.408817555,0.034279956,0.069360427,0.160822937,4.0,1.739325757,0.330712881,41.0,0.013089969,0.382506884,0.032100804,0.075836611,0.218324429,6.0,0.0,0.0,0.0,0.0,0.0,0.0,0.0,0.0,0.0,0.0,0.0,0.0,0.0,0.0,0.0,0.0,0.0,0.0,0.0,0.0,0.0,0.0,0.0,0.0,0.0,0.0,0.0,0.0,0.0,0.0,0.0,0.0,0.0,0.0,0.0,0.0,,,,,,,0.6002,,0.0,34.0,34.0,34.0,1.0,,,,,,,,,,,,,,,,,,,,,,,,,,,,0
S070,2,2024-11-21_13h14.36.924,MotivatedInference,2024.1.5,Win32,60.24096386,668be8e87e83611e680fb3ab,{{%SESSION_ID%},Chrome,,,,,,,,,,,,,,,,,,,,,,,,,,,,,,1.0,,,,,,,,10.0,,,,,,,,,conditions/conds_128.csv,0.0,0.0,,,,,,,,,881.4885,885.9536,"[0.003199999988055424,0.015899999976113577,0.03330000001187727,0.04919999998810454,0.0661999999880436,0.08339999997610903,0.0989999999999327,0.11689999997611267,0.13169999998808635,0.1486999999880254,0.16660000002377728,0.1834999999999809,0.20010000002378092,0.21680000001185817,0.23339999997619998,0.24869999998804815,0.2664999999999509,0.2831000000238646,0.2998999999761054,0.3165000000000191,0.33299999999997,0.34919999998805906,0.36539999997614814,0.38369999998803905,0.3988999999761518,0.4168999999761809,0.4334999999999809,0.44880000001194276,0.46530000001189364,0.48360000002378456,0.5001000000238491,0.5166000000238,0.5328000000118891,0.5494999999999663,0.5663000000118927,0.5831000000238191,0.5998000000118964,0.6163999999761245,0.6321999999880745,0.6483999999761636,0.6649999999999636,0.6818999999761672,0.6991999999880818,0.71550000000002,0.7318999999761218,0.750399999976139,0.7666000000238,0.7830000000000155,0.8001999999880809,0.8168000000118809,0.833399999976109,0.8491999999880591,0.8666999999881,0.8835000000000264,0.8998999999761281,0.9165000000000418,0.9334999999999809,0.9486999999880936,0.9661999999880209,0.9836000000237846,0.9988000000118973,1.0166000000238,1.0325000000000273,1.04849999999999,1.0655000000000427,1.08299999999997,1.0986999999880709,1.1151000000238582,1.1336000000238755,1.1493000000118627,1.1648999999761145,1.1826999999880172,1.2003000000119073,1.2166000000238455,1.2323000000119464,1.2501000000238491,1.2656000000238237,1.282000000000039,1.300199999988081,1.3166999999880318,1.3326999999881082,1.3489999999999327,1.3658999999761363,1.3826000000237855,1.3998999999761281,1.4168999999761809,1.4336999999881073,1.4493999999760945,1.4663999999761472,1.4831000000237964,1.5004999999999882,1.51580000001195,1.5318000000119127,1.5488000000119655,1.5658999999761818,1.58219999998812,1.6001999999880354,1.6166999999881,1.6318000000119355,1.6488000000118745,1.6648999999761145,1.68180000001189,1.700100000023781,1.7168000000118582,1.732499999999959,1.749600000023861,1.7668000000119264,1.7836000000238528,1.7998000000119418,1.8156000000237782,1.8331000000238191,1.8501000000238719,1.8654999999999973,1.8821000000237973,1.9001999999881036,1.9168000000119036,1.9320000000000164,1.9499999999999318,1.9669999999999845,1.9834999999999354,2.000100000023849,2.01580000001195,2.03269999998804,2.0513000000119064,2.06610000002388,2.0821000000238428,2.098300000011932,2.1156000000238464,2.133000000000038,2.149000000000001,2.166899999976181,2.18360000002383,2.1991000000238046,2.215000000000032,2.2333999999762,2.2488999999761745,2.2666000000238,2.2830000000000155,2.298999999999978,2.314999999999941,2.33219999998812,2.349199999988059,2.36489999997616,2.383199999988051,2.3985000000000127,2.4151000000238128,2.432199999988029,2.4484999999999673,2.4668999999761354,2.4833999999762,2.499899999976151,2.5166999999880773,2.5331000000238646,2.5499999999999545,2.5655000000000427,2.582499999999982,2.5998000000118964,2.6166999999881,2.632899999976189,2.64910000002385,2.6648999999761145,2.6833000000118545,2.6989999999999554,2.7164999999999964,2.7333000000119227,2.749100000023873,2.766499999999951,2.7830000000000155,2.8003999999760936,2.816800000011881,2.8336000000238073,2.849300000011908,2.865000000000009,2.881999999999948,2.8981999999880372,2.916500000000042,2.9323999999761554,2.9483000000119546,2.9651999999880445,2.981999999999971,2.9985000000000355,3.015300000011962,3.0316000000237864,3.048399999976141,3.0663000000118927,3.08299999999997,3.0998999999761736,3.1151999999880218,3.1316999999880863,3.1493000000118627,3.165899999976091,3.18180000001189,3.1986000000238164,3.2161000000238573,3.2331999999880736,3.25,3.2659999999999627,3.2826000000238764,3.300699999988069,3.31639999997617,3.3318999999761445,3.3483999999760954,3.3658999999761363,3.381899999976099,3.39939999997614,3.4161999999880663,3.4320000000000164,3.4483000000119546,3.4651999999880445,3.4818999999761218,3.499500000000012,3.517100000023788,3.5325000000000273,3.548399999976141,3.56610000002388,3.582699999988108,3.598300000011932,3.617199999988088,3.6321000000237973,3.648600000023862,3.665300000011939,3.681699999988041,3.7005000000000337,3.719800000011901,3.7321999999880973,3.7486000000238846,3.7648999999761372,3.7818000000119127,3.7988000000119655,3.8148999999760917,3.8318999999761445,3.8481999999880827,3.866800000011949,3.882899999976189,3.899899999976128,3.917300000011892,3.9325000000000045,3.9481999999881054,3.9666999999881227,3.9836000000237846,3.9988000000118973,4.016399999976102,4.0333999999761545,4.048899999976129,4.065300000011916,4.082100000023843,4.0984999999999445,4.117199999988088,4.132699999988063,4.148500000000013,4.165399999976103,4.182800000011866,4.1993999999760945,4.217100000023834,4.2345000000000255,4.249100000023873,4.26480000001186,4.281800000011913,4.299300000011954,4.316500000000019,4.332899999976121,4.349600000023884,4.3666999999881,4.383699999988039,4.3996999999881155,4.416500000000042,4.432699999988017,4.4481999999881054,4.465000000000032]",0.016648507,0.000929711,269.0,right,1.0,,,,,,1.0,0.0,12.0,0.5,3.899519177,-1.0,1.607863906,0.074067269,19.0,-8.92894e-14,0.366380653,0.037711395,0.069882825,0.280007013,7.0,2.348121976,0.999869672,74.0,-0.002617994,0.403888444,0.032857311,0.06846285,0.186846183,6.0,2.012406029,0.772786129,80.0,0.000872665,0.408817555,0.034279956,0.069360427,0.160822937,4.0,0.891616243,-0.977520171,44.0,-0.006981317,0.384544024,0.027675657,0.071715856,0.246225121,7.0,2.501998864,0.957782611,24.0,-0.000872665,0.370951047,0.044446314,0.068882508,0.271498611,5.0,1.165861032,-0.72419794,95.0,-0.003490659,0.427246221,0.028411926,0.064304978,0.203029515,6.0,0.650281462,-0.963708614,31.0,0.004363323,0.375872077,0.0344646,0.07529372,0.228193104,6.0,1.835489685,0.5050041,82.0,0.004363323,0.410673221,0.022643594,0.062174001,0.106425045,4.0,2.330520156,0.998681947,56.0,0.002617994,0.391878159,0.037400891,0.06461151,0.256914973,6.0,2.701772035,0.770510243,2.0,0.008726646,0.338473989,0.032964075,0.086271212,0.185208292,4.0,2.678365785,0.799494829,85.0,0.003490659,0.413672168,0.024690997,0.064801949,0.114487367,4.0,2.763089033,0.686749103,42.0,0.010471976,0.383208229,0.034272345,0.075051408,0.167478928,5.0,,,,,,,0.9674,,0.0,35.0,35.0,35.0,1.0,,,,,,,,,,,,,,,,,,,,,,,,,,,,0
S070,2,2024-11-21_13h14.36.924,MotivatedInference,2024.1.5,Win32,60.24096386,668be8e87e83611e680fb3ab,{{%SESSION_ID%},Chrome,,,,,,,,,,,,,,,,,,,,,,,,,,,,,,0.0,,,,,,,,2.0,,,,,,,,,conditions/conds_107.csv,1.0,0.0,,,,,,,,,893.6548,895.3714,"[0.0016999999880908945,0.01599999999996271,0.029199999988122727,0.04650000000003729,0.06280000001186181,0.08349999999995816,0.09600000000000364,0.11669999998809999,0.1293000000118809,0.1486999999880254,0.16259999996418628,0.17909999996425086,0.1958000000119,0.21249999999997726,0.23309999996422448,0.24649999999996908,0.26609999996423994,0.2798999999761236,0.2985999999642672,0.31259999996427723,0.3290999999642281,0.3458000000118773,0.36539999997614814,0.3790000000000191,0.3985999999641763,0.41250000000002274,0.42909999996425086,0.45080000001189546,0.46299999999996544,0.4819999999999709,0.4958000000119682,0.5123999999761963,0.5290999999642736,0.5458000000119227,0.5621999999880245,0.5790999999642281,0.5995999999641981,0.6160999999642627,0.6299999999999955,0.6508000000119409,0.6666999999880545,0.6800999999642272,0.6993000000119309,0.7130999999642427,0.7321999999880973,0.7463999999761199,0.7656999999881009,0.7790999999642736,0.8001999999880809,0.8135999999642536,0.8323999999761327,0.846599999964269,0.8676999999880763,0.8793000000118809,0.8958000000119455,0.9125000000000227,0.9290999999642509,0.9466999999880272,0.9629999999999654,0.9824999999999591,0.9963000000119564,1.0173999999761918,1.032300000011901,1.0481999999881282,1.0623000000118736,1.0818000000118673,1.0956999999880281,1.1124999999999545,1.1343999999761536,1.1465999999642236,1.1656999999880782,1.1823000000118782,1.1958000000119,1.2123999999761281,1.2335000000000491,1.24639999997612,1.2653999999761254,1.2790999999642736,1.2958000000119227,1.3128000000118618,1.3289999999999509,1.346599999964269,1.3663999999761245,1.381899999976099,1.3956999999880964,1.4123000000118964,1.4290999999642509,1.4456999999880509,1.4663999999761472,1.4796999999880427,1.498599999964199,1.5131999999880463,1.532000000000039,1.5465000000000373,1.5658999999761818,1.5798999999761918,1.5958000000118773,1.6150999999642863,1.6291999999880318,1.6488999999761518,1.6631999999880236,1.6815999999641917,1.6968999999761536,1.7164999999999964]",0.016648544,0.002655965,104.0,left,1.0,,,,,,1.0,0.0,4.0,0.5,-0.737908075,1.0,2.58244246,0.899358651,4.0,0.001745329,0.345391377,0.044661649,0.086491224,0.292502374,6.0,0.744346663,-0.996631441,19.0,-8.92894e-14,0.366380653,0.037711395,0.069882825,0.280007013,7.0,1.534424745,-0.072679027,55.0,-0.003490659,0.391280598,0.028194872,0.063513844,0.18961797,6.0,0.302010308,-0.567956258,86.0,-0.01134464,0.414570186,0.03611148,0.064685839,0.099529567,3.0,0.0,0.0,0.0,0.0,0.0,0.0,0.0,0.0,0.0,0.0,0.0,0.0,0.0,0.0,0.0,0.0,0.0,0.0,0.0,0.0,0.0,0.0,0.0,0.0,0.0,0.0,0.0,0.0,0.0,0.0,0.0,0.0,0.0,0.0,0.0,0.0,0.0,0.0,0.0,0.0,0.0,0.0,0.0,0.0,0.0,0.0,0.0,0.0,0.0,0.0,0.0,0.0,0.0,0.0,0.0,0.0,0.0,0.0,0.0,0.0,0.0,0.0,0.0,0.0,0.0,0.0,0.0,0.0,0.0,0.0,0.0,0.0,,,,,,,1.0007,,0.0,0.0,0.0,0.0,1.0,887.2563,891.6218,,,,,,,,,,,,,,,,,,,,,,,,,,0
S070,2,2024-11-21_13h14.36.924,MotivatedInference,2024.1.5,Win32,60.24096386,668be8e87e83611e680fb3ab,{{%SESSION_ID%},Chrome,,,,,,,,,,,,,,,,,,,,,,,,,,,,,,0.0,,,,,,,,6.0,,,,,,,,,conditions/conds_107.csv,1.0,0.0,,,,,,,,,897.3709,900.4715,"[0.002200000047650974,0.01780000001190274,0.029700000047682806,0.049300000011839984,0.06310000002383731,0.08240000003570458,0.09610000002373909,0.11290000003566547,0.12970000004759186,0.14649999999994634,0.1664000000357646,0.18510000002379456,0.19930000001181725,0.21299999999996544,0.2297000000476146,0.24720000004765552,0.2674000000357637,0.28040000003568366,0.29980000001182816,0.31380000001183816,0.3322000000475782,0.3464000000357146,0.3669999999999618,0.37999999999999545,0.4003000000118391,0.4134999999999991,0.4306000000237873,0.4469000000357255,0.4659999999998945,0.4794999999999163,0.4963000000118427,0.5139000000357328,0.5298000000118464,0.5463000000119109,0.5629999999999882,0.5803000000119027,0.6006000000237464,0.613999999999919,0.6299000000357182,0.6464000000356691,0.6659000000356627,0.6796000000238109,0.6964999999999009,0.7156000000237555,0.73030000001188,0.7506000000238373,0.7631000000237691,0.7839999999999918,0.7969999999999118,0.8161000000237664,0.8334000000356809,0.8469000000357028,0.8679000000356609,0.8833000000119,0.8966000000237955,0.9134000000357219,0.9324999999998909,0.9459999999999127,0.9643000000119173,0.9799999999999045,1.000400000035711,1.013100000023769,1.0304000000356837,1.0494999999999663,1.062900000035711,1.0804000000357519,1.09960000002377,1.11749999999995,1.1306000000238328,1.1494000000357119,1.1636000000237345,1.183999999999969,1.1999000000356546,1.2156000000237555,1.2294999999999163,1.2463000000118427,1.2657000000476728,1.2803000000118345,1.3006000000237918,1.3132000000475728,1.3324999999999818,1.3463000000118654,1.3669999999999618,1.3847000000475873,1.3993000000118627,1.4129999999998972,1.4294999999999618,1.4499999999999318,1.4653000000118936,1.482499999999959,1.4967000000476673,1.5129000000357564,1.5337000000475882,1.5466000000237727,1.5664999999999054,1.5802000000476255,1.5994999999999209,1.6129000000356655,1.6306000000238328,1.649000000000001,1.6626000000237582,1.6799000000356727,1.6999999999999318,1.7133000000118273,1.7344000000357482,1.746499999999969,1.7656000000238237,1.7801000000238218,1.7964999999999236,1.8125,1.8328000000118436,1.84599999999989,1.8634999999999309,1.87940000003573,1.8978000000118982,1.9129000000357337,1.929600000023811,1.946999999999889,1.9673000000118464,1.9804000000357291,1.995999999999981,2.0139000000357328,2.033999999999992,2.046700000047622,2.0669999999998936,2.0801000000237764,2.099499999999921,2.1129000000356655,2.1304000000357064,2.1506000000238146,2.1629999999998972,2.1838000000118427,2.196300000011888,2.2159999999998945,2.230400000035729,2.249100000023759,2.2637000000476064,2.2829000000357382,2.29720000004761,2.3137000000476746,2.333900000035669,2.3467000000475764,2.365700000047582,2.379700000047592,2.4007000000476637,2.41599999999994,2.429600000023811,2.45049999999992,2.463700000047652,2.4829999999999472,2.5006000000238373,2.5138000000118836,2.533700000047588,2.54720000004761,2.566400000035742,2.5802000000476255,2.6003000000118845,2.613300000011918,2.633800000011888,2.64630000001182,2.6669999999999163,2.67999999999995,2.696300000011888,2.7173000000118464,2.7304999999998927,2.7509999999999764,2.7672000000476373,2.783600000023739,2.7962000000476337,2.812900000035711,2.830400000035752,2.8498000000118964,2.863200000047641,2.8839000000357373,2.8964999999999463,2.9172000000476146,2.9302000000476482,2.9504000000357564,2.9633000000118273,2.98390000003576,2.996400000035692,3.016999999999939,3.029700000047683,3.046300000011911,3.062900000035711,3.0837000000476564,3.1004999999998972]",0.016657527,0.002825455,187.0,left,0.0,,,,,,1.0,0.0,8.0,0.5,0.56984091,-1.0,0.163344053,-0.320908065,63.0,0.002617994,0.396190386,0.03208284,0.060740902,0.237954322,6.0,0.257070101,-0.491786391,31.0,0.004363323,0.375872077,0.0344646,0.07529372,0.228193104,6.0,1.2688086,-0.567919087,5.0,-0.004363323,0.3477587,0.034233339,0.078408596,0.194188261,5.0,1.455896593,-0.227782268,44.0,-0.006981317,0.384544024,0.027675657,0.071715856,0.246225121,7.0,2.620796022,0.863209674,34.0,-0.01134464,0.377900669,0.035623555,0.066078969,0.222301383,5.0,2.070615729,0.841275775,94.0,0.004363323,0.42523076,0.035907823,0.059015617,0.218525823,5.0,1.599023834,0.05642503,50.0,-0.003490659,0.388365859,0.031859869,0.061653869,0.235670302,6.0,1.786046881,0.417326241,74.0,-0.002617994,0.403888444,0.032857311,0.06846285,0.186846183,6.0,0.0,0.0,0.0,0.0,0.0,0.0,0.0,0.0,0.0,0.0,0.0,0.0,0.0,0.0,0.0,0.0,0.0,0.0,0.0,0.0,0.0,0.0,0.0,0.0,0.0,0.0,0.0,0.0,0.0,0.0,0.0,0.0,0.0,0.0,0.0,0.0,,,,,,,0.717,,0.0,1.0,1.0,1.0,1.0,,,,,,,,,,,,,,,,,,,,,,,,,,,,0
S070,2,2024-11-21_13h14.36.924,MotivatedInference,2024.1.5,Win32,60.24096386,668be8e87e83611e680fb3ab,{{%SESSION_ID%},Chrome,,,,,,,,,,,,,,,,,,,,,,,,,,,,,,0.0,,,,,,,,5.0,,,,,,,,,conditions/conds_107.csv,1.0,0.0,,,,,,,,,902.2062,905.3049,"[0.0024000000357773388,0.014499999999998181,0.027499999999918145,0.04510000002380821,0.06540000003576552,0.0779000000356973,0.09890000003576915,0.11130000001185181,0.13199999999994816,0.1449999999999818,0.16519999998808998,0.17860000002383458,0.19880000001194276,0.2116999999880136,0.23110000002384368,0.2479999999999336,0.26069999998799176,0.27749999999991815,0.2944999999999709,0.3149999999999409,0.3279000000356973,0.3479000000356791,0.3641999999880454,0.38060000002383276,0.3986999999880254,0.41110000002379365,0.4311999999880527,0.44499999999993634,0.4643000000119173,0.4783000000119273,0.49869999998804815,0.5111000000238164,0.5311000000237982,0.5449999999999591,0.5653000000119164,0.5779999999999745,0.598400000035781,0.6114999999999782,0.6323000000119237,0.6451000000238309,0.6653000000119391,0.6779999999999973,0.6986999999880936,0.71369999998808,0.72769999998809,0.7488000000118973,0.7616999999880818,0.78060000002381,0.7949999999999591,0.8138000000118382,0.8291000000238,0.8471000000238291,0.8608000000118636,0.8819999999999482,0.8951999999879945,0.9138000000118609,0.9276000000238582,0.9486999999880936,0.9610000000000127,0.9819000000356937,0.9941999999880409,1.01090000003569,1.0276000000237673,1.0451000000238082,1.0653000000119164,1.08119999998803,1.0944999999999254,1.1148000000118827,1.1278000000119164,1.149000000000001,1.1614999999999327,1.181400000035751,1.1949000000357728,1.2110000000000127,1.2274999999999636,1.24430000001189,1.26480000001186,1.2781000000237555,1.2984000000357128,1.3109000000357582,1.3301999999880536,1.348400000035781,1.3616000000238273,1.381100000023821,1.3980000000000246,1.4116000000237818,1.4308000000119137,1.4446000000237973,1.4638000000119291,1.478100000023801,1.4984999999999218,1.5113000000119428,1.5274999999999181,1.5464999999999236,1.560800000011909,1.5776000000238355,1.5943000000119127,1.613999999999919,1.6278000000119164,1.6471999999880609,1.6634000000357219,1.677500000000009,1.6941999999880863,1.71160000002385,1.7309999999999945,1.74790000003577,1.7609999999999673,1.7774999999999181,1.7973000000118873,1.8106000000237827,1.8304999999999154,1.8439999999999372,1.8636999999880572,1.8774999999999409,1.8944000000357164,1.91519999998809,1.928300000011859,1.9439000000356828,1.961999999999989,1.9811999999880072,1.9949000000357273,2.01400000000001,2.030100000023822,2.044999999999959,2.064800000011928,2.0819000000357164,2.0943000000119127,2.1108000000118636,2.131600000023809,2.1448000000118554,2.16390000003571,2.178400000035708,2.1941999999880863,2.2109000000357355,2.23030000001188,2.2449000000357273,2.265699999988101,2.27800000000002,2.29930000001184,2.311100000023771,2.3276000000238355,2.3479999999999563,2.3608000000118636,2.380199999988008,2.3949000000357046,2.4148000000118373,2.4309999999999263,2.4441999999880863,2.46060000002376,2.4774999999999636,2.494199999988041,2.5109999999999673,2.5321000000237746,2.54460000002382,2.56510000002379,2.577699999987999,2.5941000000237864,2.6108000000118636,2.627499999999941,2.644199999988018,2.6606000000238055,2.6776000000238582,2.6951999999880627,2.7151000000237673,2.730699999988019,2.744199999988041,2.7649999999999864,2.7809000000357855,2.797199999988038,2.8109000000357582,2.8316000000238546,2.84490000003575,2.8644000000357437,2.87760000002379,2.896900000035771,2.911699999988059,2.931400000035751,2.9448000000119237,2.963800000011929,2.9784000000357764,2.99790000003577,3.011699999988082,3.0314000000357737,3.0474000000357364,3.0619000000357346,3.077400000035709,3.0984999999999445]",0.016645699,0.002930927,187.0,left,1.0,,,,,,1.0,0.0,8.0,0.5,3.132189815,1.0,1.834862459,0.503920965,23.0,0.001745329,0.370048297,0.033576258,0.089212406,0.165879093,5.0,2.886346646,0.488606592,69.0,-0.001745329,0.400311091,0.03773135,0.078132351,0.241087639,6.0,1.520848487,-0.099729618,56.0,0.002617994,0.391878159,0.037400891,0.06461151,0.256914973,6.0,1.741766381,0.335315509,93.0,0.012217305,0.423353751,0.033559225,0.078739299,0.188587653,4.0,1.724023529,0.301680137,18.0,-0.008726646,0.365457086,0.031782524,0.075683607,0.153768306,4.0,2.384269338,0.99842402,64.0,-0.012217305,0.396824946,0.026418425,0.079335183,0.168726505,6.0,2.666807484,0.813165504,65.0,0.000872665,0.397557211,0.028332609,0.059251996,0.151978572,5.0,1.465421363,-0.209193293,19.0,-8.92894e-14,0.366380653,0.037711395,0.069882825,0.280007013,7.0,0.0,0.0,0.0,0.0,0.0,0.0,0.0,0.0,0.0,0.0,0.0,0.0,0.0,0.0,0.0,0.0,0.0,0.0,0.0,0.0,0.0,0.0,0.0,0.0,0.0,0.0,0.0,0.0,0.0,0.0,0.0,0.0,0.0,0.0,0.0,0.0,,,,,,,0.733,,0.0,2.0,2.0,2.0,1.0,,,,,,,,,,,,,,,,,,,,,,,,,,,,0
S070,2,2024-11-21_13h14.36.924,MotivatedInference,2024.1.5,Win32,60.24096386,668be8e87e83611e680fb3ab,{{%SESSION_ID%},Chrome,,,,,,,,,,,,,,,,,,,,,,,,,,,,,,0.0,,,,,,,,7.0,,,,,,,,,conditions/conds_107.csv,1.0,0.0,,,,,,,,,907.0342,910.1513,"[0.00310000002389188,0.019199999988018135,0.0328000000118891,0.04949999999996635,0.0661999999880436,0.08290000003580644,0.10369999998806634,0.11690000003579826,0.13580000001195458,0.14949999999998909,0.16619999998806634,0.1898000000119282,0.2003000000119073,0.22000000000002728,0.23330000001192275,0.25440000003573005,0.2671000000237882,0.2861999999880709,0.2999999999999545,0.3194000000357846,0.3333000000119455,0.35230000001195094,0.36910000002387733,0.38280000001191183,0.3994999999999891,0.4161000000237891,0.4366999999880363,0.4494999999999436,0.4691999999880636,0.48360000002378456,0.5035000000000309,0.5169000000357755,0.5356999999880827,0.5501999999880809,0.5706000000238873,0.5838000000119337,0.6039000000357646,0.6169999999999618,0.6374000000357682,0.6496999999881155,0.6714000000357601,0.6829000000357155,0.7021000000238473,0.7189000000357737,0.7328000000119346,0.7494000000357346,0.7661000000238118,0.7871999999880472,0.8006000000237918,0.8160000000000309,0.8328000000119573,0.8501999999880354,0.8691000000238773,0.8836000000238755,0.9036999999880209,0.9168000000119036,0.9369000000357346,0.9501000000237809,0.9661999999880209,0.9866000000238273,0.999600000023861,1.018800000011879,1.032800000011889,1.0523000000118827,1.07000000000005,1.0826999999881082,1.102300000011951,1.1169999999999618,1.1359000000358037,1.1543000000118582,1.1696999999880973,1.1829000000357155,1.2024999999999864,1.2166000000238455,1.2358000000118636,1.2501999999881264,1.2704000000358064,1.2836999999880163,1.303800000011961,1.316800000011881,1.3368000000118627,1.350500000000011,1.3701999999880172,1.3828000000119118,1.4023000000119055,1.4201999999880854,1.4333000000119682,1.4524000000357091,1.4669000000357073,1.4871999999880927,1.4996999999880245,1.5190000000000055,1.53269999998804,1.5494000000358028,1.56690000003573,1.5866999999881273,1.600500000000011,1.6161999999881118,1.6375000000000455,1.649499999999989,1.6704000000357837,1.6828000000118664,1.704499999999939,1.7161999999880209,1.7356999999881282,1.7521000000238018,1.7661000000238118,1.7878000000118845,1.8001000000238037,1.8193000000119355,1.8334999999999582,1.8529999999999518,1.8703000000118664,1.8836000000238755,1.90380000001187,1.9169000000357528,1.9355000000000473,1.94940000003578,1.9661000000238573,1.9826999999880854,1.9994000000357346,2.0159999999999627,2.032800000011889,2.0523000000118827,2.066800000011881,2.0856999999880372,2.1024999999999636,2.118600000023889,2.1326999999880627,2.149499999999989,2.166100000023789,2.1826999999880172,2.200199999988058,2.219800000011901,2.2333000000119227,2.2494000000357346,2.269800000011969,2.2833000000118773,2.304499999999962,2.3166999999880318,2.3358000000118864,2.350100000023872,2.3691000000238773,2.383400000035749,2.4021999999880563,2.416100000023789,2.435800000011909,2.4521999999881245,2.4661000000238573,2.487300000011942,2.500100000023849,2.5204000000358064,2.5336000000238528,2.552400000035732,2.56610000002388,2.582699999988108,2.600100000023872,2.617199999988088,2.6374000000357682,2.6498000000119646,2.671300000011911,2.6829999999999927,2.7046999999880654,2.71630000001187,2.738199999988069,2.7493000000118855,2.766100000023812,2.782800000011889,2.8029999999999973,2.821300000011888,2.8336000000238073,2.8529000000357883,2.8669000000357983,2.886800000011931,2.9001000000238264,2.9163000000119155,2.93360000002383,2.9529999999999745,2.966800000011858,2.986400000035701,2.999500000000012,3.0190000000000055,3.03240000003575,3.0494999999999663,3.066000000000031,3.0836999999880845,3.104000000000042,3.116800000011949]",0.016650802,0.003024753,188.0,left,1.0,,,,,,2.0,0.0,8.0,0.5,-2.917571494,-1.0,1.038959935,-0.874145116,48.0,-0.013089969,0.387063294,0.032293316,0.069877675,0.198684878,5.0,1.017428585,-0.894242311,64.0,-0.012217305,0.396824946,0.026418425,0.079335183,0.168726505,6.0,0.190213806,-0.371317544,16.0,0.017453293,0.363466057,0.031192723,0.069909496,0.180964939,5.0,0.587857156,-0.922965001,36.0,0.002617994,0.379263044,0.03913601,0.077664539,0.168574417,3.0,1.868880496,0.56147593,50.0,-0.003490659,0.388365859,0.031859869,0.061653869,0.235670302,6.0,1.026772679,-0.885722128,56.0,0.002617994,0.391878159,0.037400891,0.06461151,0.256914973,6.0,1.297456585,-0.51985353,90.0,-0.005235988,0.41932645,0.033694537,0.059919896,0.18718849,4.0,2.429751604,0.989198205,96.0,0.002617994,0.429744758,0.028375272,0.064697354,0.217313714,7.0,0.0,0.0,0.0,0.0,0.0,0.0,0.0,0.0,0.0,0.0,0.0,0.0,0.0,0.0,0.0,0.0,0.0,0.0,0.0,0.0,0.0,0.0,0.0,0.0,0.0,0.0,0.0,0.0,0.0,0.0,0.0,0.0,0.0,0.0,0.0,0.0,,,,,,,0.7345,,0.0,3.0,3.0,3.0,1.0,,,,,,,,,,,,,,,,,,,,,,,,,,,,0
S070,2,2024-11-21_13h14.36.924,MotivatedInference,2024.1.5,Win32,60.24096386,668be8e87e83611e680fb3ab,{{%SESSION_ID%},Chrome,,,,,,,,,,,,,,,,,,,,,,,,,,,,,,0.0,,,,,,,,9.0,,,,,,,,,conditions/conds_107.csv,1.0,0.0,,,,,,,,,911.8865,916.2877,"[0.003199999988055424,0.01660000002380002,0.03360000002385277,0.052199999988033596,0.06769999998800813,0.08049999999991542,0.10180000001184908,0.11439999997617178,0.1343999999761536,0.14760000002377183,0.1668999999760672,0.18310000002384186,0.19710000002385186,0.21669999998800904,0.23130000001185635,0.2503000000118618,0.26439999997614905,0.2804999999999609,0.29719999998803814,0.31369999998798903,0.3304999999999154,0.3501000000237582,0.36739999997610084,0.38060000002383276,0.39989999997612813,0.4136000000238482,0.4311999999880527,0.45280000001184817,0.46419999998806816,0.4838000000119109,0.49760000002379456,0.5166000000238,0.5306999999880873,0.5498999999761054,0.563699999987989,0.5803999999760663,0.5996999999880472,0.6138000000119064,0.6341999999880272,0.6471999999880609,0.66780000001188,0.6804999999999382,0.6971000000238519,0.7178999999761118,0.7311000000238437,0.7501000000238491,0.7673999999760781,0.7803999999761118,0.8016000000237682,0.8179999999999836,0.8308999999761681,0.8516000000238364,0.8643000000118946,0.88510000002384,0.8969999999999345,0.9181000000238555,0.9313000000119018,0.9503000000119073,0.9643999999760808,0.9834999999999354,0.9971000000238064,1.0188999999761563,1.0313000000119246,1.0498000000118282,1.063699999987989,1.0803999999760663,1.09699999999998,1.1184999999999263,1.1351999999880036,1.1471000000237837,1.1686999999880072,1.1808999999760772,1.199800000011919,1.21369999998808,1.2301999999880309,1.2471000000238064,1.264399999976149,1.2854999999999563,1.2980000000000018,1.3138000000118382,1.3303000000119027,1.351699999988,1.36749999999995,1.3851999999880036,1.4006999999880918,1.4146999999879881,1.4349999999999454,1.4478000000118527,1.4673999999761236,1.4806000000238555,1.50180000001194,1.5141999999880227,1.53060000002381,1.5469999999999118,1.5648000000119282,1.5854999999999109,1.5974999999999682,1.6181000000237873,1.6303999999761345,1.6471000000237837,1.6636999999880118,1.6803000000119255,1.6971000000238519,1.7136000000238027,1.7355000000000018,1.7481000000237827,1.7666999999880773,1.7803000000118345,1.7969999999999118,1.8138000000118382,1.8303999999760663,1.8478999999761072,1.8678000000119255,1.8804999999999836,1.902100000023779,1.913800000011861,1.9303000000119255,1.9503000000119073,1.964600000023779,1.9836999999880618,1.9976999999880718,2.016499999999951,2.0303000000118345,2.047199999988038,2.0666000000237545,2.0803999999760663,2.101300000011861,2.1146000000237564,2.1331000000237736,2.149800000011851,2.167699999988031,2.1811999999880527,2.2011000000237573,2.2188000000119246,2.230800000011868,2.25,2.2636999999880345,2.2803000000118345,2.301899999976172,2.3141000000238137,2.3344999999999345,2.347499999999968,2.3689999999999145,2.3808000000118454,2.4003999999761163,2.4163000000119155,2.430399999976089,2.450199999988058,2.464399999976081,2.4853000000118755,2.497800000011921,2.51689999997609,2.5303999999761118,2.547100000023761,2.564600000023802,2.585100000023772,2.600100000023758,2.6136999999880572,2.6345000000000027,2.647199999988061,2.668699999988007,2.680899999976077,2.700199999988058,2.7143000000119173,2.7331000000237964,2.7469999999999573,2.7636999999880345,2.780499999999961,2.797100000023761,2.8143999999761036,2.834300000011922,2.847100000023829,2.867899999976089,2.8804999999999836,2.8971000000237837,2.91339999997615,2.9311999999880527,2.95150000000001,2.963999999999942,2.9841000000237727,2.9976000000237946,3.0176000000237764,3.0303999999761118,3.049800000011828,3.0679999999999836,3.080800000011891,3.1008000000118727,3.114100000023768,3.133600000023762,3.1471000000237837,3.1636999999880118,3.1848999999760963,3.1976999999880036,3.216800000011858,3.2309999999999945,3.250300000011862,3.2646000000238473,3.2846999999879927,3.300999999999931,3.3136000000238255,3.3303999999760663,3.351300000011861,3.363999999999919,3.3851999999880036,3.3999999999999773,3.4136999999880118,3.430399999976089,3.447100000023852,3.46449999999993,3.484600000023761,3.4978999999760845,3.516499999999951,3.5303999999761118,3.547100000023761,3.5644999999999527,3.58119999998803,3.60089999997615,3.61360000002378,3.6306000000238328,3.6526999999880445,3.663800000011861,3.68360000002383,3.6968999999761536,3.7136000000238027,3.7308999999761454,3.7513999999761154,3.7638000000118836,3.7808000000119364,3.8016999999880454,3.817300000011869,3.8336999999880845,3.851699999988,3.8673000000119373,3.88510000002384,3.897199999988061,3.9183999999761454,3.9311000000237755,3.950100000023781,3.96369999998808,3.9803999999761572,4.001600000023814,4.014699999988011,4.0333999999761545,4.047100000023761,4.066800000011881,4.0836999999880845,4.09699999999998,4.11360000002378,4.133399999976177,4.146699999988073,4.163600000023848,4.1803000000119255,4.20230000001186,4.214399999976081,4.233999999999924,4.247399999976096,4.263600000023757,4.285399999976107,4.298000000000002,4.316899999976158,4.333300000011832,4.347300000011842,4.366999999999962,4.3803999999761345,4.400999999999954]",0.016658333,0.003036933,265.0,left,1.0,,,,,,1.0,0.0,12.0,0.5,4.254487572,1.0,1.79744395,0.437930362,54.0,-0.000872665,0.390632361,0.034931933,0.073298853,0.195852464,4.0,2.032941408,0.798193357,68.0,0.009599311,0.399449425,0.031951263,0.065393928,0.165147664,5.0,3.072601155,0.137545563,29.0,-0.000872665,0.374372435,0.035828607,0.080766738,0.158410304,4.0,2.34715535,0.999836592,90.0,-0.005235988,0.41932645,0.033694537,0.059919896,0.18718849,4.0,0.272445535,-0.518324939,35.0,0.01134464,0.378665605,0.034694997,0.068673497,0.233172687,6.0,2.192380406,0.946808257,33.0,-0.006108652,0.377230834,0.032847101,0.067598606,0.249691544,6.0,1.716090676,0.286516293,53.0,-0.003490659,0.390095866,0.043303837,0.083823939,0.349451294,6.0,2.019105066,0.781219823,37.0,-0.010471976,0.379878099,0.039758221,0.071440932,0.269646059,5.0,1.672742301,0.202482185,60.0,0.008726646,0.394321176,0.024708435,0.063628191,0.162696287,6.0,2.832871015,0.578952402,89.0,0.014835299,0.418022232,0.039220845,0.067729576,0.134251055,3.0,2.817864426,0.603159576,19.0,-8.92894e-14,0.366380653,0.037711395,0.069882825,0.280007013,7.0,0.794566188,-0.999831899,6.0,-0.001745329,0.3497664,0.039524515,0.103278094,0.256513403,7.0,,,,,,,0.5497,,0.0,4.0,4.0,4.0,1.0,,,,,,,,,,,,,,,,,,,,,,,,,,,,0
S070,2,2024-11-21_13h14.36.924,MotivatedInference,2024.1.5,Win32,60.24096386,668be8e87e83611e680fb3ab,{{%SESSION_ID%},Chrome,,,,,,,,,,,,,,,,,,,,,,,,,,,,,,0.0,,,,,,,,11.0,,,,,,,,,conditions/conds_107.csv,1.0,0.0,,,,,,,,,917.8516,922.3179,"[0.0035999999643081537,0.01859999996429451,0.03200000000003911,0.049500000000080036,0.06989999997620089,0.08219999998812,0.10300000000006548,0.1155999999642745,0.13459999996427996,0.15150000000005548,0.16529999995236722,0.18459999996423448,0.19850000000008095,0.22019999998815365,0.23250000000007276,0.25189999997621726,0.26589999997622726,0.2845000000000937,0.2993999999762309,0.3187999999523754,0.33219999998812,0.35149999999998727,0.36800000000005184,0.3818999999762127,0.4023999999761827,0.4152999999523672,0.43479999995236085,0.4483999999762318,0.46789999997622544,0.48189999997623545,0.5010999999642536,0.5160000000000764,0.5365999999643236,0.5491999999881045,0.56819999998811,0.5848999999761872,0.5985999999642218,0.6190000000000282,0.6343999999761536,0.6485000000000127,0.6660999999643309,0.6853999999761982,0.7023999999762509,0.7152999999523217,0.7346999999881518,0.7541999999881455,0.7688999999761563,0.7828999999761663,0.80159999996431,0.8155000000000427,0.8345999999643254,0.8487999999523481,0.86850000000004,0.8817999999523636,0.8983999999761636,0.91519999998809,0.9362999999523254,0.949299999952359,0.9682999999523645,0.9817999999523863,0.9985000000000355,1.0160000000000764,1.0367999999523363,1.0520999999642981,1.0652999999523445,1.0847999999523381,1.0986999999880709,1.1195000000000164,1.1335000000000264,1.1492999999524045,1.1655000000000655,1.184500000000071,1.198500000000081,1.2181999999880873,1.2317999999523863,1.2483999999761863,1.2694999999999936,1.2826999999881536,1.3017999999523227,1.3152999999523445,1.3345999999643254,1.3485999999642218,1.3676999999880763,1.3862999999523709,1.39859999996429,1.4184999999999945,1.4323999999761554,1.448500000000081,1.4647999999523336,1.4857999999524054,1.4993999999761627,1.5150999999642636,1.5366999999881727,1.5492999999523818,1.5679999999999836,1.5818999999761445,1.6012999999524027,1.615299999952299,1.6315000000000737,1.65119999998808,1.6650999999642409,1.6820000000000164,1.7025999999642636,1.7182999999523645,1.7318999999762354,1.7525000000000546,1.7660000000000764,1.7850999999642454,1.79950000000008,1.8186999999880982,1.8350999999643136,1.8485000000000582,1.8651999999881355,1.884699999988129,1.9018999999761945,1.91519999998809,1.934500000000071,1.948500000000081,1.965099999964309,1.986899999976231,1.99919999998815,2.0186999999881436,2.0325999999643045,2.052000000000021,2.066000000000031,2.0855000000000246,2.0990000000000464,2.1181999999880645,2.1335999999643036,2.148699999988139,2.1688999999762473,2.1818999999761672,2.19889999997622,2.2182999999523645,2.2345999999643027,2.24919999998815,2.269199999988132,2.2825999999643045,2.302500000000009,2.315899999976182,2.334699999988061,2.348500000000058,2.3686999999881664,2.3825999999643273,2.402500000000032,2.4195000000000846,2.435199999988072,2.449399999976208,2.469000000000051,2.4866999999881045,2.499099999964301,2.5180999999643063,2.5325999999643045,2.551899999976172,2.565699999988169,2.5848999999761872,2.5985999999642218,2.618000000000052,2.6370000000000573,2.6485000000000127,2.66519999998809,2.684399999976222,2.6982999999523827,2.7195999999643163,2.7325000000000728,2.75129999995238,2.7688999999761563,2.7825000000000273,2.79849999999999,2.817699999988122,2.832099999964271,2.852799999952367,2.8681999999880645,2.8817999999523636,2.8983999999761636,2.9158999999762045,2.937000000000012,2.9522999999524018,2.965899999976159,2.9847999999523154,2.9992999999523136,3.0151999999881127,3.0325000000000273,3.0482999999524054,3.067899999976248,3.0823999999762464,3.098500000000058,3.1181999999880645,3.136000000000081,3.1491999999881273,3.1692999999523863,3.1855999999643245,3.1986999999880936,3.219500000000039,3.2320000000000846,3.2511999999881027,3.266199999988089,3.2846999999881064,3.3030999999642745,3.315899999976182,3.3341999999880727,3.3490999999643236,3.3677999999523536,3.3817999999523636,3.4013999999762063,3.415699999988078,3.4345999999642345,3.45150000000001,3.465099999964309,3.4845999999643027,3.5032999999523327,3.5151999999881127,3.536199999988071,3.5492999999523818,3.5679999999999836,3.5818999999761445,3.59829999995236,3.6195999999642936,3.6352999999523945,3.651099999964231,3.66519999998809,3.6816999999881546,3.698500000000081,3.715099999964309,3.7343999999761763,3.7485000000000355,3.768299999952319,3.7845000000000937,3.7986999999881164,3.8182999999523872,3.8350999999643136,3.848399999976209,3.8676999999880763,3.8817999999523636,3.9013999999762063,3.91519999998809,3.934799999952361,3.9525999999642636,3.966000000000008,3.9850000000000136,3.9992999999523136,4.018000000000029,4.0325999999643045,4.052099999964298,4.065899999976182,4.085199999988163,4.101099999964276,4.1151999999881355,4.13459999996428,4.1482999999523145,4.167799999952308,4.181599999964305,4.2000000000000455,4.218500000000063,4.232199999988097,4.252000000000066,4.267799999952331,4.2843999999762445,4.29849999999999,4.320099999964327,4.332499999999982,4.351099999964276,4.3651999999881355,4.381799999952364,4.398500000000013,4.415099999964241,4.431699999988155,4.448399999976232,4.465899999976159]",0.016650373,0.002708768,269.0,right,1.0,,,,,,2.0,0.0,12.0,0.5,-5.668721637,1.0,2.877254552,0.504390718,13.0,0.012217305,0.36034398,0.040523863,0.087309629,0.214125832,4.0,0.978968362,-0.925992465,27.0,-0.002617994,0.373032979,0.031793157,0.076653108,0.191027089,4.0,1.107997935,-0.798979786,40.0,0.001745329,0.381763748,0.031902579,0.075140032,0.211660484,6.0,0.303292616,-0.570065217,4.0,0.001745329,0.345391377,0.044661649,0.086491224,0.292502374,6.0,2.131989012,0.901137144,67.0,0.000872665,0.398829923,0.040120187,0.066830121,0.198372452,4.0,1.13593221,-0.764153666,7.0,-0.003490659,0.352071506,0.033456274,0.080650645,0.190019159,6.0,1.331203123,-0.461057371,23.0,0.001745329,0.370048297,0.033576258,0.089212406,0.165879093,5.0,1.28314158,-0.544094489,48.0,-0.013089969,0.387063294,0.032293316,0.069877675,0.198684878,5.0,0.053428382,-0.106653525,73.0,-0.006981317,0.403029477,0.030660757,0.062368894,0.184710059,5.0,0.779725179,-0.999935635,49.0,-0.003490659,0.387690152,0.036925942,0.073283012,0.194967171,5.0,0.950840481,-0.945755313,40.0,0.001745329,0.381763748,0.031902579,0.075140032,0.211660484,6.0,0.639210654,-0.957562032,18.0,-0.008726646,0.365457086,0.031782524,0.075683607,0.153768306,4.0,,,,,,,0.5503,,0.0,5.0,5.0,5.0,1.0,,,,,,,,,,,,,,,,,,,,,,,,,,,,0
S070,2,2024-11-21_13h14.36.924,MotivatedInference,2024.1.5,Win32,60.24096386,668be8e87e83611e680fb3ab,{{%SESSION_ID%},Chrome,,,,,,,,,,,,,,,,,,,,,,,,,,,,,,1.0,,,,,,,,12.0,,,,,,,,,conditions/conds_107.csv,1.0,0.0,,,,,,,,,925.2881,929.7667,"[0.003299999952332655,0.015599999964251765,0.028500000000008185,0.049799999952369944,0.06529999995234448,0.07859999996423994,0.0998999999761736,0.11539999997614814,0.12859999996430815,0.14819999998803723,0.1617999999523363,0.18299999999999272,0.19589999997617724,0.21279999995238086,0.23159999996425995,0.2459999999999809,0.2648999999761372,0.27959999996426177,0.2985999999642672,0.3129999999999882,0.3327999999523854,0.34550000000001546,0.3666999999881,0.3790000000000191,0.39629999995236176,0.41650000000004184,0.42879999995227536,0.4497999999523472,0.4626999999881036,0.47869999998806634,0.49989999997615087,0.512599999964209,0.5313999999762018,0.5461999999880618,0.5660999999643082,0.5792999999523545,0.5995999999641981,0.6120999999642436,0.633699999988039,0.6457999999523736,0.6665000000000418,0.6789999999999736,0.6983999999761181,0.71189999997614,0.7292999999523317,0.7496999999881382,0.7625000000000455,0.7786999999881346,0.7995999999642436,0.8127999999522899,0.8284999999999627,0.84519999998804,0.8625999999642318,0.8790000000000191,0.899799999952279,0.9120000000000346,0.9325999999642818,0.9455999999642017,0.9656999999881464,0.9792999999523317,0.9985000000000355,1.0120000000000573,1.0330999999642927,1.0482999999522917,1.0668999999761581,1.0792999999523545,1.0985999999642218,1.1161999999881118,1.129299999952309,1.1451999999881082,1.1630999999642881,1.1792999999523772,1.199299999952359,1.2121999999881155,1.2335000000000491,1.2453999999761436,1.2662999999523663,1.2791999999881227,1.29879999995228,1.3125999999642772,1.3323999999761327,1.3460000000000036,1.3647999999523108,1.3815999999642372,1.3978999999761754,1.411699999988059,1.4316999999880409,1.44789999997613,1.46189999997614,1.4785000000000537,1.495999999999981,1.51609999996424,1.5288999999761472,1.54849999999999,1.5625999999642772,1.5815999999642827,1.5957999999523054,1.6155999999642745,1.63279999995234,1.6461999999880845,1.6666999999880545,1.6790999999642509,1.6980999999642563,1.7116999999881273,1.7328999999762118,1.74819999998806,1.761799999952359,1.7785999999642854,1.8017999999523227,1.8126999999881264,1.8315999999642827,1.8500000000000227,1.8625999999642318,1.878500000000031,1.8958999999762227,1.914799999952379,1.9283999999761363,1.9495000000000573,1.9623999999761281,1.9813999999761336,1.9950999999642818,2.011899999976208,2.0315999999642145,2.0458999999762,2.0650000000000546,2.0835999999642354,2.099199999988059,2.114500000000021,2.128500000000031,2.1480000000000246,2.1618999999761854,2.1811999999880527,2.1981999999881054,2.212299999952279,2.2322999999523745,2.2452999999522945,2.261799999952359,2.27829999995231,2.2990999999642554,2.31459999996423,2.3283999999762273,2.349199999988059,2.3625999999642318,2.378599999964308,2.395199999988108,2.4125999999643,2.429299999952377,2.447999999999979,2.4626999999881036,2.483799999952339,2.4958999999761318,2.516199999988089,2.528500000000008,2.5450999999642363,2.5617999999523136,2.5792999999523545,2.600199999988149,2.6125999999642318,2.628399999976182,2.6496999999881155,2.662099999964198,2.6828999999761436,2.6955999999642017,2.71579999995231,2.7317999999523863,2.745199999988131,2.7659999999999627,2.7835000000000036,2.7958999999762,2.81459999996423,2.82859999996424,2.850999999999999,2.863199999988069,2.878500000000031,2.89939999997614,2.914899999976228,2.9284999999999854,2.94789999997613,2.961799999952291,2.9785000000000537,2.995199999988131,3.011899999976208,3.02829999995231,3.0452999999523627,3.0647999999523563,3.0792999999523545,3.0981999999880827,3.1125999999642318,3.131199999988098,3.145999999999958,3.1657999999523554,3.1791999999881,3.1981999999881054,3.212799999952381,3.2313999999761336,3.2458999999761318,3.2652999999522763,3.2790999999642736,3.298099999964279,3.3117999999523136,3.3284999999999627,3.34519999998804,3.3616999999881045,3.381599999964237,3.3960999999642354,3.4157999999523554,3.429299999952377,3.44789999997613,3.4664999999999964,3.478599999964217,3.50029999995229,3.512699999988058,3.5330000000000155,3.546000000000049,3.564699999988079,3.5795999999642163,3.598799999952348,3.61229999995237,3.6286999999880436,3.6501999999881036,3.6625000000000227,3.683499999999981,3.695699999988051,3.71189999997614,3.728599999964217,3.745099999964282,3.761799999952359,3.778500000000008,3.79879999995228,3.8157999999523327,3.8284999999999627,3.8480999999642336,3.8662999999522754,3.878500000000031,3.895099999964259,3.9153999999762163,3.9293999999762264,3.949799999952347,3.9621999999881155,3.981699999988109,3.995099999964282,4.0146999999881245,4.028399999976159,4.049399999976117,4.062599999964277,4.082099999964271,4.0958999999761545,4.115000000000009,4.128599999964308,4.145099999964259,4.164899999976228,4.178299999952287,4.199000000000069,4.211799999952291,4.2283999999762045,4.246099999964258,4.267199999988065,4.278799999952298,4.298599999964267,4.312299999952302,4.3315000000000055,4.3455000000000155,4.365899999976136,4.379000000000019,4.399199999988127,4.4125999999643,4.428399999976136,4.44529999995234,4.464599999964207,4.478500000000054]",0.016636431,0.003032956,270.0,right,0.0,,,,,,2.0,0.0,12.0,0.5,-0.538611979,-1.0,0.063901591,-0.127455551,37.0,-0.010471976,0.379878099,0.039758221,0.071440932,0.269646059,5.0,1.061894426,-0.850956552,99.0,-0.003490659,0.442500629,0.032492338,0.059723416,0.160754516,4.0,1.956031661,0.696473059,28.0,0.006108652,0.373747518,0.036497013,0.082304542,0.218348002,5.0,1.244709299,-0.606915705,44.0,-0.006981317,0.384544024,0.027675657,0.071715856,0.246225121,7.0,1.8847424,0.587440247,1.0,-0.007853982,0.332308035,0.049961894,0.10302439,0.316973442,6.0,1.377735721,-0.376598038,16.0,0.017453293,0.363466057,0.031192723,0.069909496,0.180964939,5.0,0.036965924,-0.073864515,92.0,-0.000872665,0.422008311,0.023140698,0.057298337,0.164165775,6.0,0.05123233,-0.102285457,72.0,0.006108652,0.40239539,0.026269008,0.066501733,0.165237327,6.0,0.339320064,-0.627735044,25.0,0.001745329,0.371739039,0.031180836,0.079221418,0.176784845,4.0,2.256491633,0.980184471,42.0,0.010471976,0.383208229,0.034272345,0.075051408,0.167478928,5.0,1.308744214,-0.500437669,91.0,0.001745329,0.420659204,0.046109782,0.086244352,0.261967492,5.0,1.811788728,0.463538775,43.0,0.004363323,0.383893371,0.033132061,0.062242434,0.239996947,6.0,,,,,,,1.3175,,0.0,6.0,6.0,6.0,1.0,,,,,,,,,,,,,,,,,,,,,,,,,,,,0
S070,2,2024-11-21_13h14.36.924,MotivatedInference,2024.1.5,Win32,60.24096386,668be8e87e83611e680fb3ab,{{%SESSION_ID%},Chrome,,,,,,,,,,,,,,,,,,,,,,,,,,,,,,1.0,,,,,,,,2.0,,,,,,,,,conditions/conds_107.csv,1.0,0.0,,,,,,,,,932.1027,933.8202,"[0.002300000011928205,0.018300000011890916,0.03050000000007458,0.04769999998814001,0.06910000002380912,0.08119999998814365,0.0999000000357455,0.11390000003575551,0.13049999999998363,0.14719999998806088,0.16460000002382458,0.1844000000357937,0.19799999999997908,0.2178000000119482,0.2311999999881209,0.2506000000238373,0.2646000000238473,0.28580000001193184,0.2980000000000018,0.31660000002386823,0.3305000000000291,0.35169999998811363,0.36750000000006366,0.3804000000358201,0.3971999999880609,0.4136000000238482,0.43310000002384186,0.44710000002385186,0.46390000003577825,0.4835000000000491,0.49790000003577006,0.5179000000357519,0.5311999999880754,0.5506999999880691,0.5646000000239155,0.5856000000238737,0.5979000000357928,0.6138000000119064,0.6311999999880982,0.6513000000119291,0.6646999999881018,0.6844000000357937,0.6979999999999791,0.7171999999881109,0.7304000000357291,0.7471000000239201,0.7686999999881436,0.78550000000007,0.798100000023851,0.8166000000238682,0.8314000000357282,0.8511000000238482,0.8639000000357555,0.8804999999999836,0.8981000000238737,0.9198000000119464,0.9303000000119255,0.9495000000000573,0.9645000000000437,0.9811000000238437,1,1.0144999999999982,1.0353000000119437,1.0513000000119064,1.066500000000019,1.080500000000029,1.0971999999881064,1.1138000000119064,1.1304999999999836,1.1471999999880609,1.1636999999881255,1.1805000000000518,1.197199999988129,1.2166999999881227,1.2305000000000064,1.24710000002392,1.2646000000238473,1.2831999999881418,1.298100000023851,1.3170000000000073,1.3310000000000173,1.3501000000238719,1.3656000000238464,1.3811999999880982,1.3999000000358137,1.4136000000238482,1.4304000000357746,1.44940000003578,1.4638000000119291,1.4834000000357719,1.497000000000071,1.5166000000239137,1.5305000000000746,1.5471999999881518,1.563900000035801,1.5803000000119027,1.5995000000000346,1.6179000000357746,1.6304999999999836,1.6471000000238973,1.6646000000238246,1.6849000000357819,1.6973000000119782,1.71730000001196]",0.016650485,0.00267349,104.0,left,1.0,,,,,,1.0,0.0,4.0,0.5,-0.737908075,1.0,2.58244246,0.899358651,4.0,0.001745329,0.345391377,0.044661649,0.086491224,0.292502374,6.0,0.744346663,-0.996631441,19.0,-8.92894e-14,0.366380653,0.037711395,0.069882825,0.280007013,7.0,1.534424745,-0.072679027,55.0,-0.003490659,0.391280598,0.028194872,0.063513844,0.18961797,6.0,0.302010308,-0.567956258,86.0,-0.01134464,0.414570186,0.03611148,0.064685839,0.099529567,3.0,0.0,0.0,0.0,0.0,0.0,0.0,0.0,0.0,0.0,0.0,0.0,0.0,0.0,0.0,0.0,0.0,0.0,0.0,0.0,0.0,0.0,0.0,0.0,0.0,0.0,0.0,0.0,0.0,0.0,0.0,0.0,0.0,0.0,0.0,0.0,0.0,0.0,0.0,0.0,0.0,0.0,0.0,0.0,0.0,0.0,0.0,0.0,0.0,0.0,0.0,0.0,0.0,0.0,0.0,0.0,0.0,0.0,0.0,0.0,0.0,0.0,0.0,0.0,0.0,0.0,0.0,0.0,0.0,0.0,0.0,0.0,0.0,,,,,,,0.7832,,0.0,7.0,7.0,7.0,1.0,,,,,,,,,,,,,,,,,,,,,,,,,,,,0
S070,2,2024-11-21_13h14.36.924,MotivatedInference,2024.1.5,Win32,60.24096386,668be8e87e83611e680fb3ab,{{%SESSION_ID%},Chrome,,,,,,,,,,,,,,,,,,,,,,,,,,,,,,1.0,,,,,,,,7.0,,,,,,,,,conditions/conds_107.csv,1.0,0.0,,,,,,,,,935.6209,938.7009,"[0.002300000011814518,0.014900000035709127,0.02890000003571913,0.05090000003565365,0.06270000004758458,0.08430000001192184,0.09980000001189637,0.11230000001182816,0.12890000003574187,0.15020000004767553,0.16299999999989723,0.18220000004760095,0.19870000004766553,0.21240000003570003,0.23210000002382003,0.2502000000475846,0.26270000004763006,0.28349999999988995,0.29580000001192275,0.3148000000118145,0.328700000047661,0.3454999999999018,0.36510000002374454,0.37890000003574187,0.39830000001188637,0.41280000001188455,0.42880000001184726,0.4481000000238282,0.46220000004757367,0.4786000000237891,0.49870000004762005,0.5152000000476846,0.5286000000237436,0.54849999999999,0.5623000000118736,0.5806000000237646,0.5959000000357264,0.6153000000118709,0.6289000000357419,0.6501000000238264,0.6624000000357455,0.6832000000475773,0.6984999999999673,0.7148000000119055,0.7289000000357646,0.7477000000476437,0.7629000000357564,0.7819999999999254,0.79540000003567,0.8168000000118809,0.8299000000357637,0.84880000001192,0.8621000000238155,0.8827000000476346,0.8964000000356691,0.9164000000357646,0.9293000000118354,0.9491000000238046,0.9649999999999181,0.9796000000237655,0.9984000000357582,1.0121000000237927,1.0319999999999254,1.0482000000475864,1.0622000000475964,1.083400000035681,1.09599999999989,1.11540000003572,1.1289000000357419,1.1454000000356928,1.1653000000118254,1.1789000000356964,1.195400000035761,1.2122000000475737,1.2296000000237655,1.2503000000118618,1.2659999999999627,1.2789000000357191,1.2952000000476573,1.31510000002379,1.3288000000118245,1.3507000000475955,1.3656000000237327,1.381900000035671,1.3992000000475855,1.4122000000476191,1.4289000000356964,1.4454999999999245,1.4674000000356955,1.4794999999999163,1.4984000000357582,1.5129000000357564,1.5322000000476237,1.546300000011911,1.5621000000237473,1.5798000000119146,1.599999999999909,1.6124999999999545,1.6339999999999009,1.6501000000238264,1.6623000000118964,1.6831000000238419,1.6958000000119,1.7149000000357546,1.7333000000119227,1.7457000000475773,1.7649999999999864,1.7797000000476828,1.7991000000238273,1.8122000000475964,1.8289000000356737,1.8494999999999209,1.8629999999999427,1.8818000000118218,1.89549999999997,1.9166000000237773,1.9287000000476837,1.948300000011841,1.9651000000237673,1.9796000000237655,1.998300000011909,2.012200000047642,2.0298000000118464,2.0484000000357128,2.065200000047639,2.082499999999982,2.09880000001192,2.1121000000238155,2.128900000035742,2.148499999999899,2.1629999999998972,2.1834000000357037,2.1956000000237736,2.212300000011851,2.231600000023832,2.246400000035692,2.264900000035709,2.279700000047683,2.295900000035658,2.317400000035718,2.329200000047649,2.3503000000118845,2.362700000047653,2.383700000047611,2.3992000000475855,2.412200000047619,2.43180000001189,2.4456000000237736,2.464999999999918,2.4789000000357646,2.499100000023759,2.513100000023769,2.52880000001187,2.550200000047653,2.562999999999988,2.5823000000118554,2.5963000000118654,2.616999999999962,2.6289999999999054,2.6484000000357355,2.662200000047619,2.6788000000118473,2.6954999999999245,2.712100000023838,2.7329999999999472,2.7492000000476082,2.7621000000237927,2.778900000035719,2.796300000011911,2.8159999999999172,2.8289000000356737,2.845600000023751,2.8621000000238155,2.8829999999999245,2.89549999999997,2.9151000000238128,2.9288000000118473,2.9512000000476064,2.9632000000476637,2.9789000000357646,2.998300000011909,3.013100000023769,3.032700000047612,3.0484000000357128,3.0622000000475964,3.0798000000119146]",0.016635135,0.002989316,186.0,left,1.0,,,,,,2.0,0.0,8.0,0.5,-2.917571494,-1.0,1.038959935,-0.874145116,48.0,-0.013089969,0.387063294,0.032293316,0.069877675,0.198684878,5.0,1.017428585,-0.894242311,64.0,-0.012217305,0.396824946,0.026418425,0.079335183,0.168726505,6.0,0.190213806,-0.371317544,16.0,0.017453293,0.363466057,0.031192723,0.069909496,0.180964939,5.0,0.587857156,-0.922965001,36.0,0.002617994,0.379263044,0.03913601,0.077664539,0.168574417,3.0,1.868880496,0.56147593,50.0,-0.003490659,0.388365859,0.031859869,0.061653869,0.235670302,6.0,1.026772679,-0.885722128,56.0,0.002617994,0.391878159,0.037400891,0.06461151,0.256914973,6.0,1.297456585,-0.51985353,90.0,-0.005235988,0.41932645,0.033694537,0.059919896,0.18718849,4.0,2.429751604,0.989198205,96.0,0.002617994,0.429744758,0.028375272,0.064697354,0.217313714,7.0,0.0,0.0,0.0,0.0,0.0,0.0,0.0,0.0,0.0,0.0,0.0,0.0,0.0,0.0,0.0,0.0,0.0,0.0,0.0,0.0,0.0,0.0,0.0,0.0,0.0,0.0,0.0,0.0,0.0,0.0,0.0,0.0,0.0,0.0,0.0,0.0,,,,,,,0.7013,,0.0,8.0,8.0,8.0,1.0,,,,,,,,,,,,,,,,,,,,,,,,,,,,0
S070,2,2024-11-21_13h14.36.924,MotivatedInference,2024.1.5,Win32,60.24096386,668be8e87e83611e680fb3ab,{{%SESSION_ID%},Chrome,,,,,,,,,,,,,,,,,,,,,,,,,,,,,,1.0,,,,,,,,8.0,,,,,,,,,conditions/conds_107.csv,1.0,0.0,,,,,,,,,940.4021,943.484,"[0.0026999999880672476,0.014999999999986358,0.03099999999994907,0.04750000000001364,0.06429999995225444,0.08169999998801813,0.09839999997609539,0.1150000000000091,0.13089999997612267,0.14750000000003638,0.16499999999996362,0.18200000000001637,0.19839999997611812,0.21500000000003183,0.23129999995228445,0.24759999996422266,0.26499999999998636,0.28129999995235266,0.29829999995229173,0.3149999999999409,0.3310000000000173,0.3483999999760954,0.36489999997615996,0.38169999998808635,0.39850000000001273,0.41509999996424085,0.43099999999992633,0.4483999999761181,0.4645999999642072,0.4808999999761454,0.49839999997618634,0.5148999999761372,0.5313999999760881,0.5475999999641772,0.5649999999999409,0.5810000000000173,0.5984999999999445,0.6145999999641845,0.6309999999999718,0.6475999999641999,0.6650999999642409,0.6815999999641917,0.6980999999642563,0.7147999999523336,0.7310999999642718,0.7476999999880718,0.7649999999999864,0.7817999999523408,0.7978999999761527,0.8149999999999409,0.83119999998803,0.8475999999642454,0.8650000000000091,0.8815999999642372,0.8981999999880372,0.9150999999642409,0.9316999999880409,0.9474999999999909,0.9651999999880445,0.9814999999999827,0.9978999999760845,1.0146999999880109,1.0310999999642263,1.0475000000000136,1.0643999999761036,1.080799999952319,1.0984999999999445,1.11489999997616,1.1313999999761108,1.1475999999642,1.1648999999761145,1.1809999999999263,1.198299999952269,1.2150000000000318,1.2321999999880973,1.2475999999642227,1.2642999999523,1.281399999976088,1.2980000000000018,1.3139999999999645,1.3306999999880418,1.3474999999999682,1.365000000000009,1.3815999999642372,1.3980000000000246,1.4142999999522772,1.43129999995233,1.4475999999642681,1.4650999999641954,1.481699999988109,1.49819999998806,1.5149999999999864,1.5315999999642145,1.5475999999641772,1.56459999996423,1.5812999999523072,1.5974999999999682,1.6140000000000327,1.6313999999761108,1.6485000000000127,1.6644999999999754,1.6815999999641917,1.697999999999979,1.7141999999880682,1.7307999999522963,1.7475999999642227,1.7649999999999864,1.7816999999880636,1.7983999999761409,1.8142999999522544,1.830799999952319,1.8481999999880827,1.8645999999641845,1.8816999999880863,1.898099999964188,1.9147999999522654,1.9311999999880527,1.9481999999881054,1.9651999999880445,1.9812999999522845,1.9974999999999454,2.0149999999999864,2.030999999999949,2.047599999964177,2.0648999999760917,2.081599999964169,2.0982999999522463,2.115000000000009,2.131599999964237,2.1485999999641763,2.1639999999999873,2.180499999999938,2.1981999999881054,2.2147999999523336,2.231199999988007,2.2474999999999454,2.2648999999761372,2.2815999999642145,2.2982999999522917,2.314999999999941,2.331099999964181,2.3482999999522463,2.3650999999641726,2.381599999964237,2.3982999999523145,2.4141999999881136,2.4309999999999263,2.447499999999991,2.464199999988068,2.48159999996426,2.4983999999761863,2.514399999976149,2.530999999999949,2.5482999999522917,2.5644999999999527,2.580899999976168,2.5982999999522463,2.615000000000009,2.6308999999761227,2.6475999999642,2.6648999999761145,2.6820000000000164,2.698299999952269,2.7147999999523336,2.7312999999522845,2.7474999999999454,2.763899999976161,2.7808999999761,2.7982999999522917,2.8148999999760917,2.831299999952307,2.8475999999642454,2.864799999952311,2.8807999999522735,2.8975000000000364,2.9148999999761145,2.9315999999641917,2.947499999999991,2.9648999999761827,2.9813999999761336,2.9978999999760845,3.0140999999641735,3.030799999952251,3.0482999999522917,3.0648999999760917,3.081599999964169]",0.016642703,0.00056908,186.0,right,1.0,,,,,,2.0,0.0,8.0,0.5,-1.743452088,1.0,2.80516745,0.623217672,39.0,-0.006981317,0.381053424,0.030288742,0.070264002,0.227413277,7.0,2.28932629,0.991070608,79.0,-0.004363323,0.40793127,0.02386995,0.059748747,0.165450333,7.0,0.222737991,-0.430887457,30.0,-0.009599311,0.375182725,0.031494597,0.070464671,0.19533995,5.0,0.588138932,-0.923181757,4.0,0.001745329,0.345391377,0.044661649,0.086491224,0.292502374,6.0,0.261713021,-0.499850401,61.0,-0.004363323,0.394911895,0.035957651,0.088187679,0.159307843,4.0,2.927125709,0.415901508,25.0,0.001745329,0.371739039,0.031180836,0.079221418,0.176784845,4.0,0.685023902,-0.979917595,37.0,-0.010471976,0.379878099,0.039758221,0.071440932,0.269646059,5.0,0.61102911,-0.939804665,47.0,-0.003490659,0.386485672,0.032547094,0.064121381,0.201087455,6.0,0.0,0.0,0.0,0.0,0.0,0.0,0.0,0.0,0.0,0.0,0.0,0.0,0.0,0.0,0.0,0.0,0.0,0.0,0.0,0.0,0.0,0.0,0.0,0.0,0.0,0.0,0.0,0.0,0.0,0.0,0.0,0.0,0.0,0.0,0.0,0.0,,,,,,,0.8337,,0.0,9.0,9.0,9.0,1.0,,,,,,,,,,,,,,,,,,,,,,,,,,,,0
S070,2,2024-11-21_13h14.36.924,MotivatedInference,2024.1.5,Win32,60.24096386,668be8e87e83611e680fb3ab,{{%SESSION_ID%},Chrome,,,,,,,,,,,,,,,,,,,,,,,,,,,,,,1.0,,,,,,,,1.0,,,,,,,,,conditions/conds_107.csv,1.0,0.0,,,,,,,,,945.317,947.0498,"[0.002000000000066393,0.016000000000076398,0.03260000002387642,0.04930000001195367,0.06669999998814546,0.08330000001194549,0.0993000000119082,0.11589999997613631,0.13280000001191183,0.14969999998811545,0.16619999998806634,0.18250000000000455,0.19889999997622,0.21600000000000819,0.23269999998808544,0.24930000001199915,0.26610000002381184,0.28269999998815365,0.29930000001195367,0.31660000002386823,0.3328000000119573,0.35000000000002274,0.36599999999998545,0.38260000002389916,0.39999999999997726,0.4166999999880545,0.43250000000000455,0.4491999999880818,0.4671000000238337,0.4833999999762,0.4993999999761627,0.51580000001195,0.5325000000000273,0.5501000000239173,0.5668999999761581,0.5824999999999818,0.5993000000119082,0.6156999999881236,0.6326000000238992,0.6491999999881273,0.6660000000000537,0.6825000000000045,0.6998000000119191,0.715899999976159,0.7326000000239219,0.7493999999761627,0.7666999999880773,0.7833999999761545,0.8000000000000682,0.8160000000000309,0.8324999999999818,0.8498999999761736,0.8661999999881118,0.88250000000005,0.8988999999761518,0.9158999999762045,0.9325000000000045,0.9491999999880818,0.965899999976159,0.9825000000000728,0.9993000000119991,1.0158999999762273,1.0326000000238764,1.0491999999881045,1.0666000000238682,1.0824999999999818,1.0993000000119082,1.1158000000119728,1.13250000000005,1.1491999999881273,1.1663000000119155,1.1825000000000045,1.1991999999880818,1.2158000000119955,1.2326999999880854,1.24919999998815,1.2660000000000764,1.2825000000000273,1.3000000000000682,1.3166000000238682,1.332600000023831,1.3493000000119082,1.3658999999761363,1.3826000000238992,1.3993000000119764,1.416600000023891,1.4326000000238537,1.4491999999880818,1.4664999999999964,1.483000000000061,1.5016000000238137,1.5156000000238237,1.5326000000238764,1.5491999999881045,1.566000000000031,1.5833000000119455,1.5993000000119082,1.6158999999761363,1.6326000000238992,1.6493000000119764,1.666600000023891,1.6826000000238537,1.699300000011931,1.7158000000119955,1.732600000023922]",0.016640385,0.000581364,105.0,right,1.0,,,,,,1.0,0.0,4.0,0.5,3.222625492,-1.0,2.499311191,0.959314143,79.0,-0.004363323,0.40793127,0.02386995,0.059748747,0.165450333,7.0,2.307828447,0.995325099,50.0,-0.003490659,0.388365859,0.031859869,0.061653869,0.235670302,6.0,3.000659011,0.278149731,70.0,0.007853982,0.401012824,0.032375196,0.060909739,0.168550131,4.0,2.28484765,0.98983652,79.0,-0.004363323,0.40793127,0.02386995,0.059748747,0.165450333,7.0,0.0,0.0,0.0,0.0,0.0,0.0,0.0,0.0,0.0,0.0,0.0,0.0,0.0,0.0,0.0,0.0,0.0,0.0,0.0,0.0,0.0,0.0,0.0,0.0,0.0,0.0,0.0,0.0,0.0,0.0,0.0,0.0,0.0,0.0,0.0,0.0,0.0,0.0,0.0,0.0,0.0,0.0,0.0,0.0,0.0,0.0,0.0,0.0,0.0,0.0,0.0,0.0,0.0,0.0,0.0,0.0,0.0,0.0,0.0,0.0,0.0,0.0,0.0,0.0,0.0,0.0,0.0,0.0,0.0,0.0,0.0,0.0,,,,,,,0.8492,,0.0,10.0,10.0,10.0,1.0,,,,,,,,,,,,,,,,,,,,,,,,,,,,0
S070,2,2024-11-21_13h14.36.924,MotivatedInference,2024.1.5,Win32,60.24096386,668be8e87e83611e680fb3ab,{{%SESSION_ID%},Chrome,,,,,,,,,,,,,,,,,,,,,,,,,,,,,,1.0,,,,,,,,6.0,,,,,,,,,conditions/conds_107.csv,1.0,0.0,,,,,,,,,948.8997,952.0172,"[0.0026999999880672476,0.016499999999950887,0.03319999998802814,0.04980000001194185,0.06730000001186909,0.08319999998809635,0.0999000000357455,0.11660000002382276,0.13410000002386369,0.15019999998810363,0.16650000000004184,0.18310000002384186,0.20040000003575642,0.21730000001196004,0.23319999998807361,0.2506000000238373,0.26640000003578734,0.2839999999999918,0.30030000001193,0.3165000000000191,0.3331000000238191,0.3498000000118964,0.36719999998808817,0.3831999999880509,0.3998000000119646,0.4171999999880427,0.43360000002383003,0.45069999998804633,0.46740000003580917,0.4831000000237964,0.4996999999880245,0.5161999999880891,0.5331000000238646,0.5501999999880809,0.5665000000000191,0.5831999999880964,0.60060000002386,0.6168000000119491,0.6333000000119,0.6499000000358137,0.6665000000000418,0.6831000000238419,0.6998000000119191,0.7164000000357191,0.7331999999880736,0.7504999999999882,0.7664999999999509,0.7831999999880281,0.799900000035791,0.8165000000000191,0.8331000000238191,0.8496999999880472,0.8664999999999736,0.8833000000119,0.8994999999999891,0.9165000000000418,0.9331999999881191,0.9499000000357682,0.96730000001196,0.9831999999880736,1.0006000000238373,1.0164999999999509,1.0331999999880281,1.0498000000119418,1.0664000000357419,1.0839000000357828,1.10060000002386,1.116300000011961,1.1331999999880509,1.1499000000358137,1.1675000000000182,1.1834000000357037,1.199800000011919,1.2164000000357191,1.23390000003576,1.2498000000118736,1.2664999999999509,1.2831999999880281,1.2998000000119418,1.3174000000357182,1.3339000000357828,1.35060000002386,1.3669999999999618,1.3831000000238873,1.3999000000358137,1.4171999999880427,1.4331000000238419,1.4505000000000337,1.46730000001196,1.4841000000238864,1.4998000000118736,1.5164999999999509,1.5335000000000036,1.5496999999880927,1.5664000000357419,1.5831000000238191,1.5998000000118964,1.6164999999999736,1.6331999999880509,1.6498000000119646,1.666600000023891,1.683199999988119,1.69969999998807,1.7164000000357191,1.73390000003576,1.7496999999880245,1.7664999999999509,1.7831000000238646,1.8006000000237918,1.816500000000019,1.8334000000357946,1.8498000000118964,1.8664999999999736,1.8831999999880509,1.8996999999881155,1.9164000000357646,1.9329000000357155,1.94969999998807,1.9664000000357191,1.9831000000237964,1.9996999999880245,2.016499999999951,2.0330000000000155,2.0496000000238155,2.06719999998802,2.0831999999880964,2.0998000000118964,2.1164999999999736,2.1331000000238873,2.1499999999999773,2.1664000000357646,2.1838000000119564,2.200199999988058,2.216400000035719,2.2331000000237964,2.2498000000118736,2.2664000000357873,2.283199999988028,2.30030000001193,2.316500000000019,2.333100000023819,2.3498000000118964,2.3673000000119373,2.3836000000238755,2.3998000000119646,2.416500000000042,2.433199999988119,2.4505000000000337,2.467199999988111,2.4841000000238864,2.5008000000119637,2.5166000000238,2.533199999988028,2.5496999999880927,2.566400000035742,2.583100000023819,2.5996999999880472,2.6164999999999736,2.6331000000238873,2.6498000000119646,2.666600000023891,2.683199999988119,2.6999000000357682,2.7164999999999964,2.7331000000237964,2.7496999999880245,2.7664000000357873,2.783199999988028,2.799800000011942,2.81719999998802,2.833100000023819,2.8498000000118964,2.8674000000357864,2.8836000000238755,2.8996999999881155,2.916600000023891,2.9329999999999927,2.9501000000238946,2.9669000000357073,2.983699999988062,2.9996999999880245,3.016199999988089,3.0331000000238646,3.049800000011942,3.066800000011881,3.0831999999880964,3.0996999999880472,3.1173000000119373]",0.016655615,0.000479202,188.0,right,1.0,,,,,,1.0,0.0,8.0,0.5,0.56984091,-1.0,0.163344053,-0.320908065,63.0,0.002617994,0.396190386,0.03208284,0.060740902,0.237954322,6.0,0.257070101,-0.491786391,31.0,0.004363323,0.375872077,0.0344646,0.07529372,0.228193104,6.0,1.2688086,-0.567919087,5.0,-0.004363323,0.3477587,0.034233339,0.078408596,0.194188261,5.0,1.455896593,-0.227782268,44.0,-0.006981317,0.384544024,0.027675657,0.071715856,0.246225121,7.0,2.620796022,0.863209674,34.0,-0.01134464,0.377900669,0.035623555,0.066078969,0.222301383,5.0,2.070615729,0.841275775,94.0,0.004363323,0.42523076,0.035907823,0.059015617,0.218525823,5.0,1.599023834,0.05642503,50.0,-0.003490659,0.388365859,0.031859869,0.061653869,0.235670302,6.0,1.786046881,0.417326241,74.0,-0.002617994,0.403888444,0.032857311,0.06846285,0.186846183,6.0,0.0,0.0,0.0,0.0,0.0,0.0,0.0,0.0,0.0,0.0,0.0,0.0,0.0,0.0,0.0,0.0,0.0,0.0,0.0,0.0,0.0,0.0,0.0,0.0,0.0,0.0,0.0,0.0,0.0,0.0,0.0,0.0,0.0,0.0,0.0,0.0,,,,,,,1.051,,0.0,11.0,11.0,11.0,1.0,,,,,,,,,,,,,,,,,,,,,,,,,,,,0
S070,2,2024-11-21_13h14.36.924,MotivatedInference,2024.1.5,Win32,60.24096386,668be8e87e83611e680fb3ab,{{%SESSION_ID%},Chrome,,,,,,,,,,,,,,,,,,,,,,,,,,,,,,-1.0,,,,,,,,5.0,,,,,,,,,conditions/conds_107.csv,1.0,0.0,,,,,,,,,955.3161,958.4005,"[0.004399999976158142,0.016699999988077252,0.03329999995230537,0.049999999999954525,0.06729999995229718,0.0832999999522599,0.10009999996418628,0.11759999996422721,0.13419999998802723,0.14999999999997726,0.1675000000000182,0.18419999998809544,0.20129999995231174,0.2185999999642263,0.23309999996422448,0.2502999999522899,0.26699999999993906,0.28329999995230537,0.3010999999642081,0.3170999999642845,0.3332999999522599,0.35000000000002274,0.36659999996425086,0.3832999999523281,0.4006999999880918,0.4172999999523199,0.4339999999999691,0.44989999997619634,0.4665999999642736,0.48439999997617633,0.5002999999522899,0.5165999999642281,0.5339999999999918,0.5501999999880809,0.5665999999641826,0.58299999999997,0.6001999999880354,0.6165999999642509,0.6340000000000146,0.6508999999761045,0.6666999999880545,0.6832999999522826,0.7006999999880463,0.7171999999881109,0.73419999998805,0.75,0.7677999999523308,0.7841999999881182,0.8000999999642318,0.8165000000000191,0.8341999999880727,0.8516999999881136,0.8666999999881,0.8831999999880509,0.8999999999999773,0.9165999999642054,0.9339999999999691,0.9500000000000455,0.9673999999761236,0.98419999998805,1,1.0167999999523545,1.0343999999761309,1.0517999999523227,1.06719999998802,1.083399999976109,1.0998999999761736,1.1168999999761127,1.1342999999523045,1.1503999999761163,1.1666999999880545,1.183999999999969,1.2000000000000455,1.2165999999642736,1.2340999999642008,1.2508999999761272,1.2668999999762036,1.2832999999523054,1.3015999999641963,1.3192999999523636,1.3335999999642354,1.3498999999761736,1.3665999999642509,1.3830000000000382,1.4001999999881036,1.4166999999880545,1.43389999997612,1.4502999999523354,1.4665999999642736,1.4832999999523508,1.5006999999881145,1.5166999999880773,1.5341999999881182,1.5499999999999545,1.5665999999641826,1.58429999995235,1.6003999999761618,1.6169999999999618,1.633299999952328,1.6500999999642545,1.667399999976169,1.6835999999642581,1.7000000000000455,1.7166999999881227,1.7332999999523508,1.7497999999523017,1.7665999999642281,1.7831999999880281,1.8007999999523463,1.8173999999761463,1.8339999999999463,1.850500000000011,1.8677999999523536,1.8837999999523163,1.8996999999881155,1.9163999999761927,1.9332999999522826,1.9510000000000218,1.9669999999999845,1.9840999999642008,2.0000999999642772,2.0162999999523663,2.0330000000000155,2.0496999999880927,2.0666999999880318,2.083499999999958,2.1000000000000227,2.117999999999938,2.134099999964178,2.1496999999881155,2.1663999999761927,2.18389999997612,2.200199999988058,2.2165999999642736,2.233699999988062,2.25,2.266599999964228,2.283199999988028,2.3003999999762073,2.3166999999880318,2.3339999999999463,2.3500000000000227,2.3668999999761127,2.3838999999761654,2.400699999988092,2.416899999976181,2.433199999988119,2.4500000000000455,2.4665999999642736,2.484099999964201,2.5006999999881145,2.516999999999939,2.5332999999523054,2.55059999996422,2.5673999999761463,2.5839999999999463,2.6006999999880236,2.6172999999523654,2.634099999964178,2.650699999988092,2.666899999976181,2.683599999964258,2.69969999998807,2.7165999999642736,2.734099999964201,2.75029999995229,2.766599999964228,2.783199999988028,2.8003999999762073,2.8166999999880318,2.8339999999999463,2.850799999952301,2.8672999999523654,2.884099999964178,2.900699999988092,2.917399999976169,2.933999999999969,2.950199999988058,2.9666999999881227,2.9831999999880736,2.9996999999880245,3.016599999964228,3.033199999988028,3.05059999996422,3.0666999999880318,3.0841999999880727]",0.016647568,0.000675203,186.0,left,1.0,,,,,,1.0,0.0,8.0,0.5,3.132189815,1.0,1.834862459,0.503920965,23.0,0.001745329,0.370048297,0.033576258,0.089212406,0.165879093,5.0,2.886346646,0.488606592,69.0,-0.001745329,0.400311091,0.03773135,0.078132351,0.241087639,6.0,1.520848487,-0.099729618,56.0,0.002617994,0.391878159,0.037400891,0.06461151,0.256914973,6.0,1.741766381,0.335315509,93.0,0.012217305,0.423353751,0.033559225,0.078739299,0.188587653,4.0,1.724023529,0.301680137,18.0,-0.008726646,0.365457086,0.031782524,0.075683607,0.153768306,4.0,2.384269338,0.99842402,64.0,-0.012217305,0.396824946,0.026418425,0.079335183,0.168726505,6.0,2.666807484,0.813165504,65.0,0.000872665,0.397557211,0.028332609,0.059251996,0.151978572,5.0,1.465421363,-0.209193293,19.0,-8.92894e-14,0.366380653,0.037711395,0.069882825,0.280007013,7.0,0.0,0.0,0.0,0.0,0.0,0.0,0.0,0.0,0.0,0.0,0.0,0.0,0.0,0.0,0.0,0.0,0.0,0.0,0.0,0.0,0.0,0.0,0.0,0.0,0.0,0.0,0.0,0.0,0.0,0.0,0.0,0.0,0.0,0.0,0.0,0.0,,,,,,,0.7663,,0.0,12.0,12.0,12.0,1.0,,,,,,,,,,,,,,,,,,,,,,,,,,,,0
S070,2,2024-11-21_13h14.36.924,MotivatedInference,2024.1.5,Win32,60.24096386,668be8e87e83611e680fb3ab,{{%SESSION_ID%},Chrome,,,,,,,,,,,,,,,,,,,,,,,,,,,,,,-1.0,,,,,,,,3.0,,,,,,,,,conditions/conds_107.csv,1.0,0.0,,,,,,,,,960.1831,961.8997,"[0.002199999988079071,0.016199999988089075,0.032799999952317194,0.049500000000080036,0.06629999995232083,0.0827999999523854,0.09959999996431179,0.11619999998811181,0.13289999997618906,0.14959999996426632,0.16619999998806634,0.1828999999761436,0.19959999996422084,0.21709999996426177,0.23279999995236267,0.24950000000001182,0.2662999999523663,0.2828999999761663,0.2995999999642436,0.3161999999881573,0.33350000000007185,0.3498999999761736,0.3663999999762382,0.38259999996421357,0.3994999999999891,0.41619999998806634,0.43359999996425813,0.4495000000000573,0.4671999999881109,0.4828999999762118,0.4993999999761627,0.5161999999880891,0.53369999998813,0.54950000000008,0.5662999999523208,0.5836999999880845,0.5995000000000346,0.616299999952389,0.6330000000000382,0.6505999999642427,0.6663999999761927,0.6828999999761436,0.6991999999880818,0.7160999999642854,0.7326999999880854,0.7502999999524036,0.7670999999642163,0.7827999999523172,0.7997999999523699,0.8161999999881573,0.8330000000000837,0.8495000000000346,0.8660999999642627,0.8827999999523399,0.8995999999642663,0.9162999999523436,0.9336999999881073,0.9495000000000573,0.9667999999524,0.983799999952339,0.999599999964289,1.016199999988089,1.0335000000000036,1.0496999999880927,1.0660999999643082,1.0827999999523854,1.0995000000000346,1.1161999999881118,1.132899999976189,1.149499999999989,1.1661999999880663,1.1837999999523845,1.1995999999642208,1.2161999999881346,1.2327999999523627,1.2495000000000118,1.266199999988089,1.2828999999761663,1.29950000000008,1.3168999999761581,1.3336999999880845,1.349699999988161,1.3661999999881118,1.3826999999880627,1.39939999997614,1.4160999999642172,1.4328999999761436,1.4493999999762082,1.4669999999999845,1.4827999999523627,1.4995000000000118,1.5165999999642281,1.5330999999642927,1.550199999988081,1.5662999999523208,1.5830000000000837,1.5995999999643118,1.6161999999881118,1.6330999999643154,1.649499999999989,1.6662999999523436,1.6828999999761436,1.6995000000000573,1.7164999999999964]",0.016643689,0.000521884,104.0,left,1.0,,,,,,2.0,0.0,4.0,0.5,-1.35432617,-1.0,1.446414531,-0.2462058,94.0,0.004363323,0.42523076,0.035907823,0.059015617,0.218525823,5.0,1.214777823,-0.653377207,71.0,0.013962634,0.401673071,0.031502829,0.073976735,0.151529972,4.0,2.86469185,0.525924407,9.0,0.01134464,0.355140301,0.038458273,0.073668072,0.274720221,7.0,0.686922167,-0.98066757,54.0,-0.000872665,0.390632361,0.034931933,0.073298853,0.195852464,4.0,0.0,0.0,0.0,0.0,0.0,0.0,0.0,0.0,0.0,0.0,0.0,0.0,0.0,0.0,0.0,0.0,0.0,0.0,0.0,0.0,0.0,0.0,0.0,0.0,0.0,0.0,0.0,0.0,0.0,0.0,0.0,0.0,0.0,0.0,0.0,0.0,0.0,0.0,0.0,0.0,0.0,0.0,0.0,0.0,0.0,0.0,0.0,0.0,0.0,0.0,0.0,0.0,0.0,0.0,0.0,0.0,0.0,0.0,0.0,0.0,0.0,0.0,0.0,0.0,0.0,0.0,0.0,0.0,0.0,0.0,0.0,0.0,,,,,,,1.1012,,0.0,13.0,13.0,13.0,1.0,,,,,,,,,,,,,,,,,,,,,,,,,,,,0
S070,2,2024-11-21_13h14.36.924,MotivatedInference,2024.1.5,Win32,60.24096386,668be8e87e83611e680fb3ab,{{%SESSION_ID%},Chrome,,,,,,,,,,,,,,,,,,,,,,,,,,,,,,-1.0,,,,,,,,10.0,,,,,,,,,conditions/conds_107.csv,1.0,0.0,,,,,,,,,964.0163,968.4828,"[0.0038999999761699655,0.01630000001193821,0.03300000000001546,0.04959999996424358,0.06630000001189273,0.08369999998808453,0.10000000000002274,0.11669999998809999,0.1330000000000382,0.14949999999998909,0.16680000001190365,0.18299999999999272,0.19969999998806998,0.21639999997614723,0.23300000000006094,0.24959999996428905,0.2663000000119382,0.28300000000001546,0.2996999999880927,0.31639999997616997,0.33299999999997,0.34969999998804724,0.3663999999761245,0.38289999997618906,0.3995999999642663,0.41650000000004184,0.4329999999999927,0.44959999996422084,0.4663000000119837,0.48300000000006094,0.4995000000000118,0.5163000000119382,0.5330000000000155,0.5496999999880927,0.5663000000118927,0.58299999999997,0.5996999999880472,0.6161999999881118,0.633699999988039,0.6496999999881155,0.6663000000119155,0.6828999999761436,0.6995999999642208,0.7163999999761472,0.7330000000000609,0.750399999976139,0.7663000000119382,0.7830000000000155,0.8008000000119182,0.8166999999881455,0.8333000000119455,0.8496999999880472,0.866300000011961,0.8830000000000382,0.8995999999642663,0.9163000000119155,0.9329999999999927,0.9495999999642208,0.9663000000119837,0.9830000000000609,0.999599999964289,1.0163000000119382,1.0330000000000155,1.049899999976219,1.0660999999643082,1.08299999999997,1.1005999999642881,1.117099999964239,1.1335000000000264,1.1495999999642663,1.1666999999880545,1.18309999996427,1.1993999999762082,1.215899999976159,1.2330999999642245,1.249599999964289,1.2663000000119382,1.2830000000000155,1.2995999999642436,1.3163000000118927,1.33299999999997,1.349599999964198,1.366300000011961,1.382899999976189,1.3996999999881155,1.4163000000119155,1.4328999999761436,1.4500000000000455,1.4665999999642736,1.4828999999762118,1.499599999964289,1.5163000000119382,1.5330000000000155,1.5496999999880927,1.56639999997617,1.5828999999761209,1.5996999999880472,1.616300000011961,1.632899999976189,1.6495999999642663,1.6663000000119155,1.6829999999999927,1.6995999999642208,1.7163000000119837,1.733000000000061,1.7496999999881382,1.7665000000000646,1.7831999999881418,1.7994999999999663,1.8163000000118927,1.8328999999761209,1.8496999999880472,1.8668999999762264,1.8825999999642136,1.8996999999881155,1.91700000000003,1.9328999999761436,1.94969999998807,1.9663000000119837,1.983000000000061,1.9996999999881382,2.0163999999762154,2.0330000000000155,2.050000000000068,2.0663000000118927,2.082899999976121,2.100500000000011,2.1175000000000637,2.133000000000038,2.1499999999999773,2.1661999999880663,2.1828999999761436,2.1995000000000573,2.2163000000119837,2.232899999976212,2.249599999964289,2.266300000011938,2.2830000000000155,2.2995999999642436,2.3161999999880436,2.33299999999997,2.350399999976162,2.366300000011961,2.383000000000038,2.3996999999881155,2.4163000000119155,2.4329999999999927,2.4505000000000337,2.4663000000119837,2.482899999976212,2.4993999999761627,2.516199999988089,2.5330000000000155,2.5493000000119537,2.5663000000118927,2.58299999999997,2.599599999964198,2.6163999999761245,2.6330999999642017,2.6495999999642663,2.6663000000119155,2.6828999999761436,2.69969999998807,2.7163000000119837,2.732899999976212,2.7503000000119755,2.766300000011938,2.7830000000000155,2.8008999999761954,2.8165999999642963,2.83299999999997,2.849599999964198,2.866300000011961,2.8838999999761654,2.8995999999642663,2.9163000000119155,2.9329999999999927,2.9503000000119073,2.9663000000119837,2.983899999976188,3.000399999976139,3.0170000000000528,3.0330000000000155,3.0495999999642436,3.0663000000118927,3.0838000000119337,3.1000999999643,3.1160999999642627,3.132899999976189,3.15039999997623,3.166899999976181,3.1829999999999927,3.2000000000000455,3.2163000000119837,3.232899999976212,3.249599999964289,3.266300000011938,3.2830000000000155,3.2995999999642436,3.3161999999880436,3.33299999999997,3.3496999999880472,3.366999999999962,3.383000000000038,3.399499999999989,3.4163000000119155,3.4328999999761436,3.4506999999880463,3.4661999999881346,3.482899999976212,3.499599999964289,3.516199999988089,3.532800000011889,3.5495999999642436,3.5661999999880436,3.582899999976121,3.599599999964198,3.616199999988112,3.633000000000038,3.6495999999642663,3.6661999999880663,3.6829999999999927,3.7003000000119073,3.7161999999881346,3.733899999976188,3.7503000000119755,3.766199999988089,3.783199999988142,3.799899999976219,3.816899999976158,3.833099999964247,3.8496999999880472,3.866300000011961,3.8835999999643036,3.8995999999642663,3.9163000000119155,3.9333999999761318,3.950099999964209,3.9663000000119837,3.982899999976212,3.999699999988138,4.017099999964216,4.033099999964293,4.049599999964244,4.066199999988044,4.082899999976121,4.100399999976162,4.116499999999974,4.132800000011912,4.149899999976128,4.166199999988066,4.182899999976144,4.199500000000057,4.216300000011984,4.232800000011935,4.249599999964289,4.266300000011938,4.282899999976166,4.299599999964244,4.316199999988044,4.332899999976121,4.349599999964198,4.366300000011961,4.382899999976189,4.399599999964266,4.416199999988066,4.432999999999993,4.4503999999761845,4.4661999999881346]",0.016650373,0.000463399,269.0,right,1.0,,,,,,1.0,0.0,12.0,0.5,2.306058277,-1.0,1.59480824,0.048005368,44.0,-0.006981317,0.384544024,0.027675657,0.071715856,0.246225121,7.0,0.063627586,-0.126911991,56.0,0.002617994,0.391878159,0.037400891,0.06461151,0.256914973,6.0,1.389077862,-0.355488758,51.0,-0.000872665,0.388957543,0.039197552,0.074659583,0.215725836,5.0,0.288874914,-0.546140366,24.0,-0.000872665,0.370951047,0.044446314,0.068882508,0.271498611,5.0,1.944976402,0.680437985,22.0,-0.006108652,0.369173441,0.034771665,0.081264392,0.215269419,6.0,1.693530102,0.243009887,3.0,0.001745329,0.342027877,0.030569748,0.094119191,0.219456558,8.0,2.464452538,0.976651816,95.0,-0.003490659,0.427246221,0.028411926,0.064304978,0.203029515,6.0,2.959158196,0.356826842,90.0,-0.005235988,0.41932645,0.033694537,0.059919896,0.18718849,4.0,0.826181464,-0.996675289,50.0,-0.003490659,0.388365859,0.031859869,0.061653869,0.235670302,6.0,2.628174263,0.855666218,60.0,0.008726646,0.394321176,0.024708435,0.063628191,0.162696287,6.0,2.099541284,0.871125624,60.0,0.008726646,0.394321176,0.024708435,0.063628191,0.162696287,6.0,2.98948168,0.29955094,62.0,-0.006981317,0.395568746,0.03641844,0.082091507,0.288170754,7.0,,,,,,,0.7193,,0.0,14.0,14.0,14.0,1.0,,,,,,,,,,,,,,,,,,,,,,,,,,,,0
S070,2,2024-11-21_13h14.36.924,MotivatedInference,2024.1.5,Win32,60.24096386,668be8e87e83611e680fb3ab,{{%SESSION_ID%},Chrome,,,,,,,,,,,,,,,,,,,,,,,,,,,,,,-1.0,,,,,,,,2.0,,,,,,,,,conditions/conds_107.csv,1.0,0.0,,,,,,,,,970.2162,971.9501,"[0.0018000000119400283,0.016400000035787343,0.03300000000001546,0.04960000002381548,0.06640000003574187,0.08299999999996999,0.10040000003573368,0.11630000001184726,0.1329999999999245,0.14960000002383822,0.16700000000003,0.18369999998810727,0.19969999998806998,0.21640000003571913,0.23319999998807361,0.24980000001187364,0.26640000003578734,0.2828000000118891,0.2996999999880927,0.31630000001189273,0.33299999999997,0.34969999998804724,0.36630000001184726,0.38290000003576097,0.40049999999996544,0.41630000001191547,0.4329999999999927,0.44960000002379275,0.46640000003571913,0.4831000000237964,0.500400000035711,0.5171999999880654,0.5329000000357382,0.5496999999880927,0.5666000000238682,0.58299999999997,0.5993000000119082,0.6164000000356964,0.6329999999999245,0.6496000000238382,0.66700000000003,0.6829999999999927,0.6999000000357682,0.71630000001187,0.7353000000118755,0.7493000000118855,0.7671999999880654,0.7830000000000155,0.7996000000238155,0.8164000000357419,0.8329000000356928,0.84960000002377,0.8664999999999736,0.8828000000119118,0.8996000000238382,0.9166000000237773,0.9329000000357155,0.9498000000119191,0.96630000001187,0.9829999999999472,0.9996999999880245,1.0163000000119382,1.0330000000000155,1.0496999999880927,1.0664000000357419,1.0834000000357946,1.0996999999880472,1.1163000000118473,1.1329999999999245,1.1496000000238382,1.16700000000003,1.1833000000118545,1.1996000000237927,1.2164000000357191,1.2326000000238082,1.249600000023861,1.2663000000119382,1.2829000000357382,1.3001000000238037,1.3163000000118927,1.33299999999997,1.3496999999880472,1.3663000000118473,1.3829999999999245,1.3996000000238382,1.4173000000118918,1.4329999999999927,1.4496000000237927,1.4664999999999964,1.4834999999999354,1.4998000000118736,1.5163000000119382,1.5329000000357382,1.5496000000238155,1.5661999999880436,1.5829000000356928,1.59960000002377,1.6161999999881118,1.6329999999999245,1.6496000000238382,1.6664000000357646,1.6829999999999927,1.7004000000357564,1.7169999999999845,1.7336999999880618]",0.016652885,0.000549818,105.0,right,0.0,,,,,,1.0,0.0,4.0,0.5,-0.737908075,1.0,2.58244246,0.899358651,4.0,0.001745329,0.345391377,0.044661649,0.086491224,0.292502374,6.0,0.744346663,-0.996631441,19.0,-8.92894e-14,0.366380653,0.037711395,0.069882825,0.280007013,7.0,1.534424745,-0.072679027,55.0,-0.003490659,0.391280598,0.028194872,0.063513844,0.18961797,6.0,0.302010308,-0.567956258,86.0,-0.01134464,0.414570186,0.03611148,0.064685839,0.099529567,3.0,0.0,0.0,0.0,0.0,0.0,0.0,0.0,0.0,0.0,0.0,0.0,0.0,0.0,0.0,0.0,0.0,0.0,0.0,0.0,0.0,0.0,0.0,0.0,0.0,0.0,0.0,0.0,0.0,0.0,0.0,0.0,0.0,0.0,0.0,0.0,0.0,0.0,0.0,0.0,0.0,0.0,0.0,0.0,0.0,0.0,0.0,0.0,0.0,0.0,0.0,0.0,0.0,0.0,0.0,0.0,0.0,0.0,0.0,0.0,0.0,0.0,0.0,0.0,0.0,0.0,0.0,0.0,0.0,0.0,0.0,0.0,0.0,,,,,,,1.0902,,0.0,15.0,15.0,15.0,1.0,,,,,,,,,,,,,,,,,,,,,,,,,,,,0
S070,2,2024-11-21_13h14.36.924,MotivatedInference,2024.1.5,Win32,60.24096386,668be8e87e83611e680fb3ab,{{%SESSION_ID%},Chrome,,,,,,,,,,,,,,,,,,,,,,,,,,,,,,-1.0,,,,,,,,12.0,,,,,,,,,conditions/conds_107.csv,1.0,0.0,,,,,,,,,974.0521,978.5545,"[0.0030999999642062903,0.01639999997621544,0.03029999995237631,0.04969999998809271,0.06369999998810272,0.08389999997621089,0.09799999999995634,0.11369999998805724,0.1303999999761345,0.14989999997612813,0.16669999998805451,0.1831999999881191,0.19700000000000273,0.2162999999522981,0.2302999999523081,0.24699999999995725,0.26359999996418537,0.28129999995235266,0.3018999999761718,0.31459999996422994,0.3305000000000291,0.34749999999996817,0.3667999999523772,0.3803999999761345,0.39969999998811545,0.4135999999642763,0.4302999999523536,0.44759999996426814,0.4690999999642145,0.483799999952339,0.49699999999995725,0.5165999999642281,0.5303999999761118,0.5505000000000564,0.5643999999762173,0.5845000000000482,0.5978999999761072,0.6183999999761909,0.6313999999761108,0.6470999999642117,0.6636999999881255,0.6801999999880763,0.7000000000000455,0.7162999999522981,0.7300999999642954,0.7468999999761081,0.76400000000001,0.7802999999523763,0.7997999999523699,0.8136999999881027,0.8332999999523736,0.8476999999880945,0.8665999999642509,0.8833999999761772,0.8970000000000482,0.9135999999642763,0.9339999999999691,0.9522999999522881,0.9638999999762063,0.9802999999523081,0.9971999999880836,1.0167999999523545,1.0352999999523718,1.0513999999761836,1.0635999999642536,1.08299999999997,1.0967999999522817,1.113599999964208,1.1302999999522854,1.1470000000000482,1.1635999999642763,1.1805000000000518,1.2016999999881364,1.2137999999523572,1.2326999999880854,1.2469999999999573,1.2635999999641854,1.2811999999880754,1.2985999999642672,1.3136999999881027,1.3305999999641926,1.3521999999881018,1.3641999999880454,1.3809999999999718,1.4005999999642427,1.4135999999642763,1.42999999999995,1.4495999999642208,1.4643999999761945,1.480299999952308,1.4969999999999573,1.5164999999999509,1.5303999999761118,1.5496999999880927,1.5677999999522854,1.5836999999880845,1.5975999999642454,1.6166999999881,1.6308999999761227,1.6498999999761281,1.6636999999881255,1.6802999999523536,1.6968999999761536,1.7142999999523454,1.7332999999523508,1.750399999976139,1.7633999999761727,1.7830000000000155,1.7968999999761763,1.8136999999881027,1.833899999976211,1.8477999999523718,1.867099999964239,1.8818999999762127,1.896899999976199,1.9163999999761927,1.9333999999761318,1.9519999999999982,1.9637999999523572,1.9801999999880309,1.9996999999881382,2.01869999998803,2.034399999976131,2.0477999999523036,2.0635999999642536,2.0837999999523618,2.100599999964288,2.1138999999761836,2.13279999995234,2.147000000000048,2.1636999999881255,2.1802999999523536,2.2000000000000455,2.2142999999523454,2.2345000000000255,2.2470999999642345,2.264399999976149,2.2835000000000036,2.2968999999761763,2.3134999999999764,2.3301999999880536,2.3476999999880945,2.3673999999762145,2.383699999988039,2.396899999976199,2.413799999952289,2.434399999976108,2.4505000000000337,2.466299999952298,2.480299999952308,2.4969999999999573,2.5158999999761136,2.5302999999523763,2.547099999964189,2.5665999999642963,2.58039999997618,2.6018999999761263,2.614399999976172,2.633000000000038,2.6477999999523263,2.663499999999999,2.6802999999523536,2.6968999999761536,2.713599999964231,2.730299999952308,2.7470999999642345,2.7667999999523545,2.7802999999523763,2.7996999999880927,2.8135999999642536,2.834799999952338,2.847499999999968,2.8663999999761245,2.8802999999522854,2.9005999999642427,2.9144999999999754,2.9333999999761318,2.947599999964268,2.9670999999642618,2.980299999952308,2.999599999964289,3.013500000000022,3.0333999999761545,3.0515999999641963,3.064699999988079,3.080299999952331,3.1014999999999873,3.1138999999761836,3.1335000000000264,3.1495999999642663,3.16339999997615,3.1829999999999927,3.1970000000000027,3.2134999999999536,3.233000000000061,3.249899999976151,3.2635999999641854,3.2802999999523763,3.2970000000000255,3.3135999999642536,3.3310000000000173,3.3515999999642645,3.364399999976172,3.384099999964292,3.3975999999642,3.4162999999523436,3.43100000000004,3.4470000000000027,3.4682999999523645,3.480199999988031,3.499500000000012,3.5131999999880463,3.53009999996425,3.5513999999761836,3.564299999952368,3.5836999999880845,3.5976999999880945,3.618399999976191,3.630999999999972,3.649899999976128,3.6665999999642054,3.6805999999642154,3.699799999952347,3.713599999964231,3.7303999999761572,3.74739999997621,3.7663999999762154,3.782799999952317,3.7968999999761763,3.8165999999642963,3.8355000000000246,3.8498999999761736,3.8636999999880572,3.8841999999880272,3.897000000000048,3.9163999999761927,3.9302999999523536,3.949399999976208,3.9640000000000555,3.9831999999880736,3.996899999976108,4.016399999976215,4.030299999952376,4.046799999952327,4.063599999964254,4.080299999952331,4.0997999999523245,4.117199999988088,4.131099999964249,4.147000000000048,4.163499999999999,4.184199999988095,4.19789999997613,4.213599999964231,4.232899999976212,4.246999999999957,4.2636999999880345,4.283199999988028,4.297599999964291,4.315699999988055,4.3310999999642945,4.350099999964186,4.363599999964208,4.380199999988122,4.397000000000048,4.413599999964276,4.43309999996427,4.446899999976154,4.467399999976124,4.480899999976145,4.502199999988079]",0.016663333,0.002539486,271.0,left,1.0,,,,,,2.0,0.0,12.0,0.5,-0.538611979,-1.0,0.063901591,-0.127455551,37.0,-0.010471976,0.379878099,0.039758221,0.071440932,0.269646059,5.0,1.061894426,-0.850956552,99.0,-0.003490659,0.442500629,0.032492338,0.059723416,0.160754516,4.0,1.956031661,0.696473059,28.0,0.006108652,0.373747518,0.036497013,0.082304542,0.218348002,5.0,1.244709299,-0.606915705,44.0,-0.006981317,0.384544024,0.027675657,0.071715856,0.246225121,7.0,1.8847424,0.587440247,1.0,-0.007853982,0.332308035,0.049961894,0.10302439,0.316973442,6.0,1.377735721,-0.376598038,16.0,0.017453293,0.363466057,0.031192723,0.069909496,0.180964939,5.0,0.036965924,-0.073864515,92.0,-0.000872665,0.422008311,0.023140698,0.057298337,0.164165775,6.0,0.05123233,-0.102285457,72.0,0.006108652,0.40239539,0.026269008,0.066501733,0.165237327,6.0,0.339320064,-0.627735044,25.0,0.001745329,0.371739039,0.031180836,0.079221418,0.176784845,4.0,2.256491633,0.980184471,42.0,0.010471976,0.383208229,0.034272345,0.075051408,0.167478928,5.0,1.308744214,-0.500437669,91.0,0.001745329,0.420659204,0.046109782,0.086244352,0.261967492,5.0,1.811788728,0.463538775,43.0,0.004363323,0.383893371,0.033132061,0.062242434,0.239996947,6.0,,,,,,,0.8666,,0.0,16.0,16.0,16.0,1.0,,,,,,,,,,,,,,,,,,,,,,,,,,,,0
S070,2,2024-11-21_13h14.36.924,MotivatedInference,2024.1.5,Win32,60.24096386,668be8e87e83611e680fb3ab,{{%SESSION_ID%},Chrome,,,,,,,,,,,,,,,,,,,,,,,,,,,,,,-1.0,,,,,,,,9.0,,,,,,,,,conditions/conds_107.csv,1.0,0.0,,,,,,,,,980.4203,984.8993,"[0.003300000011904558,0.01609999996423994,0.02869999998813455,0.04919999998810454,0.06330000001196368,0.08209999996427086,0.09580000001199096,0.11680000001194912,0.1286999999880436,0.14830000001188637,0.16189999997618543,0.17930000001194912,0.1998000000119191,0.21269999998810363,0.23139999997613359,0.2463000000119564,0.26559999996425177,0.28359999996428087,0.2963000000119109,0.31469999998807907,0.3293999999762036,0.35009999996429997,0.36569999998812364,0.3786999999880436,0.39830000001188637,0.4171999999880427,0.43109999996420356,0.45050000000003365,0.46530000001189364,0.4785999999642172,0.49530000001198005,0.51580000001195,0.5293999999761354,0.5496999999880927,0.5625999999642772,0.5813999999761563,0.5955000000000155,0.6150000000000091,0.6286999999880436,0.6453000000119573,0.6648999999762282,0.6785999999642627,0.6983000000119546,0.7165999999642736,0.72950000000003,0.7483000000119091,0.7620000000000573,0.7835999999642809,0.7955999999642245,0.8148000000119282,0.8286999999880891,0.8453000000118891,0.8618000000119537,0.8786999999880436,0.8953000000119573,0.9120000000000346,0.9284999999999854,0.9453000000119118,0.9665999999642736,0.9793999999761809,0.99819999998806,1.0128000000119073,1.03369999998813,1.04849999999999,1.0618999999761627,1.0836999999880845,1.095300000011889,1.1159999999999854,1.1288000000118927,1.1493000000119764,1.1620999999643118,1.1793999999762264,1.2005999999643109,1.2126999999881036,1.233800000011911,1.2461999999881073,1.2618999999762082,1.2786999999881346,1.2981999999881282,1.3128000000119755,1.3335999999642354,1.34880000001192,1.3646999999881473,1.3786999999880436,1.39859999996429,1.4120999999643118,1.4333000000119682,1.4458999999761772,1.4648999999761827,1.4835000000000491,1.4953999999761436,1.5148000000119737,1.5290999999642736,1.5489999999999782,1.5628000000119755,1.581800000011981,1.5953999999761663,1.6120999999642436,1.6311999999880982,1.6480000000000246,1.6620000000000346,1.6785999999642627,1.6980999999642563,1.7128000000119528,1.7314999999999827,1.74530000001198,1.7658999999762273,1.7785999999642854,1.7983000000119773,1.8118999999761627,1.83299999999997,1.845300000011889,1.8661999999881118,1.8788000000118927,1.8983999999761636,1.9120000000000346,1.9286999999881118,1.9453000000119118,1.961999999999989,1.9793999999761809,1.9998000000119873,2.0128000000119073,2.032399999976178,2.046000000000049,2.062099999964289,2.082300000011969,2.0951999999881536,2.1119999999999663,2.128599999964308,2.1504999999999654,2.1620000000000346,2.181300000011902,2.1961999999881527,2.215099999964309,2.2285000000000537,2.24530000001198,2.261899999976208,2.281399999976202,2.2953000000119346,2.3145000000000664,2.3293999999762036,2.347899999976221,2.362699999988081,2.378599999964308,2.3991999999881273,2.4163000000119155,2.429599999964239,2.4485999999642445,2.4663000000119837,2.481999999999971,2.495199999988131,2.5151999999881127,2.5288999999761472,2.548999999999978,2.565899999976182,2.5788999999762154,2.5980999999642336,2.6120999999642436,2.628599999964308,2.6495999999642663,2.662099999964312,2.6815999999643054,2.6961999999881527,2.715399999976171,2.729399999976181,2.7461999999881073,2.7654999999999745,2.7785999999642854,2.7951999999880854,2.81459999996423,2.828699999988089,2.849300000011908,2.862300000011942,2.8788000000118927,2.8983999999761636,2.9120000000000346,2.9285999999642627,2.945300000011912,2.9646999999880563,2.979399999976181,2.9980000000000473,3.0120000000000573,3.0325000000000273,3.046199999988062,3.0648999999762054,3.0793999999762036,3.0980999999642336,3.1155999999642745,3.128599999964308,3.145199999988108,3.1668000000119036,3.179099999964251,3.1986999999880936,3.2128000000119528,3.232899999976212,3.2461999999881073,3.261899999976208,3.2785999999642854,3.296599999964201,3.3118999999761627,3.3315000000000055,3.345300000011889,3.3619999999999663,3.382000000000062,3.395399999976121,3.4145999999642527,3.4285999999642627,3.445300000011912,3.4658000000119955,3.47950000000003,3.499599999964289,3.5159999999999627,3.5288999999761472,3.5483000000119773,3.566500000000019,3.582899999976121,3.595699999988142,3.615000000000009,3.6286999999880436,3.6458999999762227,3.6666999999880545,3.6793999999762264,3.6980999999642563,3.7126999999881036,3.731999999999971,3.7461999999881073,3.7655999999642518,3.7795999999642618,3.799800000011942,3.812199999988138,3.833099999964247,3.845699999988142,3.8660999999642627,3.8786999999880436,3.8961999999880845,3.9163999999761927,3.9285999999642627,3.948399999976232,3.9663999999761472,3.979399999976181,3.9975999999642227,4.013399999976173,4.028599999964285,4.046000000000049,4.062399999976151,4.079199999988077,4.099599999964312,4.112300000011942,4.133599999964304,4.148500000000013,4.162000000000035,4.182899999976144,4.195399999976189,4.211999999999989,4.23130000001197,4.24530000001198,4.2628999999761845,4.2830000000000155,4.296199999988062,4.315699999988055,4.329399999976204,4.349599999964312,4.362199999988093,4.382899999976189,4.395399999976121,4.41700000000003,4.428800000011961,4.449500000000057,4.466399999976147,4.478699999988066]",0.016637175,0.002957838,270.0,left,1.0,,,,,,1.0,0.0,12.0,0.5,4.254487572,1.0,1.79744395,0.437930362,54.0,-0.000872665,0.390632361,0.034931933,0.073298853,0.195852464,4.0,2.032941408,0.798193357,68.0,0.009599311,0.399449425,0.031951263,0.065393928,0.165147664,5.0,3.072601155,0.137545563,29.0,-0.000872665,0.374372435,0.035828607,0.080766738,0.158410304,4.0,2.34715535,0.999836592,90.0,-0.005235988,0.41932645,0.033694537,0.059919896,0.18718849,4.0,0.272445535,-0.518324939,35.0,0.01134464,0.378665605,0.034694997,0.068673497,0.233172687,6.0,2.192380406,0.946808257,33.0,-0.006108652,0.377230834,0.032847101,0.067598606,0.249691544,6.0,1.716090676,0.286516293,53.0,-0.003490659,0.390095866,0.043303837,0.083823939,0.349451294,6.0,2.019105066,0.781219823,37.0,-0.010471976,0.379878099,0.039758221,0.071440932,0.269646059,5.0,1.672742301,0.202482185,60.0,0.008726646,0.394321176,0.024708435,0.063628191,0.162696287,6.0,2.832871015,0.578952402,89.0,0.014835299,0.418022232,0.039220845,0.067729576,0.134251055,3.0,2.817864426,0.603159576,19.0,-8.92894e-14,0.366380653,0.037711395,0.069882825,0.280007013,7.0,0.794566188,-0.999831899,6.0,-0.001745329,0.3497664,0.039524515,0.103278094,0.256513403,7.0,,,,,,,0.7777,,0.0,17.0,17.0,17.0,1.0,,,,,,,,,,,,,,,,,,,,,,,,,,,,0
S070,2,2024-11-21_13h14.36.924,MotivatedInference,2024.1.5,Win32,60.24096386,668be8e87e83611e680fb3ab,{{%SESSION_ID%},Chrome,,,,,,,,,,,,,,,,,,,,,,,,,,,,,,0.0,,,,,,,,4.0,,,,,,,,,conditions/conds_107.csv,1.0,0.0,,,,,,,,,987.9155,989.6167,"[0.0014999999999645297,0.016699999988077252,0.033699999988016316,0.049999999999954525,0.06680000001188091,0.08410000002379547,0.10019999998803542,0.11669999998809999,0.1333000000119,0.15089999997610448,0.16730000001189183,0.18360000002383003,0.2003000000119073,0.21669999998800904,0.2333999999760863,0.25,0.26669999998807725,0.2833000000118773,0.2999999999999545,0.3166999999880318,0.33339999997610903,0.35000000000002274,0.3666999999881,0.3841000000238637,0.4001000000238264,0.4175000000000182,0.43339999997613177,0.45100000000002183,0.46760000002382185,0.4836999999880618,0.5,0.5166999999880773,0.5333000000118773,0.5501000000238037,0.5668000000118809,0.5841000000237955,0.6001000000237582,0.6166000000238228,0.6333999999761772,0.6508000000119409,0.6675000000000182,0.6841000000238182,0.6999999999999318,0.716699999988009,0.7338000000119109,0.7506999999880009,0.7669999999999391,0.7833999999761545,0.7999999999999545,0.8166999999880318,0.833399999976109,0.8501000000237582,0.8666999999881,0.8833000000119,0.8998999999761281,0.9171000000237655,0.9333999999761318,0.9499999999999318,0.9666000000238455,0.9833000000119227,1,1.0171000000237882,1.0336000000238528,1.0499999999999545,1.0666000000237545,1.0831999999880964,1.0998000000118964,1.1166999999881,1.1331999999880509,1.1499999999999773,1.1666999999880545,1.1833999999761318,1.1999999999999318,1.2174999999999727,1.2333999999760863,1.2498999999761509,1.2666999999880773,1.2833000000118773,1.2999999999999545,1.3166999999880318,1.3331999999880964,1.3508000000118727,1.3668000000118354,1.3833000000119,1.3998999999761281,1.4166000000237773,1.4328999999761436,1.4499999999999318,1.466699999988009,1.4841000000237727,1.5,1.5166999999880773,1.5333000000118773,1.5499999999999545,1.5666999999880318,1.5833000000118318,1.6000000000000227,1.6168000000118354,1.6333000000119,1.6501000000238264,1.6666000000237773,1.6841000000238182,1.7010000000000218]",0.016661765,0.000397799,103.0,right,1.0,,,,,,2.0,0.0,4.0,0.5,-1.679132492,1.0,1.306210007,-0.504819317,72.0,0.006108652,0.40239539,0.026269008,0.066501733,0.165237327,6.0,1.83251377,0.499858061,66.0,-0.006108652,0.398200129,0.038012219,0.074472022,0.208169201,4.0,0.668154829,-0.972633739,41.0,0.013089969,0.382506884,0.032100804,0.075836611,0.218324429,6.0,1.182019976,-0.701537498,61.0,-0.004363323,0.394911895,0.035957651,0.088187679,0.159307843,4.0,0.0,0.0,0.0,0.0,0.0,0.0,0.0,0.0,0.0,0.0,0.0,0.0,0.0,0.0,0.0,0.0,0.0,0.0,0.0,0.0,0.0,0.0,0.0,0.0,0.0,0.0,0.0,0.0,0.0,0.0,0.0,0.0,0.0,0.0,0.0,0.0,0.0,0.0,0.0,0.0,0.0,0.0,0.0,0.0,0.0,0.0,0.0,0.0,0.0,0.0,0.0,0.0,0.0,0.0,0.0,0.0,0.0,0.0,0.0,0.0,0.0,0.0,0.0,0.0,0.0,0.0,0.0,0.0,0.0,0.0,0.0,0.0,,,,,,,0.9163,,0.0,18.0,18.0,18.0,1.0,,,,,,,,,,,,,,,,,,,,,,,,,,,,0
S070,2,2024-11-21_13h14.36.924,MotivatedInference,2024.1.5,Win32,60.24096386,668be8e87e83611e680fb3ab,{{%SESSION_ID%},Chrome,,,,,,,,,,,,,,,,,,,,,,,,,,,,,,0.0,,,,,,,,12.0,,,,,,,,,conditions/conds_107.csv,1.0,0.0,,,,,,,,,991.5492,996.049,"[0.004199999988031777,0.016400000035787343,0.0328000000118891,0.05040000003577916,0.06700000000000728,0.08310000002381912,0.0996000000238837,0.11630000001196095,0.13290000003576097,0.14969999998811545,0.16669999998805451,0.18310000002384186,0.19960000002379275,0.21619999998813455,0.2329000000357837,0.24960000002386096,0.2663000000119382,0.28300000000001546,0.29980000001194185,0.31630000001189273,0.33290000003580644,0.35030000001188455,0.36630000001196095,0.38290000003576097,0.39999999999997726,0.41630000001191547,0.4329999999999927,0.4500000000000455,0.46699999999998454,0.48300000000006094,0.49960000002386096,0.5161999999880891,0.5329000000357382,0.5494999999999663,0.5663000000118927,0.5829000000358064,0.5996000000238837,0.6161999999881118,0.6330000000000382,0.6503000000119528,0.6669000000357528,0.6829000000357155,0.6998000000119191,0.7171000000238337,0.7333000000119227,0.7504000000358246,0.7663000000119382,0.7830000000000155,0.7996000000238155,0.8163000000118927,0.83299999999997,0.8503000000118845,0.8666000000238228,0.882900000035761,0.8996000000238382,0.9163000000119155,0.9329999999999927,0.9506000000238828,0.9669999999999845,0.9830000000000609,0.999600000023861,1.0164999999999509,1.0329000000357382,1.0494999999999663,1.0663000000118927,1.0829000000358064,1.0996000000238837,1.117100000023811,1.1331999999880509,1.1496000000238382,1.1664000000357646,1.1829000000357155,1.1995000000000573,1.2166999999881227,1.2336000000238982,1.2504000000358246,1.266199999988089,1.2834000000357264,1.299900000035791,1.3161999999880436,1.33299999999997,1.3496000000238837,1.3661999999881118,1.3834000000357491,1.399499999999989,1.4164000000357646,1.43280000001198,1.4495000000000573,1.4663000000119837,1.4829000000357837,1.499600000023861,1.5173000000119146,1.5338000000119791,1.5534999999999854,1.5666999999880318,1.5829000000358064,1.5996000000238837,1.6161999999881118,1.632900000035761,1.650400000035802,1.666600000023891,1.6829000000357155,1.69969999998807,1.7161999999881346,1.7329000000357837,1.749600000023861,1.766199999988089,1.78369999998813,1.7994999999999663,1.8166000000238682,1.8339000000357828,1.8500000000000227,1.8658000000119728,1.8830000000000382,1.899499999999989,1.91700000000003,1.9333000000119682,1.9496000000237927,1.9663000000119837,1.9829000000357837,1.999600000023861,2.016300000011938,2.032800000011889,2.0496000000238155,2.0671000000238564,2.0829000000358064,2.1001999999880354,2.116999999999962,2.133000000000038,2.149499999999989,2.1660000000000537,2.1829000000357155,2.1996000000237927,2.2161999999881346,2.233000000000061,2.249600000023861,2.266199999988089,2.2829000000357382,2.300199999988081,2.3161999999880436,2.3329000000358064,2.3495000000000346,2.366199999988112,2.382800000011912,2.3998000000119646,2.4164000000357646,2.43280000001198,2.4496000000237927,2.466000000000008,2.4829000000357837,2.4993000000118855,2.516100000023812,2.5329000000357382,2.5494999999999663,2.5661999999880436,2.5838000000119337,2.5996000000238837,2.616199999988112,2.632800000011912,2.649499999999989,2.6661999999880663,2.68360000002383,2.6995000000000573,2.715900000035731,2.7328000000119346,2.749500000000012,2.7670000000000528,2.782800000011889,2.7994999999999663,2.81690000003573,2.8329000000358064,2.8496000000238837,2.8661000000238346,2.882900000035761,2.899499999999989,2.9161999999880663,2.9329000000357155,2.9496000000237927,2.9663000000119837,2.9828000000119346,2.999500000000012,3.016300000011938,3.0329000000357382,3.0494999999999663,3.0661999999880436,3.08299999999997,3.1000000000000227,3.116300000011961,3.133199999988051,3.149600000023838,3.1660000000000537,3.1829000000357155,3.1995000000000573,3.2161999999881346,3.2329000000357837,3.249500000000012,3.266199999988089,3.282800000011889,3.2996000000238155,3.3161999999880436,3.3336000000238073,3.3504000000357337,3.3661000000238346,3.383000000000038,3.3998000000119646,3.4161999999880663,3.43280000001198,3.4496000000237927,3.4661000000238573,3.4829000000357837,3.499500000000012,3.516199999988089,3.5335000000000036,3.5496000000238155,3.5661999999880436,3.5828000000119573,3.5995000000000346,3.616199999988112,3.632800000011912,3.6496999999881155,3.666100000023903,3.6836999999881073,3.6996000000237927,3.716400000035719,3.7329000000357837,3.749500000000012,3.765900000035799,3.7829000000357382,3.7996000000238155,3.8161999999880436,3.8329000000358064,3.8495000000000346,3.866199999988112,3.883699999988039,3.9003000000119528,3.916100000023903,3.93280000001198,3.94969999998807,3.967199999988111,3.9829000000357837,3.999600000023861,4.016400000035787,4.0330000000000155,4.05030000001193,4.066000000000031,4.082800000011957,4.099500000000035,4.116199999988112,4.132800000011912,4.150100000023826,4.166600000023891,4.1825000000000045,4.199500000000057,4.2161999999881346,4.232900000035784,4.249600000023861,4.266499999999951,4.282900000035738,4.299499999999966,4.31610000002388,4.332800000011957,4.350500000000011,4.36640000003581,4.382800000011912,4.399499999999989,4.416199999988066,4.4329000000357155,4.449500000000057,4.4661999999881346,4.482800000011935,4.499500000000012]",0.016649259,0.000548043,271.0,left,1.0,,,,,,2.0,0.0,12.0,0.5,-0.538611979,-1.0,0.063901591,-0.127455551,37.0,-0.010471976,0.379878099,0.039758221,0.071440932,0.269646059,5.0,1.061894426,-0.850956552,99.0,-0.003490659,0.442500629,0.032492338,0.059723416,0.160754516,4.0,1.956031661,0.696473059,28.0,0.006108652,0.373747518,0.036497013,0.082304542,0.218348002,5.0,1.244709299,-0.606915705,44.0,-0.006981317,0.384544024,0.027675657,0.071715856,0.246225121,7.0,1.8847424,0.587440247,1.0,-0.007853982,0.332308035,0.049961894,0.10302439,0.316973442,6.0,1.377735721,-0.376598038,16.0,0.017453293,0.363466057,0.031192723,0.069909496,0.180964939,5.0,0.036965924,-0.073864515,92.0,-0.000872665,0.422008311,0.023140698,0.057298337,0.164165775,6.0,0.05123233,-0.102285457,72.0,0.006108652,0.40239539,0.026269008,0.066501733,0.165237327,6.0,0.339320064,-0.627735044,25.0,0.001745329,0.371739039,0.031180836,0.079221418,0.176784845,4.0,2.256491633,0.980184471,42.0,0.010471976,0.383208229,0.034272345,0.075051408,0.167478928,5.0,1.308744214,-0.500437669,91.0,0.001745329,0.420659204,0.046109782,0.086244352,0.261967492,5.0,1.811788728,0.463538775,43.0,0.004363323,0.383893371,0.033132061,0.062242434,0.239996947,6.0,,,,,,,0.6506,,0.0,19.0,19.0,19.0,1.0,,,,,,,,,,,,,,,,,,,,,,,,,,,,0
S070,2,2024-11-21_13h14.36.924,MotivatedInference,2024.1.5,Win32,60.24096386,668be8e87e83611e680fb3ab,{{%SESSION_ID%},Chrome,,,,,,,,,,,,,,,,,,,,,,,,,,,,,,0.0,,,,,,,,3.0,,,,,,,,,conditions/conds_107.csv,1.0,0.0,,,,,,,,,997.7156,999.4488,"[0.0014999999999645297,0.016499999999950887,0.03300000000001546,0.05059999996421993,0.06639999997616997,0.08309999996424722,0.10069999998813728,0.11639999997612449,0.13319999998805088,0.14969999998811545,0.1663999999761927,0.18309999996426995,0.19989999997619634,0.2162999999522981,0.23300000000006094,0.24979999995230173,0.26639999997621544,0.2830999999642927,0.29979999995236994,0.3165000000000191,0.33299999999997,0.34979999995232447,0.3664999999999736,0.38309999996420174,0.39969999998811545,0.4171999999880427,0.4340999999642463,0.4497999999523472,0.4662999999522981,0.48300000000006094,0.500399999976139,0.5163999999762154,0.5330000000000155,0.5496999999880927,0.56639999997617,0.5828999999761209,0.5997999999523245,0.6164999999999736,0.6330999999642017,0.6496999999881155,0.6663999999761927,0.6829999999999927,0.6997999999523472,0.7164999999999964,0.7330999999642245,0.7493999999761627,0.7662999999523663,0.7839999999999918,0.7996999999880927,0.81639999997617,0.8331999999880964,0.8495000000000346,0.8663999999761245,0.8830999999642017,0.8996999999881155,0.9163999999761927,0.9329999999999927,0.9505000000000337,0.9663999999761472,0.983799999952339,1.0001999999881264,1.0162999999523663,1.0330000000000155,1.0496999999880927,1.06639999997617,1.0836999999880845,1.0996999999880472,1.1163999999761245,1.1330999999642017,1.1505999999642427,1.1670999999641936,1.18309999996427,1.1997999999523472,1.2163999999761472,1.2330999999642245,1.2497999999523017,1.2662999999523663,1.2828999999761663,1.2995999999642436,1.316500000000019,1.33299999999997,1.349599999964198,1.3663999999761245,1.3830999999642017,1.399799999952279,1.4162999999523436,1.43309999996427,1.4505000000000337,1.4660999999642854,1.4838999999761882,1.4997999999523017,1.5163999999762154,1.53369999998813,1.5499999999999545,1.5662999999523208,1.5828999999761209,1.5995000000000346,1.6164999999999736,1.6330000000000382,1.6503999999761163,1.6671999999880427,1.68309999996427,1.69969999998807,1.7163999999761472,1.733000000000061]",0.016649038,0.000455732,105.0,left,1.0,,,,,,2.0,0.0,4.0,0.5,-1.35432617,-1.0,1.446414531,-0.2462058,94.0,0.004363323,0.42523076,0.035907823,0.059015617,0.218525823,5.0,1.214777823,-0.653377207,71.0,0.013962634,0.401673071,0.031502829,0.073976735,0.151529972,4.0,2.86469185,0.525924407,9.0,0.01134464,0.355140301,0.038458273,0.073668072,0.274720221,7.0,0.686922167,-0.98066757,54.0,-0.000872665,0.390632361,0.034931933,0.073298853,0.195852464,4.0,0.0,0.0,0.0,0.0,0.0,0.0,0.0,0.0,0.0,0.0,0.0,0.0,0.0,0.0,0.0,0.0,0.0,0.0,0.0,0.0,0.0,0.0,0.0,0.0,0.0,0.0,0.0,0.0,0.0,0.0,0.0,0.0,0.0,0.0,0.0,0.0,0.0,0.0,0.0,0.0,0.0,0.0,0.0,0.0,0.0,0.0,0.0,0.0,0.0,0.0,0.0,0.0,0.0,0.0,0.0,0.0,0.0,0.0,0.0,0.0,0.0,0.0,0.0,0.0,0.0,0.0,0.0,0.0,0.0,0.0,0.0,0.0,,,,,,,0.8749,,0.0,20.0,20.0,20.0,1.0,,,,,,,,,,,,,,,,,,,,,,,,,,,,0
S070,2,2024-11-21_13h14.36.924,MotivatedInference,2024.1.5,Win32,60.24096386,668be8e87e83611e680fb3ab,{{%SESSION_ID%},Chrome,,,,,,,,,,,,,,,,,,,,,,,,,,,,,,0.0,,,,,,,,1.0,,,,,,,,,conditions/conds_107.csv,1.0,0.0,,,,,,,,,1001.3183,1003.0508,"[0.0015999999642417606,0.016599999964228118,0.030300000011948214,0.04959999996424358,0.06459999996422994,0.08119999998802996,0.10180000001196277,0.11680000001194912,0.1330000000000382,0.14689999997619907,0.16780000001188,0.18100000000004002,0.20000000000004547,0.21359999996423085,0.23019999998803087,0.24699999999995725,0.26380000001188364,0.2803000000119482,0.29700000000002547,0.3190999999642372,0.33119999998802996,0.3501999999880354,0.3663999999761245,0.38030000001197095,0.4018999999761945,0.4140999999642645,0.4333000000119682,0.4468999999761536,0.46359999996423085,0.48099999999999454,0.49730000001193275,0.5136999999880345,0.5333999999761545,0.5470000000000255,0.5635999999642536,0.5810999999641808,0.5978000000119437,0.6145999999641845,0.63539999997613,0.6475999999641999,0.6668000000119036,0.6803000000119255,0.70150000000001,0.7171999999881109,0.7300999999641817,0.7500999999642772,0.7636999999880345,0.7803000000119482,0.7970000000000255,0.8184999999999718,0.8315999999642827,0.8478000000119437,0.8635999999642081,0.880300000011971,0.8978000000118982,0.9165000000000418,0.9303000000119255,0.9510999999641854,0.96369999998808,0.98419999998805,0.9971999999880836,1.0136999999880345,1.0303000000119482,1.047099999964189,1.0673999999761463,1.080800000011891,1.096599999964269,1.11850000000004,1.13069999998811,1.1498999999761281,1.1636999999881255,1.1801999999880763,1.1973000000118645,1.2168000000119719,1.23030000001188,1.2475999999642227,1.266999999999939,1.280199999988099,1.2996999999880927,1.3136999999881027,1.3303000000119027,1.3503999999761618,1.364500000000021,1.3840000000000146,1.4004999999999654,1.4135999999642763,1.4301999999880763,1.446599999964178,1.4664999999999964,1.4801999999880309,1.4968000000119446,1.5164999999999509,1.530199999988099,1.5493000000119537,1.5648000000119282,1.5845000000000482,1.5976999999880945,1.6173999999761008,1.6309999999999718,1.6501999999881036,1.6635999999642763,1.6810999999642036,1.6998999999761963,1.7165999999642736,1.732499999999959]",0.016643269,0.002674839,105.0,right,1.0,,,,,,1.0,0.0,4.0,0.5,3.222625492,-1.0,2.499311191,0.959314143,79.0,-0.004363323,0.40793127,0.02386995,0.059748747,0.165450333,7.0,2.307828447,0.995325099,50.0,-0.003490659,0.388365859,0.031859869,0.061653869,0.235670302,6.0,3.000659011,0.278149731,70.0,0.007853982,0.401012824,0.032375196,0.060909739,0.168550131,4.0,2.28484765,0.98983652,79.0,-0.004363323,0.40793127,0.02386995,0.059748747,0.165450333,7.0,0.0,0.0,0.0,0.0,0.0,0.0,0.0,0.0,0.0,0.0,0.0,0.0,0.0,0.0,0.0,0.0,0.0,0.0,0.0,0.0,0.0,0.0,0.0,0.0,0.0,0.0,0.0,0.0,0.0,0.0,0.0,0.0,0.0,0.0,0.0,0.0,0.0,0.0,0.0,0.0,0.0,0.0,0.0,0.0,0.0,0.0,0.0,0.0,0.0,0.0,0.0,0.0,0.0,0.0,0.0,0.0,0.0,0.0,0.0,0.0,0.0,0.0,0.0,0.0,0.0,0.0,0.0,0.0,0.0,0.0,0.0,0.0,,,,,,,0.6495,,0.0,21.0,21.0,21.0,1.0,,,,,,,,,,,,,,,,,,,,,,,,,,,,0
S070,2,2024-11-21_13h14.36.924,MotivatedInference,2024.1.5,Win32,60.24096386,668be8e87e83611e680fb3ab,{{%SESSION_ID%},Chrome,,,,,,,,,,,,,,,,,,,,,,,,,,,,,,0.0,,,,,,,,8.0,,,,,,,,,conditions/conds_107.csv,1.0,0.0,,,,,,,,,1004.7186,1007.8162,"[0.0026999999880672476,0.016199999988089075,0.02989999997612358,0.051499999999919055,0.06329999995227809,0.0838999999760972,0.0998999999761736,0.11329999995223261,0.1329999999999245,0.1517999999522317,0.16369999998801177,0.1837999999522708,0.19709999996416627,0.2162999999522981,0.22989999997616906,0.2516999999880909,0.2641999999880227,0.28409999996415536,0.29779999995230355,0.31629999995232083,0.3298999999760781,0.35199999999997544,0.36799999999993815,0.37999999999999545,0.39959999996415263,0.4182999999522963,0.4331999999880054,0.44959999996422084,0.46589999997615905,0.48299999999994725,0.4965999999642463,0.5160999999642399,0.5298999999761236,0.5510999999642081,0.5633999999761272,0.5828999999761209,0.5964999999999918,0.6159999999999854,0.6298999999761463,0.6464999999999463,0.6683999999761454,0.6806999999880645,0.7015999999641735,0.7172999999522744,0.7335999999642127,0.7465999999642463,0.7631999999880463,0.7825999999641908,0.8008999999760817,0.8165999999641826,0.8298999999760781,0.8493999999760717,0.8634999999999309,0.8826999999880627,0.8963999999760972,0.9128999999761618,0.9305999999642154,0.9507999999523236,0.9637999999522435,0.9826999999880854,0.9972999999522472,1.0165999999642281,1.0297999999522744,1.0465999999642008,1.0677999999522854,1.0808999999761681,1.09729999995227,1.1177999999522399,1.1306999999879963,1.14939999997614,1.1639999999999873,1.1843999999761081,1.1973999999761418,1.217099999964148,1.2333999999760863,1.2465999999642463,1.266199999988089,1.2798999999761236,1.2964999999999236,1.313299999952278,1.3325999999641454,1.3466999999880045,1.3662999999522754,1.3798999999761463,1.39939999997614,1.4162999999522299,1.4298999999761008,1.446599999964178,1.466699999988009,1.480699999988019,1.4997999999523017,1.51400000000001,1.5340999999641554,1.5468999999761763,1.5631999999880009,1.5802999999523308,1.5967999999522817,1.616099999964149,1.6295999999641708,1.6465999999642236,1.66729999995232,1.6805999999642154,1.7011999999880345,1.714099999964219,1.732799999952249,1.7492999999523136,1.7632999999523236,1.7833999999761545,1.797099999964189,1.8161999999880436,1.829899999976078,1.849599999964198,1.8679999999999382,1.8807999999522735,1.89939999997614,1.9139999999999873,1.9298999999761008,1.9499999999999318,1.9637999999522435,1.9844999999999118,2.0001999999880127,2.0131999999880463,2.0341999999880045,2.04669999998805,2.065899999976068,2.079799999952229,2.0997999999523245,2.1159999999999854,2.1327999999522262,2.1473999999760736,2.163299999952301,2.1797999999522517,2.196599999964178,2.2132999999522553,2.2339999999999236,2.247299999952247,2.2632999999523236,2.2798999999761236,2.2962999999522253,2.3161999999880436,2.329899999976078,2.3492999999522226,2.3632999999522326,2.3824999999999363,2.3975999999642,2.416399999976079,2.4348999999760963,2.446599999964178,2.4663999999761472,2.485099999964177,2.5013999999761154,2.513899999976161,2.532799999952317,2.5472999999523154,2.5683999999761227,2.5801999999880536,2.6000999999641863,2.613999999999919,2.633299999952328,2.6468999999760854,2.666099999964217,2.679699999988088,2.6992999999522453,2.7129999999999654,2.7329999999999472,2.746499999999969,2.7631999999880463,2.783099999964179,2.796599999964201,2.8160999999641945,2.832499999999982,2.8465999999641554,2.863199999988069,2.8848999999761418,2.897999999999911,2.913299999952301,2.930499999999938,2.95150000000001,2.9634999999999536,2.982799999952249,2.996299999952271,3.0131999999880463,3.032799999952317,3.046599999964201,3.0638999999761154,3.085199999988049,3.097399999976119]",0.016638172,0.002917411,187.0,left,0.0,,,,,,2.0,0.0,8.0,0.5,-1.743452088,1.0,2.80516745,0.623217672,39.0,-0.006981317,0.381053424,0.030288742,0.070264002,0.227413277,7.0,2.28932629,0.991070608,79.0,-0.004363323,0.40793127,0.02386995,0.059748747,0.165450333,7.0,0.222737991,-0.430887457,30.0,-0.009599311,0.375182725,0.031494597,0.070464671,0.19533995,5.0,0.588138932,-0.923181757,4.0,0.001745329,0.345391377,0.044661649,0.086491224,0.292502374,6.0,0.261713021,-0.499850401,61.0,-0.004363323,0.394911895,0.035957651,0.088187679,0.159307843,4.0,2.927125709,0.415901508,25.0,0.001745329,0.371739039,0.031180836,0.079221418,0.176784845,4.0,0.685023902,-0.979917595,37.0,-0.010471976,0.379878099,0.039758221,0.071440932,0.269646059,5.0,0.61102911,-0.939804665,47.0,-0.003490659,0.386485672,0.032547094,0.064121381,0.201087455,6.0,0.0,0.0,0.0,0.0,0.0,0.0,0.0,0.0,0.0,0.0,0.0,0.0,0.0,0.0,0.0,0.0,0.0,0.0,0.0,0.0,0.0,0.0,0.0,0.0,0.0,0.0,0.0,0.0,0.0,0.0,0.0,0.0,0.0,0.0,0.0,0.0,,,,,,,0.5209,,0.0,22.0,22.0,22.0,1.0,,,,,,,,,,,,,,,,,,,,,,,,,,,,0
S070,2,2024-11-21_13h14.36.924,MotivatedInference,2024.1.5,Win32,60.24096386,668be8e87e83611e680fb3ab,{{%SESSION_ID%},Chrome,,,,,,,,,,,,,,,,,,,,,,,,,,,,,,0.0,,,,,,,,10.0,,,,,,,,,conditions/conds_107.csv,1.0,0.0,,,,,,,,,1009.3488,1013.8649,"[0.003399999976181789,0.01639999997621544,0.03300000000001546,0.049500000000080036,0.06700000000000728,0.08300000000008367,0.09959999996431179,0.11630000001196095,0.13309999996431543,0.14969999998811545,0.16680000001190365,0.18299999999999272,0.19969999998806998,0.21639999997614723,0.23309999996422448,0.25039999997613904,0.2670999999642163,0.2825999999643045,0.2995999999642436,0.3163000000120064,0.3333000000119455,0.3496999999881609,0.3661999999881118,0.3830000000000382,0.3998000000119646,0.41630000001191547,0.4329999999999927,0.44959999996422084,0.46639999997614723,0.48280000001193457,0.49959999996428905,0.5161999999880891,0.5328999999761663,0.5496999999880927,0.5671999999881336,0.5831999999880964,0.5998000000120101,0.6161999999881118,0.6333999999761772,0.6498999999762418,0.6661999999880663,0.6828999999761436,0.6998999999761963,0.7161999999881346,0.7328999999762118,0.7496999999881382,0.7663999999762154,0.7828999999761663,0.80030000001193,0.8173000000119828,0.8330000000000837,0.8495999999643118,0.8661999999881118,0.8830000000000382,0.8995999999642663,0.9165000000000418,0.9329999999999927,0.9503999999761845,0.9663000000119837,0.9830000000000609,1,1.01609999996424,1.0328999999761663,1.05030000001193,1.0666999999881455,1.0830000000000837,1.099699999988161,1.116300000011961,1.132899999976189,1.1495999999642663,1.1661999999880663,1.1828999999761436,1.1993999999762082,1.2163000000119837,1.233000000000061,1.249599999964289,1.2663000000119382,1.2830999999642927,1.2998000000119418,1.3163000000120064,1.3330000000000837,1.3495999999643118,1.3671999999880882,1.3835999999643036,1.3999999999999773,1.4161999999880663,1.4328999999761436,1.4495999999642208,1.4663999999761472,1.4828999999762118,1.499599999964289,1.5163000000119382,1.5330000000000155,1.5496999999880927,1.5670000000000073,1.5828999999762345,1.5995999999643118,1.6163999999762382,1.6330000000000382,1.6498000000119646,1.6670999999643072,1.6838000000119564,1.699800000011919,1.7163999999761472,1.7328999999762118,1.7495000000000118,1.766199999988089,1.7828999999761663,1.79950000000008,1.8173000000119828,1.8328000000119573,1.8495999999643118,1.8670000000000755,1.8836999999881527,1.8996999999881155,1.9160000000000537,1.9329999999999927,1.9495999999642208,1.9663000000119837,1.9831999999880736,1.9996999999881382,2.016599999964228,2.0330000000000155,2.049800000011942,2.0668000000119946,2.0833000000119455,2.099599999964312,2.116199999988112,2.132800000011912,2.1495999999642663,2.1663000000119155,2.1829999999999927,2.1995000000000573,2.2163999999761472,2.232899999976212,2.249599999964289,2.266300000011938,2.283199999988142,2.2995999999642436,2.31639999997617,2.3330000000000837,2.349699999988161,2.3665000000000873,2.3836999999881527,2.3995999999642663,2.4163000000119155,2.4328999999761436,2.449599999964221,2.465899999976159,2.483000000000061,2.499599999964289,2.516300000011938,2.5330000000000155,2.5505000000000564,2.56639999997617,2.5828999999762345,2.599699999988161,2.616199999988112,2.633800000012002,2.65039999997623,2.6661999999880663,2.6829999999999927,2.699599999964221,2.7164999999999964,2.733500000000049,2.749500000000012,2.76609999996424,2.7830000000000155,2.7995999999642436,2.8170000000000073,2.8328999999762345,2.849599999964312,2.866300000011961,2.8830999999643154,2.8995999999642663,2.9163000000119155,2.9329999999999927,2.949599999964221,2.9660999999642854,2.982899999976212,3.000399999976139,3.0170999999642163,3.0330000000000155,3.0495999999642436,3.06639999997617,3.0831999999880964,3.1000000000000227,3.116199999988112,3.133000000000038,3.149499999999989,3.166099999964217,3.1829999999999927,3.1995000000000573,3.2163000000119837,3.233000000000061,3.249599999964289,3.2663999999762154,3.2828999999761663,3.3003999999762073,3.3163000000120064,3.3336999999880845,3.3495000000000346,3.366300000011961,3.383000000000038,3.3995999999642663,3.4161999999880663,3.4328999999761436,3.4500000000000455,3.4663000000119837,3.482899999976212,3.499599999964289,3.516300000011938,3.5333999999761545,3.5495999999642436,3.5663000000120064,3.5830000000000837,3.599599999964312,3.616300000011961,3.633000000000038,3.6495999999642663,3.6663000000119155,3.6836999999881073,3.6995000000000573,3.7160999999642854,3.7330999999642245,3.749699999988138,3.766300000011938,3.782800000012003,3.7995999999642436,3.8163000000120064,3.8328999999762345,3.8495000000000346,3.866199999988112,3.882899999976189,3.8995999999642663,3.9161999999880663,3.9338999999762336,3.9500000000000455,3.9663000000119837,3.982899999976212,3.999500000000012,4.017099999964216,4.032899999976166,4.049599999964244,4.066599999964296,4.083000000000084,4.099899999976174,4.116399999976238,4.132800000011912,4.149499999999989,4.166699999988168,4.182899999976144,4.199599999964221,4.216300000011984,4.232899999976212,4.249599999964289,4.266300000011938,4.282899999976166,4.299699999988093,4.316199999988157,4.3328999999762345,4.349500000000035,4.366199999988112,4.383000000000038,4.399599999964266,4.4163000000119155,4.43280000001198,4.449599999964221,4.466000000000008,4.483000000000061,4.499599999964289,4.516000000000076]",0.016651661,0.000422594,272.0,right,1.0,,,,,,1.0,0.0,12.0,0.5,2.306058277,-1.0,1.59480824,0.048005368,44.0,-0.006981317,0.384544024,0.027675657,0.071715856,0.246225121,7.0,0.063627586,-0.126911991,56.0,0.002617994,0.391878159,0.037400891,0.06461151,0.256914973,6.0,1.389077862,-0.355488758,51.0,-0.000872665,0.388957543,0.039197552,0.074659583,0.215725836,5.0,0.288874914,-0.546140366,24.0,-0.000872665,0.370951047,0.044446314,0.068882508,0.271498611,5.0,1.944976402,0.680437985,22.0,-0.006108652,0.369173441,0.034771665,0.081264392,0.215269419,6.0,1.693530102,0.243009887,3.0,0.001745329,0.342027877,0.030569748,0.094119191,0.219456558,8.0,2.464452538,0.976651816,95.0,-0.003490659,0.427246221,0.028411926,0.064304978,0.203029515,6.0,2.959158196,0.356826842,90.0,-0.005235988,0.41932645,0.033694537,0.059919896,0.18718849,4.0,0.826181464,-0.996675289,50.0,-0.003490659,0.388365859,0.031859869,0.061653869,0.235670302,6.0,2.628174263,0.855666218,60.0,0.008726646,0.394321176,0.024708435,0.063628191,0.162696287,6.0,2.099541284,0.871125624,60.0,0.008726646,0.394321176,0.024708435,0.063628191,0.162696287,6.0,2.98948168,0.29955094,62.0,-0.006981317,0.395568746,0.03641844,0.082091507,0.288170754,7.0,,,,,,,0.6515,,0.0,23.0,23.0,23.0,1.0,,,,,,,,,,,,,,,,,,,,,,,,,,,,0
S070,2,2024-11-21_13h14.36.924,MotivatedInference,2024.1.5,Win32,60.24096386,668be8e87e83611e680fb3ab,{{%SESSION_ID%},Chrome,,,,,,,,,,,,,,,,,,,,,,,,,,,,,,1.0,,,,,,,,5.0,,,,,,,,,conditions/conds_107.csv,1.0,0.0,,,,,,,,,1016.6701,1019.7689,"[0.002499999999940883,0.014999999999986358,0.028199999988032687,0.044699999987983574,0.0644999999999527,0.07819999998798721,0.09479999995221533,0.11149999999997817,0.13089999997612267,0.14489999997613268,0.16649999999992815,0.17809999996416082,0.19479999995223807,0.21189999997613995,0.23219999998798357,0.24559999996415627,0.26609999996423994,0.2790999999641599,0.2980000000000018,0.31239999997615087,0.33150000000000546,0.34569999998802814,0.3650000000000091,0.3783999999760681,0.39999999999997726,0.4114999999999327,0.43099999999992633,0.4477999999522808,0.46499999999991815,0.47899999999992815,0.4976999999880718,0.5155999999641381,0.5280999999641836,0.5447999999522608,0.5666999999880318,0.5819999999999936,0.5948999999760645,0.6114999999999782,0.6281999999880554,0.6456999999879827,0.6664999999999281,0.6828999999761436,0.6979999999999791,0.7115999999641645,0.7320999999641344,0.7450000000000045,0.7657999999522644,0.7785999999641717,0.7980000000000018,0.8121999999880245,0.8286999999879754,0.8474999999999682,0.8614999999999782,0.8781999999880554,0.8948999999761327,0.9142999999522772,0.9280999999641608,0.9475999999641544,0.9615000000000009,0.9781999999880782,0.9955999999641563,1.0154999999999745,1.031299999952239,1.0474999999999,1.0615999999641872,1.0813999999761563,1.0951999999879263,1.11649999999986,1.1282999999523327,1.1475000000000364,1.1614999999999327,1.1808999999761909,1.1956999999879372,1.2141999999880682,1.2290000000000418,1.2447999999521926,1.2640999999641735,1.278199999987919,1.2978999999761527,1.3115000000000236,1.332799999952158,1.3478999999761072,1.3614999999999782,1.3811999999879845,1.398699999988139,1.4114999999999327,1.431199999987939,1.445599999964088,1.4643999999761945,1.481199999988121,1.4991999999879226,1.5117999999522453,1.5320999999642027,1.545299999952249,1.5655999999642063,1.578399999976,1.5956999999880281,1.61649999999986,1.6282999999523327,1.6475999999640862,1.66159999996421,1.6807999999523418,1.6948999999760872,1.7143999999761945,1.7290000000000418,1.7480000000000473,1.7614999999998417,1.7807999999522508,1.7954999999999472,1.8115000000000236,1.828199999988101,1.8450999999640771,1.8653999999760345,1.8785999999640808,1.8998999999760144,1.9142999999521635,1.931199999987939,1.9448999999760872,1.9642999999523454,1.9781999999879645,1.9973999999760963,2.01139999997622,2.028199999987919,2.0448999999762236,2.064699999988079,2.081899999976031,2.094799999952329,2.111499999999978,2.1280999999642063,2.1475999999640862,2.1621999999879336,2.1787999999521617,2.19969999998807,2.213999999999942,2.2309999999999945,2.247899999976198,2.261599999964119,2.2808999999761,2.2947999999523745,2.311599999964301,2.328199999988101,2.344899999976178,2.3624999999999545,2.37789999997608,2.3948999999761327,2.4114999999999327,2.428299999952287,2.4473999999761418,2.4614999999998872,2.4822999999523745,2.498499999999922,2.5123999999761963,2.5312999999523527,2.5492999999523818,2.5620999999641754,2.580699999987928,2.594899999976178,2.6140000000000327,2.6280999999642063,2.6447999999522835,2.6644999999998618,2.6806999999880645,2.694799999952238,2.7142999999523454,2.7280999999641153,2.74559999996427,2.7641999999880227,2.778199999987919,2.7997999999522563,2.8121999999880245,2.832499999999982,2.8460000000000036,2.861499999999978,2.88069999998811,2.89650000000006,2.911699999988059,2.9312999999522162,2.9473999999761418,2.961199999988139,2.9790999999640917,2.9991999999879226,3.0118999999760945,3.0319999999999254,3.0456999999880736,3.066099999964081,3.0788999999761018,3.098599999964108]",0.016645699,0.002712934,187.0,left,1.0,,,,,,1.0,0.0,8.0,0.5,3.132189815,1.0,1.834862459,0.503920965,23.0,0.001745329,0.370048297,0.033576258,0.089212406,0.165879093,5.0,2.886346646,0.488606592,69.0,-0.001745329,0.400311091,0.03773135,0.078132351,0.241087639,6.0,1.520848487,-0.099729618,56.0,0.002617994,0.391878159,0.037400891,0.06461151,0.256914973,6.0,1.741766381,0.335315509,93.0,0.012217305,0.423353751,0.033559225,0.078739299,0.188587653,4.0,1.724023529,0.301680137,18.0,-0.008726646,0.365457086,0.031782524,0.075683607,0.153768306,4.0,2.384269338,0.99842402,64.0,-0.012217305,0.396824946,0.026418425,0.079335183,0.168726505,6.0,2.666807484,0.813165504,65.0,0.000872665,0.397557211,0.028332609,0.059251996,0.151978572,5.0,1.465421363,-0.209193293,19.0,-8.92894e-14,0.366380653,0.037711395,0.069882825,0.280007013,7.0,0.0,0.0,0.0,0.0,0.0,0.0,0.0,0.0,0.0,0.0,0.0,0.0,0.0,0.0,0.0,0.0,0.0,0.0,0.0,0.0,0.0,0.0,0.0,0.0,0.0,0.0,0.0,0.0,0.0,0.0,0.0,0.0,0.0,0.0,0.0,0.0,,,,,,,0.6357,,0.0,24.0,24.0,24.0,1.0,,,,,,,,,,,,,,,,,,,,,,,,,,,,0
S070,2,2024-11-21_13h14.36.924,MotivatedInference,2024.1.5,Win32,60.24096386,668be8e87e83611e680fb3ab,{{%SESSION_ID%},Chrome,,,,,,,,,,,,,,,,,,,,,,,,,,,,,,1.0,,,,,,,,11.0,,,,,,,,,conditions/conds_107.csv,1.0,0.0,,,,,,,,,1021.3985,1025.8349,"[0.0038000000120064215,0.021199999988084528,0.03310000002375091,0.05310000002396009,0.06760000002395827,0.08639999997626546,0.09989999997628729,0.1196000000238655,0.13360000002376182,0.15350000000012187,0.1690000000000964,0.18560000002389643,0.19969999998806998,0.216100000023971,0.23280000001204826,0.25410000002375455,0.2671000000239019,0.2860000000000582,0.2996999999882064,0.3165000000001328,0.3385000000000673,0.353300000012041,0.36860000002388915,0.3830000000000382,0.40230000001201915,0.4163999999761927,0.4378000000119755,0.4515000000001237,0.47100000000000364,0.4831000000237964,0.5033999999761818,0.5166000000238,0.5353999999761072,0.5498000000118282,0.5671000000238564,0.5831000000239328,0.6005000000000109,0.6213000000118427,0.6338000000118882,0.6543999999762491,0.6663000000119155,0.6856000000238964,0.702699999987999,0.7163999999761472,0.735600000023851,0.7495000000001255,0.7696000000239565,0.7831000000237509,0.7996999999882064,0.8208999999762909,0.8350000000000364,0.8544999999999163,0.8696000000238655,0.8858999999761181,0.89939999997614,0.9198000000119464,0.9359999999999218,0.94969999998807,0.9691000000239001,0.9846000000238746,0.9998000000118736,1.0191999999881318,1.0361999999881846,1.0498000000118282,1.0706000000238873,1.0879999999999654,1.1003999999761618,1.1195000000000164,1.133699999988039,1.1539999999999964,1.1668999999760672,1.1831000000238419,1.2026000000239492,1.216100000023971,1.2358999999762545,1.2526000000239037,1.2671999999881791,1.2868999999761854,1.3005000000000564,1.3198999999760872,1.33400000000006,1.35269999998809,1.3691999999880409,1.3830000000000382,1.4046999999879972,1.4171000000237655,1.4386999999881027,1.45049999999992,1.4701999999881536,1.4838000000120246,1.5031999999880554,1.5170000000000528,1.53730000001201,1.550199999988081,1.571199999988039,1.583399999976109,1.604899999976169,1.6166000000239364,1.6383000000118955,1.6498000000119646,1.6693999999761218,1.6829999999999927,1.7026000000239492,1.7194999999999254,1.7338000000120246,1.7540000000001328,1.7670000000000528,1.787499999999909,1.8005000000000564,1.8185000000000855,1.836199999988139,1.849699999988161,1.866300000011961,1.8830000000000382,1.8996999999881155,1.9163999999761927,1.9373000000118736,1.9501999999881718,1.9693000000120264,1.9836999999881755,2.0025000000000546,2.017199999988179,2.0373999999762873,2.0534999999999854,2.0693000000119355,2.0863000000119882,2.100399999976162,2.1201999999880172,2.133699999988039,2.1566999999881773,2.166500000000042,2.1878999999762527,2.2053000000119027,2.2170000000000982,2.2358000000119773,2.249899999976151,2.2696000000239565,2.283000000000129,2.2996999999882064,2.3163999999762837,2.33319999998821,2.353199999988192,2.366300000011961,2.3868000000120446,2.4046000000239474,2.416500000000042,2.436100000023771,2.4523000000119737,2.4670000000000982,2.4871999999882064,2.500100000023849,2.5203999999762345,2.5363000000120337,2.549600000023929,2.566000000000031,2.585300000012012,2.599699999988161,2.61930000001189,2.6331000000238873,2.6539999999999964,2.6663000000119155,2.6856000000238964,2.6994999999999436,2.720500000000129,2.7371999999882064,2.7503000000119755,2.768800000011879,2.7840000000001055,2.8028000000119846,2.8171000000238564,2.83760000002394,2.849999999999909,2.8724999999999454,2.8831000000238873,2.902100000023893,2.9163999999761927,2.9356999999881737,2.94969999998807,2.9718000000118536,2.9836000000238982,3.002300000011928,3.0163999999761018,3.033000000000129,3.054699999988088,3.070399999976189,3.0828999999762345,3.1023999999761145,3.116300000011961,3.132899999976189,3.149600000023838,3.1691999999879954,3.183100000023842,3.2043000000119264,3.2166000000238455,3.236300000011852,3.2503999999762527,3.2711000000238073,3.28369999998813,3.299600000023929,3.316500000000133,3.336999999999989,3.353600000023789,3.3668000000118354,3.385899999976118,3.399600000023838,3.4191000000239455,3.4329999999999927,3.4541000000238,3.466899999976249,3.4858000000119773,3.500500000000102,3.5196999999880063,3.5333000000118773,3.5536000000238346,3.566800000011881,3.586999999999989,3.5998999999762873,3.619199999988041,3.632899999976189,3.652499999999918,3.6693000000118445,3.6829999999999927,3.7025000000001,3.71630000001187,3.735699999988128,3.75489999997626,3.767100000023902,3.78810000002386,3.8003999999762073,3.821199999988039,3.8371999999881155,3.853300000012041,3.866199999988112,3.8861999999880936,3.899899999976242,3.9191000000239455,3.9329999999999927,3.9521000000238473,3.96630000001187,3.9860000000001037,4.0003000000119755,4.019199999988132,4.033100000023751,4.052300000011883,4.067199999988134,4.08760000002394,4.103399999976091,4.119100000023764,4.132899999976189,4.149600000023838,4.166399999976193,4.182899999976144,4.2029999999999745,4.217000000000098,4.235800000011977,4.250399999976253,4.269100000023855,4.28289999997628,4.303000000000111,4.317000000000007,4.337999999999965,4.353199999988192,4.366399999976238,4.385699999987992,4.3996999999881155,4.416899999976067,4.436300000011897]",0.016663534,0.003043875,267.0,right,1.0,,,,,,2.0,0.0,12.0,0.5,-5.668721637,1.0,2.877254552,0.504390718,13.0,0.012217305,0.36034398,0.040523863,0.087309629,0.214125832,4.0,0.978968362,-0.925992465,27.0,-0.002617994,0.373032979,0.031793157,0.076653108,0.191027089,4.0,1.107997935,-0.798979786,40.0,0.001745329,0.381763748,0.031902579,0.075140032,0.211660484,6.0,0.303292616,-0.570065217,4.0,0.001745329,0.345391377,0.044661649,0.086491224,0.292502374,6.0,2.131989012,0.901137144,67.0,0.000872665,0.398829923,0.040120187,0.066830121,0.198372452,4.0,1.13593221,-0.764153666,7.0,-0.003490659,0.352071506,0.033456274,0.080650645,0.190019159,6.0,1.331203123,-0.461057371,23.0,0.001745329,0.370048297,0.033576258,0.089212406,0.165879093,5.0,1.28314158,-0.544094489,48.0,-0.013089969,0.387063294,0.032293316,0.069877675,0.198684878,5.0,0.053428382,-0.106653525,73.0,-0.006981317,0.403029477,0.030660757,0.062368894,0.184710059,5.0,0.779725179,-0.999935635,49.0,-0.003490659,0.387690152,0.036925942,0.073283012,0.194967171,5.0,0.950840481,-0.945755313,40.0,0.001745329,0.381763748,0.031902579,0.075140032,0.211660484,6.0,0.639210654,-0.957562032,18.0,-0.008726646,0.365457086,0.031782524,0.075683607,0.153768306,4.0,,,,,,,0.6008,,0.0,25.0,25.0,25.0,1.0,,,,,,,,,,,,,,,,,,,,,,,,,,,,0
S070,2,2024-11-21_13h14.36.924,MotivatedInference,2024.1.5,Win32,60.24096386,668be8e87e83611e680fb3ab,{{%SESSION_ID%},Chrome,,,,,,,,,,,,,,,,,,,,,,,,,,,,,,1.0,,,,,,,,4.0,,,,,,,,,conditions/conds_107.csv,1.0,0.0,,,,,,,,,1027.4521,1029.1678,"[0.0015999999643554474,0.016699999988077252,0.03229999995232902,0.04589999997619998,0.06729999995241087,0.07969999998817912,0.09869999998818457,0.11259999996423176,0.12950000000000728,0.15029999995226717,0.1671999999880427,0.17989999997621453,0.19909999996434635,0.21309999996424267,0.2337999999524527,0.2465999999642463,0.2668999999762036,0.2799999999999727,0.29950000000008004,0.31300000000010186,0.33369999998808453,0.3505000000000109,0.3652999999524127,0.37939999997615814,0.3990000000001146,0.4135000000001128,0.4337999999522708,0.4465999999642918,0.46550000000002,0.4802999999524218,0.4960000000000946,0.5132999999523236,0.5298999999761236,0.5510999999642081,0.5628999999762527,0.5842999999522362,0.5991999999880591,0.6125999999642318,0.6342999999524181,0.6467999999522362,0.6655000000000655,0.6800000000000637,0.7007999999523236,0.713299999952369,0.7326999999881991,0.7470000000000709,0.7667999999523545,0.7831999999880281,0.7960000000000491,0.8162999999524345,0.8300999999642045,0.8488999999760836,0.8627999999523581,0.8793999999761581,0.8991999999880136,0.91519999998809,0.9293999999761127,0.9460000000001401,0.9653999999761709,0.9792999999524454,0.9960000000000946,1.0125999999643227,1.03369999998813,1.0497999999522563,1.0625999999642772,1.0823999999761327,1.0960999999642809,1.1155999999641608,1.130099999964159,1.150799999952369,1.16599999999994,1.1791999999882137,1.1985999999642445,1.2129999999999654,1.2345000000000255,1.2462999999522708,1.2677999999523308,1.2795999999643755,1.3000999999642318,1.3128999999762527,1.3347999999523381,1.3460999999642809,1.367599999964341,1.382299999952238,1.395899999976109,1.4126999999880354,1.4291999999882137,1.44609999996419,1.4625999999643682,1.4792999999524454,1.495699999988119,1.5125999999643227,1.5340999999641554,1.5491999999881045,1.5625,1.5823999999761327,1.5957999999523054,1.612699999988081,1.6323999999760872,1.645899999976109,1.6625999999641863,1.681799999952318,1.696699999988141,1.7156999999881464]",0.016641748,0.003043392,104.0,right,1.0,,,,,,2.0,0.0,4.0,0.5,-1.679132492,1.0,1.306210007,-0.504819317,72.0,0.006108652,0.40239539,0.026269008,0.066501733,0.165237327,6.0,1.83251377,0.499858061,66.0,-0.006108652,0.398200129,0.038012219,0.074472022,0.208169201,4.0,0.668154829,-0.972633739,41.0,0.013089969,0.382506884,0.032100804,0.075836611,0.218324429,6.0,1.182019976,-0.701537498,61.0,-0.004363323,0.394911895,0.035957651,0.088187679,0.159307843,4.0,0.0,0.0,0.0,0.0,0.0,0.0,0.0,0.0,0.0,0.0,0.0,0.0,0.0,0.0,0.0,0.0,0.0,0.0,0.0,0.0,0.0,0.0,0.0,0.0,0.0,0.0,0.0,0.0,0.0,0.0,0.0,0.0,0.0,0.0,0.0,0.0,0.0,0.0,0.0,0.0,0.0,0.0,0.0,0.0,0.0,0.0,0.0,0.0,0.0,0.0,0.0,0.0,0.0,0.0,0.0,0.0,0.0,0.0,0.0,0.0,0.0,0.0,0.0,0.0,0.0,0.0,0.0,0.0,0.0,0.0,0.0,0.0,,,,,,,0.6947,,0.0,26.0,26.0,26.0,1.0,,,,,,,,,,,,,,,,,,,,,,,,,,,,0
S070,2,2024-11-21_13h14.36.924,MotivatedInference,2024.1.5,Win32,60.24096386,668be8e87e83611e680fb3ab,{{%SESSION_ID%},Chrome,,,,,,,,,,,,,,,,,,,,,,,,,,,,,,1.0,,,,,,,,9.0,,,,,,,,,conditions/conds_107.csv,1.0,0.0,,,,,,,,,1030.8651,1035.3147,"[0.003299999952332655,0.016199999988202762,0.032899999976280014,0.0496999999882064,0.06629999995243452,0.08289999997623454,0.09950000000003456,0.11619999998811181,0.13279999995233993,0.14949999999998909,0.16619999998806634,0.1828999999761436,0.20049999999991996,0.2162999999522981,0.23289999997609812,0.24989999997615087,0.26619999998820276,0.28329999995230537,0.29950000000008004,0.3161999999881573,0.33369999998808453,0.3496999999881609,0.36659999996436454,0.38289999997618906,0.3995999999642663,0.41629999995234357,0.4328999999761436,0.44959999996422084,0.46619999998802086,0.4828999999760981,0.4995000000001255,0.5171999999881791,0.53369999998813,0.5495999999643573,0.5662999999524345,0.5827999999523854,0.5995999999643118,0.6160999999642627,0.6327999999523399,0.6496999999881155,0.6661999999880663,0.6828999999761436,0.6994999999999436,0.7161999999880209,0.732799999952249,0.7496999999880245,0.7661999999882028,0.7835000000000036,0.7995999999643573,0.8161999999881573,0.8326999999881082,0.8495999999643118,0.866299999952389,0.8830000000000382,0.8995999999642663,0.9161999999880663,0.9336999999879936,0.9495999999642208,0.9661999999880209,0.982799999952249,0.9995999999641754,1.01709999996433,1.0332999999523054,1.0495999999643573,1.0662999999524345,1.08400000000006,1.1003999999761618,1.1165999999643645,1.13279999995234,1.1495999999642663,1.1662999999523436,1.1828999999761436,1.1994999999999436,1.216299999952298,1.2328999999760981,1.2495999999641754,1.2662999999522526,1.2827999999524309,1.3002999999523581,1.3161999999881573,1.3336999999880845,1.3495999999643118,1.3663999999762382,1.382899999976189,1.399499999999989,1.4162999999523436,1.4327999999522945,1.4494999999999436,1.4661999999880209,1.4828999999760981,1.4995000000001255,1.5161999999882028,1.5335999999642809,1.5502999999523581,1.5661999999881573,1.5830000000000837,1.5995999999643118,1.6161999999881118,1.632899999976189,1.6495999999642663,1.6662999999523436,1.6828999999761436,1.7000000000000455,1.7161999999880209,1.732799999952249,1.7493999999762764,1.7662999999522526,1.78289999997628,1.8005000000000564,1.8162999999524345,1.8328999999762345,1.8495999999643118,1.8661999999881118,1.882899999976189,1.899499999999989,1.9161999999880663,1.9328999999761436,1.9495999999642208,1.966299999952298,1.9829999999999472,2.0001999999881264,2.0166999999880773,2.03289999997628,2.0495999999643573,2.0661999999881573,2.0828999999762345,2.0995000000000346,2.1160999999642627,2.133000000000038,2.1495999999642663,2.1661999999880663,2.1835999999641444,2.200399999976071,2.216299999952298,2.232899999976098,2.2495999999641754,2.2662999999522526,2.283599999964281,2.3003999999762073,2.3170000000000073,2.3327999999523854,2.3495000000000346,2.366199999988112,2.383000000000038,2.399499999999989,2.4218999999761763,2.4327999999522945,2.4492999999522453,2.466199999988021,2.482799999952249,2.4995000000001255,2.5167999999523545,2.532799999952431,2.5496999999882064,2.5661999999881573,2.5828999999762345,2.5995000000000346,2.617099999964239,2.63279999995234,2.6495999999642663,2.6662999999523436,2.6827999999522945,2.6994999999999436,2.7166999999881227,2.732899999976098,2.75,2.7661999999882028,2.78289999997628,2.79950000000008,2.816099999964308,2.8327999999523854,2.849699999988161,2.866199999988112,2.88279999995234,2.900299999952267,2.9161999999880663,2.9336999999879936,2.9494999999999436,2.966899999976249,2.983500000000049,2.9995999999641754,3.0160000000000764,3.03289999997628,3.0495999999643573,3.0663999999762837,3.083099999964361,3.1016999999881136,3.116199999988112,3.1325999999642136,3.14939999997614,3.16599999999994,3.182599999964168,3.2000000000000455,3.216199999988021,3.2335999999643263,3.2495999999641754,3.2660999999643536,3.282799999952431,3.300299999952358,3.3161999999881573,3.3328999999762345,3.349599999964312,3.3660999999642627,3.382899999976189,3.400299999952267,3.4161999999880663,3.4327999999522945,3.450199999988172,3.466299999952298,3.482799999952249,3.4995000000001255,3.5160999999643536,3.532799999952431,3.54950000000008,3.5661999999881573,3.5828999999762345,3.5995000000000346,3.616199999988112,3.63279999995234,3.6495999999642663,3.6661999999880663,3.6828999999761436,3.6994999999999436,3.7160999999641717,3.732699999988199,3.7503999999762527,3.7661999999882028,3.782799999952431,3.79950000000008,3.8161999999881573,3.833099999964361,3.8492999999523363,3.8660999999642627,3.883299999952442,3.899899999976242,3.916099999964217,3.9328999999761436,3.949599999964221,3.9660999999641717,3.982799999952249,3.9995999999641754,4.016299999952253,4.033500000000004,4.050199999988081,4.066199999988157,4.082799999952385,4.099599999964312,4.116099999964263,4.132899999976189,4.149599999964266,4.169699999988097,4.1827999999522945,4.199499999999944,4.216099999964172,4.232799999952249,4.25,4.266199999988203,4.28289999997628,4.29950000000008,4.316899999976158,4.332799999952385,4.349699999988161,4.3673999999762145,4.382699999988063,4.399499999999989,4.416199999988066,4.432599999964168,4.449499999999944]",0.016652434,0.000758734,268.0,left,1.0,,,,,,1.0,0.0,12.0,0.5,4.254487572,1.0,1.79744395,0.437930362,54.0,-0.000872665,0.390632361,0.034931933,0.073298853,0.195852464,4.0,2.032941408,0.798193357,68.0,0.009599311,0.399449425,0.031951263,0.065393928,0.165147664,5.0,3.072601155,0.137545563,29.0,-0.000872665,0.374372435,0.035828607,0.080766738,0.158410304,4.0,2.34715535,0.999836592,90.0,-0.005235988,0.41932645,0.033694537,0.059919896,0.18718849,4.0,0.272445535,-0.518324939,35.0,0.01134464,0.378665605,0.034694997,0.068673497,0.233172687,6.0,2.192380406,0.946808257,33.0,-0.006108652,0.377230834,0.032847101,0.067598606,0.249691544,6.0,1.716090676,0.286516293,53.0,-0.003490659,0.390095866,0.043303837,0.083823939,0.349451294,6.0,2.019105066,0.781219823,37.0,-0.010471976,0.379878099,0.039758221,0.071440932,0.269646059,5.0,1.672742301,0.202482185,60.0,0.008726646,0.394321176,0.024708435,0.063628191,0.162696287,6.0,2.832871015,0.578952402,89.0,0.014835299,0.418022232,0.039220845,0.067729576,0.134251055,3.0,2.817864426,0.603159576,19.0,-8.92894e-14,0.366380653,0.037711395,0.069882825,0.280007013,7.0,0.794566188,-0.999831899,6.0,-0.001745329,0.3497664,0.039524515,0.103278094,0.256513403,7.0,,,,,,,0.551,,0.0,27.0,27.0,27.0,1.0,,,,,,,,,,,,,,,,,,,,,,,,,,,,0
S070,2,2024-11-21_13h14.36.924,MotivatedInference,2024.1.5,Win32,60.24096386,668be8e87e83611e680fb3ab,{{%SESSION_ID%},Chrome,,,,,,,,,,,,,,,,,,,,,,,,,,,,,,1.0,,,,,,,,3.0,,,,,,,,,conditions/conds_107.csv,1.0,0.0,,,,,,,,,1036.8658,1038.5647,"[0.0018000000120537152,0.015599999964251765,0.034500000000207365,0.049000000000205546,0.0653999999763073,0.08269999998810817,0.0990999999644373,0.11550000000011096,0.13200000000006185,0.14880000001198823,0.16550000000006548,0.18219999998814274,0.19939999997632185,0.21539999997617088,0.23200000000019827,0.24869999998827552,0.2653999999763528,0.2820000000001528,0.3011999999882846,0.31530000001203007,0.3321999999882337,0.3488000000120337,0.3655999999643882,0.38200000000006185,0.3983999999761636,0.41539999997621635,0.43200000000001637,0.44880000001194276,0.4653999999761709,0.4820999999642481,0.49880000001212466,0.5153000000120755,0.53209999996443,0.5488999999763564,0.5651999999881809,0.5820999999643846,0.5986999999881846,0.6153999999762618,0.6320999999643391,0.6490000000001146,0.6653000000119391,0.6820999999642936,0.6983999999763455,0.71550000000002,0.7316999999882228,0.7486999999882755,0.7653999999763528,0.7818000000120264,0.7988000000120792,0.8153999999763073,0.8320999999643846,0.8485999999643354,0.8653999999762618,0.8820000000000618,0.8988000000119882,0.9153999999762163,0.9320000000000164,0.9488000000119428,0.9655999999642972,0.9820000000001983,0.9995999999644027,1.016300000012052,1.0318000000120264,1.0485000000001037,1.0653999999763073,1.081800000011981,1.0986999999881846,1.115500000000111,1.132099999964339,1.1488000000119882,1.1653999999762163,1.1825000000001182,1.1991999999881955,1.2153999999761709,1.2320999999642481,1.2488999999761745,1.26580000001195,1.2818000000120264,1.298599999964381,1.3153999999763073,1.3316999999881318,1.3486999999881846,1.3651999999881355,1.3820000000000618,1.398699999988139,1.4153999999762163,1.4320000000000164,1.4488000000119428,1.4653999999761709,1.4821999999880973,1.4988000000121247,1.5163999999763291,1.53289999997628,1.54869999998823,1.5653999999763073,1.5820999999643846,1.598899999976311,1.6153000000119846,1.6321999999881882,1.6485000000000127,1.6653000000119391,1.6820999999642936,1.6986999999880936]",0.016636275,0.000624467,103.0,left,1.0,,,,,,2.0,0.0,4.0,0.5,-1.35432617,-1.0,1.446414531,-0.2462058,94.0,0.004363323,0.42523076,0.035907823,0.059015617,0.218525823,5.0,1.214777823,-0.653377207,71.0,0.013962634,0.401673071,0.031502829,0.073976735,0.151529972,4.0,2.86469185,0.525924407,9.0,0.01134464,0.355140301,0.038458273,0.073668072,0.274720221,7.0,0.686922167,-0.98066757,54.0,-0.000872665,0.390632361,0.034931933,0.073298853,0.195852464,4.0,0.0,0.0,0.0,0.0,0.0,0.0,0.0,0.0,0.0,0.0,0.0,0.0,0.0,0.0,0.0,0.0,0.0,0.0,0.0,0.0,0.0,0.0,0.0,0.0,0.0,0.0,0.0,0.0,0.0,0.0,0.0,0.0,0.0,0.0,0.0,0.0,0.0,0.0,0.0,0.0,0.0,0.0,0.0,0.0,0.0,0.0,0.0,0.0,0.0,0.0,0.0,0.0,0.0,0.0,0.0,0.0,0.0,0.0,0.0,0.0,0.0,0.0,0.0,0.0,0.0,0.0,0.0,0.0,0.0,0.0,0.0,0.0,,,,,,,0.8515,,0.0,28.0,28.0,28.0,1.0,,,,,,,,,,,,,,,,,,,,,,,,,,,,0
S070,2,2024-11-21_13h14.36.924,MotivatedInference,2024.1.5,Win32,60.24096386,668be8e87e83611e680fb3ab,{{%SESSION_ID%},Chrome,,,,,,,,,,,,,,,,,,,,,,,,,,,,,,1.0,,,,,,,,10.0,,,,,,,,,conditions/conds_107.csv,1.0,0.0,,,,,,,,,1040.4157,1044.8654,"[0.0039000000356281816,0.019400000035602716,0.032999999999901775,0.05190000003563,0.06540000003565183,0.08210000002372908,0.09890000003565547,0.11549999999988358,0.13299999999981083,0.15300000000002,0.16560000002368724,0.18530000001192093,0.19880000001194276,0.21880000001192457,0.23690000003557543,0.25219999998807907,0.26549999999997453,0.2856999999880827,0.30260000002385823,0.3156999999880554,0.3368000000118627,0.3521999999879881,0.3654999999998836,0.3866999999879681,0.3989999999998872,0.4181000000237418,0.4321000000238655,0.45190000003572095,0.46619999998802086,0.4871000000237018,0.4994000000356209,0.5181999999879281,0.5321999999880518,0.5536000000238346,0.5661999999879299,0.5863000000117609,0.5996000000236563,0.6154999999998836,0.6321000000236836,0.6496000000238382,0.6699999999998454,0.6821999999879154,0.7014999999998963,0.71550000000002,0.7353000000118755,0.7496000000237473,0.7704000000355791,0.7821999999880518,0.8036000000238346,0.8193000000119355,0.83480000001191,0.8488000000118063,0.8661999999881118,0.8883000000118955,0.9029000000357428,0.9156000000236872,0.9349999999999454,0.9516999999880227,0.96550000000002,0.9819999999999709,0.9998000000118736,1.0196999999880063,1.0354999999999563,1.0486999999880027,1.065499999999929,1.0821999999880063,1.10269999998809,1.115800000011859,1.1369999999999436,1.14890000003561,1.1683000000118682,1.1821000000238655,1.2039000000356737,1.2156000000238691,1.2351999999880263,1.2494999999998981,1.2684999999999036,1.2821000000237746,1.3016000000236545,1.31619999998793,1.3321999999880063,1.3524000000356864,1.365800000011859,1.3863000000119428,1.3988000000117609,1.415499999999838,1.4349000000356682,1.4516999999880227,1.4681000000236963,1.48210000002382,1.4989000000357464,1.5154999999999745,1.5321000000237746,1.552500000000009,1.56980000001181,1.5868000000118627,1.5989000000356555,1.6181999999880645,1.6321000000236836,1.6514999999999418,1.6661999999880663,1.6871999999880245,1.703499999999849,1.7184000000356718,1.7321999999880973,1.7516000000237,1.7661999999879754,1.7873000000117827,1.7993000000119537,1.8186999999879845,1.832100000023729,1.8488000000118063,1.8654000000356064,1.8821999999879608,1.9016999999880682,1.9154000000357883,1.9364000000357464,1.9493000000118172,1.9681000000236963,1.9826999999879718,2.0034000000357537,2.019999999999982,2.032199999988052,2.05190000003563,2.06819999998811,2.0819000000356027,2.098699999987957,2.1154999999998836,2.132199999987961,2.14890000003561,2.165499999999838,2.1863000000118973,2.1994999999999436,2.218499999999949,2.23290000003567,2.2541000000237545,2.269600000023729,2.2828000000117754,2.298800000011852,2.3183000000117318,2.33199999999988,2.352999999999838,2.365900000035708,2.387499999999818,2.4019000000357664,2.415499999999838,2.4373000000118736,2.4494999999999436,2.46550000000002,2.48210000002382,2.499400000035621,2.5204999999998563,2.5321000000237746,2.5519999999999072,2.5661000000236527,2.586900000035712,2.6023000000118373,2.6181999999880645,2.6321000000236836,2.648800000011761,2.6684000000357173,2.6821999999879154,2.7016999999880227,2.71550000000002,2.7359999999998763,2.752499999999827,2.7654999999999745,2.7846999999881064,2.7991000000238273,2.8186000000237073,2.8321999999880063,2.8488000000118063,2.8654000000356064,2.8826000000237855,2.9019999999998163,2.9156000000236872,2.9368000000117718,2.94969999998807,2.9681999999879736,2.982800000011821,3.002199999988079,3.0164000000356737,3.0321000000237746,3.0491999999881045,3.0709000000356355,3.085499999999911,3.101300000011861,3.1154000000356064,3.13510000002384,3.148800000011761,3.1654000000357883,3.185999999999922,3.1994000000356664,3.218400000035672,3.23290000003567,3.251499999999851,3.2663000000118245,3.285400000035679,3.299600000023702,3.3186000000237073,3.33199999999988,3.348699999987957,3.366199999988112,3.385400000035588,3.3991999999880136,3.4184999999999945,3.434900000035668,3.4494000000356664,3.468400000035672,3.4829999999999472,3.5019000000356755,3.515100000023722,3.5371000000236563,3.5494000000355754,3.56819999998811,3.5829999999998563,3.602100000023711,3.616199999988112,3.6324999999999363,3.6518000000119173,3.665499999999838,3.6858000000117954,3.699199999987968,3.718499999999949,3.7326000000236945,3.7516000000237,3.7654000000356973,3.7863000000118063,3.7991000000238273,3.8201000000237855,3.832600000023831,3.8518000000117354,3.8654000000356064,3.8821000000236836,3.898600000023862,3.9184000000357173,3.93469999998797,3.9486999999880936,3.9683000000118227,3.982800000011821,3.9999000000357228,4.020100000023831,4.03240000003575,4.05190000003563,4.065400000035652,4.08199999999988,4.09860000002368,4.115400000035606,4.137100000023793,4.14890000003561,4.168300000011868,4.186300000011897,4.199499999999944,4.21550000000002,4.235199999988026,4.249400000035621,4.269999999999982,4.282800000011775,4.3016000000236545,4.31899999999996,4.3344999999999345,4.348699999987957,4.366199999988112,4.38719999998807,4.398800000011761,4.418800000011743,4.43540000003577,4.449600000023793]",0.016650562,0.002886159,268.0,right,1.0,,,,,,1.0,0.0,12.0,0.5,2.306058277,-1.0,1.59480824,0.048005368,44.0,-0.006981317,0.384544024,0.027675657,0.071715856,0.246225121,7.0,0.063627586,-0.126911991,56.0,0.002617994,0.391878159,0.037400891,0.06461151,0.256914973,6.0,1.389077862,-0.355488758,51.0,-0.000872665,0.388957543,0.039197552,0.074659583,0.215725836,5.0,0.288874914,-0.546140366,24.0,-0.000872665,0.370951047,0.044446314,0.068882508,0.271498611,5.0,1.944976402,0.680437985,22.0,-0.006108652,0.369173441,0.034771665,0.081264392,0.215269419,6.0,1.693530102,0.243009887,3.0,0.001745329,0.342027877,0.030569748,0.094119191,0.219456558,8.0,2.464452538,0.976651816,95.0,-0.003490659,0.427246221,0.028411926,0.064304978,0.203029515,6.0,2.959158196,0.356826842,90.0,-0.005235988,0.41932645,0.033694537,0.059919896,0.18718849,4.0,0.826181464,-0.996675289,50.0,-0.003490659,0.388365859,0.031859869,0.061653869,0.235670302,6.0,2.628174263,0.855666218,60.0,0.008726646,0.394321176,0.024708435,0.063628191,0.162696287,6.0,2.099541284,0.871125624,60.0,0.008726646,0.394321176,0.024708435,0.063628191,0.162696287,6.0,2.98948168,0.29955094,62.0,-0.006981317,0.395568746,0.03641844,0.082091507,0.288170754,7.0,,,,,,,0.6005,,0.0,29.0,29.0,29.0,1.0,,,,,,,,,,,,,,,,,,,,,,,,,,,,0
S070,2,2024-11-21_13h14.36.924,MotivatedInference,2024.1.5,Win32,60.24096386,668be8e87e83611e680fb3ab,{{%SESSION_ID%},Chrome,,,,,,,,,,,,,,,,,,,,,,,,,,,,,,-1.0,,,,,,,,8.0,,,,,,,,,conditions/conds_107.csv,1.0,0.0,,,,,,,,,1047.6185,1050.7341,"[0.0025000000000545697,0.018000000000029104,0.02930000001197186,0.04839999997625455,0.06410000002392735,0.07919999998807725,0.0958999999761545,0.11260000002380366,0.12939999997615814,0.15139999997609266,0.16599999999993997,0.18049999999993815,0.20080000001189546,0.21260000002394008,0.23180000001184453,0.2460000000000946,0.26560000002382367,0.2799999999999727,0.30010000002380366,0.3133999999761272,0.3321000000237291,0.34639999997625637,0.3653000000119846,0.3791999999880318,0.39589999997610903,0.4153000000119391,0.43200000000001637,0.4463999999761654,0.4666999999881227,0.47930000001201734,0.49839999997607265,0.5135000000000218,0.5325000000000273,0.5464999999999236,0.5656000000237782,0.5799999999999272,0.5958999999761545,0.6163999999762382,0.6299999999998818,0.6503999999761163,0.6633000000119864,0.6838000000118427,0.69889999997622,0.7126000000239401,0.7318000000118445,0.7466999999880954,0.7666999999880773,0.7798000000118464,0.7958999999762,0.8153000000118027,0.8324999999999818,0.8503999999761618,0.86280000001193,0.8838999999761654,0.895899999976109,0.9153000000119391,0.9291000000239364,0.9508000000118955,0.9626999999879899,0.9791999999881682,1.0008999999761272,1.0133999999761727,1.0333999999761545,1.0498000000118282,1.0626000000238491,1.0821999999880063,1.0958000000118773,1.112699999988081,1.13230000001181,1.145899999976109,1.1626000000237582,1.1791000000239364,1.200300000012021,1.2156999999881464,1.2318999999761218,1.2466999999880954,1.2658999999762273,1.2798999999761236,1.2986000000237254,1.3125,1.3291999999880773,1.3466999999880045,1.3634999999999309,1.3830000000000382,1.40010000002394,1.41519999998809,1.4320000000000164,1.4458000000120137,1.46260000002394,1.4793000000120173,1.498600000023771,1.5125000000000455,1.5319999999999254,1.54669999998805,1.56739999997626,1.5793000000119264,1.5993000000119082,1.6154999999998836,1.6291000000237545,1.6456999999879827,1.6653000000119391,1.6793000000118354,1.7000000000000455,1.71260000002394,1.7345000000000255,1.7501999999881264,1.7633000000118955,1.7818999999760763,1.7958000000119227,1.8156000000237782,1.8291999999880773,1.8495000000000346,1.86360000002378,1.8791999999880318,1.8986000000238619,1.9126000000237582,1.9318999999761672,1.9456000000238873,1.9623000000119646,1.9791999999881682,1.9958000000119682,2.0125000000000455,2.0321000000237746,2.0466000000237727,2.066899999976158,2.0801000000237764,2.099199999988059,2.1124999999999545,2.132199999987961,2.145899999976109,2.165300000011939,2.1798000000119373,2.1984999999999673,2.212500000000091,2.2315000000000964,2.2458000000119682,2.265699999988101,2.2841999999880045,2.2966000000237727,2.3156999999880554,2.329800000011801,2.3486000000239073,2.3626000000238037,2.3791000000237545,2.3956999999879827,2.4134999999998854,2.4333000000119682,2.44889999997622,2.4643000000119173,2.479100000023891,2.4988999999761745,2.5133000000118955,2.532199999988052,2.54669999998805,2.5621999999880245,2.582100000023729,2.595699999988028,2.6153000000119846,2.6318999999762127,2.646600000023909,2.662499999999909,2.6821999999881427,2.6958000000120137,2.712500000000091,2.7318000000118445,2.746499999999969,2.7656000000238237,2.7825000000000273,2.7985000000001037,2.8121000000237473,2.832499999999982,2.8463999999762564,2.8653000000119846,2.87989999997626,2.9011000000239164,2.91230000001201,2.9335000000000946,2.9459999999999127,2.9651000000237673,2.979100000023891,2.9988999999761745,3.0125000000000455,3.032300000011901,3.0491000000238273,3.065499999999929,3.08199999999988,3.0986999999881846,3.1154999999998836]",0.016647059,0.002722186,188.0,left,0.0,,,,,,2.0,0.0,8.0,0.5,-1.743452088,1.0,2.80516745,0.623217672,39.0,-0.006981317,0.381053424,0.030288742,0.070264002,0.227413277,7.0,2.28932629,0.991070608,79.0,-0.004363323,0.40793127,0.02386995,0.059748747,0.165450333,7.0,0.222737991,-0.430887457,30.0,-0.009599311,0.375182725,0.031494597,0.070464671,0.19533995,5.0,0.588138932,-0.923181757,4.0,0.001745329,0.345391377,0.044661649,0.086491224,0.292502374,6.0,0.261713021,-0.499850401,61.0,-0.004363323,0.394911895,0.035957651,0.088187679,0.159307843,4.0,2.927125709,0.415901508,25.0,0.001745329,0.371739039,0.031180836,0.079221418,0.176784845,4.0,0.685023902,-0.979917595,37.0,-0.010471976,0.379878099,0.039758221,0.071440932,0.269646059,5.0,0.61102911,-0.939804665,47.0,-0.003490659,0.386485672,0.032547094,0.064121381,0.201087455,6.0,0.0,0.0,0.0,0.0,0.0,0.0,0.0,0.0,0.0,0.0,0.0,0.0,0.0,0.0,0.0,0.0,0.0,0.0,0.0,0.0,0.0,0.0,0.0,0.0,0.0,0.0,0.0,0.0,0.0,0.0,0.0,0.0,0.0,0.0,0.0,0.0,,,,,,,0.8276,,0.0,30.0,30.0,30.0,1.0,,,,,,,,,,,,,,,,,,,,,,,,,,,,0
S070,2,2024-11-21_13h14.36.924,MotivatedInference,2024.1.5,Win32,60.24096386,668be8e87e83611e680fb3ab,{{%SESSION_ID%},Chrome,,,,,,,,,,,,,,,,,,,,,,,,,,,,,,-1.0,,,,,,,,6.0,,,,,,,,,conditions/conds_107.csv,1.0,0.0,,,,,,,,,1052.5647,1055.6645,"[0.002900000035879202,0.016300000012051896,0.03300000000012915,0.049500000000080036,0.06619999998815729,0.08369999998808453,0.10019999998803542,0.11630000001196095,0.13290000003576097,0.14969999998811545,0.1666999999881682,0.1831999999881191,0.19940000003589375,0.216100000023971,0.2329000000358974,0.24960000002397464,0.26619999998820276,0.2828000000120028,0.29950000000008004,0.3163000000120064,0.33349999999995816,0.3501999999880354,0.3661999999881118,0.38290000003576097,0.3996000000238382,0.41619999998806634,0.43280000001186636,0.44960000002379275,0.46619999998802086,0.4829000000358974,0.49990000003572277,0.5161999999882028,0.5336000000238528,0.5496000000239292,0.5664000000358556,0.5831000000239328,0.5998000000120101,0.6169000000356846,0.6328000000119118,0.6494999999999891,0.6661000000237891,0.683699999988221,0.6996000000237927,0.71630000001187,0.7331999999880736,0.7495000000001255,0.7661999999882028,0.7829000000358519,0.8005000000000564,0.8201000000237855,0.83319999998821,0.8496999999881609,0.8669000000356846,0.8828000000119118,0.900000000000091,0.9161999999880663,0.9328000000118664,0.9496000000237927,0.9661999999880209,0.9829000000358974,0.9995000000001255,1.0161999999882028,1.0328000000120028,1.0514000000357555,1.066600000023982,1.0831000000239328,1.0994000000357573,1.116300000011961,1.1330000000000382,1.1498000000119646,1.166600000023891,1.1826999999880172,1.1994000000358938,1.2168000000119719,1.2331000000237964,1.2498000000118736,1.2666000000238,1.2831000000239783,1.2993000000119537,1.316600000023982,1.3336999999880845,1.3499000000358592,1.36640000003581,1.3828000000119118,1.3996000000238382,1.4169000000358665,1.4335000000000946,1.4494999999999436,1.4671999999882246,1.4831999999880736,1.4994000000358483,1.5161999999882028,1.532900000035852,1.54950000000008,1.5663000000120064,1.5828000000119573,1.5995000000000346,1.6168000000120628,1.632900000035761,1.6496000000238382,1.6669000000358665,1.6829000000357155,1.6994000000358938,1.716900000035821,1.7328000000120483,1.7495000000001255,1.766300000012052,1.7830000000001291,1.79950000000008,1.81690000003573,1.8328000000119573,1.8493000000119082,1.8661999999881118,1.882900000035761,1.899499999999989,1.9161999999880663,1.9328000000118664,1.9494999999999436,1.9661999999880209,1.9828000000120483,1.9995000000001255,2.0166000000238,2.032800000012003,2.04950000000008,2.06690000003573,2.0829000000358064,2.0995000000000346,2.11640000003581,2.1331999999881646,2.149499999999989,2.1661999999880663,2.1828000000118664,2.1994999999999436,2.21630000001187,2.2329000000358974,2.2496000000239746,2.2661999999882028,2.282800000012003,2.299600000023929,2.31610000002388,2.3329000000358064,2.3495000000000346,2.3665000000000873,2.3826999999880627,2.399400000035712,2.416100000023789,2.4329000000357155,2.4500000000000455,2.4666999999881227,2.4828000000120483,2.4995000000001255,2.5161000000239255,2.532800000012003,2.54950000000008,2.56610000002388,2.5829000000358064,2.6001999999880354,2.6169000000356846,2.6326999999880627,2.649600000023838,2.6661999999880663,2.6828000000118664,2.6994999999999436,2.716199999988021,2.7328000000120483,2.7496000000239746,2.7661999999882028,2.782800000012003,2.799600000023929,2.816600000023982,2.8344000000358847,2.8495000000000346,2.8661000000238346,2.882900000035761,2.899499999999989,2.916100000023789,2.9328000000118664,2.9496000000237927,2.966199999988021,2.9836999999881755,2.9998000000118736,3.0161000000239255,3.0334000000357264,3.0501000000238037,3.06610000002388,3.0829000000358064,3.0995000000000346]",0.016648387,0.000591629,187.0,right,1.0,,,,,,1.0,0.0,8.0,0.5,0.56984091,-1.0,0.163344053,-0.320908065,63.0,0.002617994,0.396190386,0.03208284,0.060740902,0.237954322,6.0,0.257070101,-0.491786391,31.0,0.004363323,0.375872077,0.0344646,0.07529372,0.228193104,6.0,1.2688086,-0.567919087,5.0,-0.004363323,0.3477587,0.034233339,0.078408596,0.194188261,5.0,1.455896593,-0.227782268,44.0,-0.006981317,0.384544024,0.027675657,0.071715856,0.246225121,7.0,2.620796022,0.863209674,34.0,-0.01134464,0.377900669,0.035623555,0.066078969,0.222301383,5.0,2.070615729,0.841275775,94.0,0.004363323,0.42523076,0.035907823,0.059015617,0.218525823,5.0,1.599023834,0.05642503,50.0,-0.003490659,0.388365859,0.031859869,0.061653869,0.235670302,6.0,1.786046881,0.417326241,74.0,-0.002617994,0.403888444,0.032857311,0.06846285,0.186846183,6.0,0.0,0.0,0.0,0.0,0.0,0.0,0.0,0.0,0.0,0.0,0.0,0.0,0.0,0.0,0.0,0.0,0.0,0.0,0.0,0.0,0.0,0.0,0.0,0.0,0.0,0.0,0.0,0.0,0.0,0.0,0.0,0.0,0.0,0.0,0.0,0.0,,,,,,,0.8338,,0.0,31.0,31.0,31.0,1.0,,,,,,,,,,,,,,,,,,,,,,,,,,,,0
S070,2,2024-11-21_13h14.36.924,MotivatedInference,2024.1.5,Win32,60.24096386,668be8e87e83611e680fb3ab,{{%SESSION_ID%},Chrome,,,,,,,,,,,,,,,,,,,,,,,,,,,,,,-1.0,,,,,,,,11.0,,,,,,,,,conditions/conds_107.csv,1.0,0.0,,,,,,,,,1057.4988,1061.9484,"[0.004199999988031777,0.018500000000130967,0.032000000000152795,0.04869999998823005,0.06939999997621271,0.08200000000010732,0.09869999998818457,0.1153000000119846,0.1330000000000382,0.1533000000119955,0.1660999999642172,0.1855000000000473,0.1991999999881955,0.22019999998815365,0.23250000000007276,0.25280000001203007,0.26580000001195003,0.2870999999643118,0.29889999997612904,0.32039999997618906,0.3353999999762891,0.35180000001196277,0.3653999999762618,0.3845000000001164,0.3994999999999891,0.4188999999762473,0.4328999999761436,0.45189999997614905,0.4653999999761709,0.4858000000119773,0.4995000000001255,0.519300000011981,0.53289999997628,0.54869999998823,0.5679999999999836,0.5820000000001073,0.6013999999761381,0.6153999999762618,0.6320000000000618,0.6525999999641954,0.6656999999881918,0.6848000000120464,0.7015999999644009,0.7153999999761709,0.7319999999999709,0.7530000000001564,0.7688999999761563,0.7820999999642027,0.8013999999761836,0.8153999999763073,0.8320999999643846,0.8488999999763109,0.8695999999642936,0.8820999999643391,0.8988000000119882,0.9190999999643736,0.9326999999882446,0.951899999976149,0.9661999999882482,0.9865999999642554,0.99919999998815,1.0183000000120046,1.035099999964359,1.0513999999761836,1.0683000000119591,1.0820000000001073,1.1013000000120883,1.1153000000119846,1.1320000000000618,1.1525000000001455,1.1660999999642172,1.1846999999881973,1.1986999999880936,1.2193999999763037,1.23259999996435,1.2535999999643082,1.26580000001195,1.2848000000119555,1.29869999998823,1.315199999988181,1.3346999999880609,1.3486999999881846,1.3653999999762618,1.3848000000118645,1.399499999999989,1.419499999999971,1.4360000000001492,1.4488000000119428,1.469000000000051,1.4835000000000491,1.4988000000118973,1.5153000000120755,1.5320000000001528,1.54950000000008,1.5700999999642136,1.5838000000119337,1.6016999999881136,1.6183999999761909,1.6321999999881882,1.648699999988139,1.6653999999762163,1.6863000000118973,1.6993999999763219,1.718499999999949,1.7320999999642481,1.7525000000000546,1.7660000000000764,1.7858000000119318,1.79950000000008,1.8185999999643627,1.8373000000119646,1.84980000001201,1.865500000000111,1.8845000000001164,1.8990000000001146,1.9190000000000964,1.9325000000001182,1.9528000000120755,1.9660000000001219,1.9858000000119773,1.9990999999643009,2.018000000000029,2.032000000000153,2.04869999998823,2.06819999998811,2.0820000000001073,2.0986999999881846,2.115399999976262,2.135099999964268,2.148699999988139,2.165300000011939,2.184500000000071,2.1986999999880936,2.21550000000002,2.2318999999761218,2.248699999988048,2.2653000000120755,2.2816999999881773,2.3015000000000327,2.31819999998811,2.3320000000001073,2.348899999976311,2.367800000012039,2.382000000000062,2.398699999988139,2.417899999976271,2.4328999999761436,2.4513999999762746,2.46550000000002,2.484800000012001,2.501500000000078,2.5153999999761254,2.5320999999642027,2.5499999999999545,2.5661999999881573,2.586999999999989,2.598899999976311,2.6188999999762927,2.6325000000001637,2.65139999997632,2.665699999988192,2.686000000000149,2.6994999999999436,2.718899999976202,2.7323999999762236,2.7516999999882046,2.7653000000120755,2.7820999999642027,2.8013999999761836,2.815199999988181,2.8320000000001073,2.8518000000119628,2.8660999999642627,2.887099999964221,2.89939999997614,2.9181999999882464,2.9326999999882446,2.95330000001195,2.9655999999642972,2.986499999999978,2.9988999999761745,3.0196999999882337,3.032399999976178,3.051099999964208,3.0655999999642063,3.0820000000001073,3.1013000000120883,3.1150999999642863,3.1351999999881173,3.14939999997614,3.1691999999882228,3.1828000000118664,3.2016999999880227,3.218199999988201,3.231999999999971,3.251500000000078,3.2660999999643536,3.282000000000153,3.3010000000001583,3.3153999999763073,3.336999999999989,3.353199999988192,3.3659999999999854,3.384999999999991,3.3988000000119882,3.417899999976271,3.4348999999763237,3.4486999999880936,3.465399999976171,3.4828000000120483,3.5025000000000546,3.5153999999761254,3.535800000011932,3.5491999999881045,3.569099999964237,3.582599999964259,3.60189999997624,3.6153000000119846,3.632000000000062,3.6511999999881937,3.667300000011892,3.6858999999763,3.699599999964221,3.71830000001205,3.732099999964248,3.748699999988048,3.7690000000000055,3.7854999999999563,3.7985000000001037,3.8155000000001564,3.83480000001191,3.8488000000120337,3.8683000000119137,3.882099999964339,3.901699999988068,3.9160000000001673,3.9358999999763,3.9486999999880936,3.9653000000118936,3.9853000000118755,4.002199999988079,4.015399999976125,4.035399999976107,4.049099999964255,4.0678999999761345,4.082399999976133,4.101300000012088,4.115399999976262,4.134999999999991,4.1488999999762655,4.169599999964248,4.185699999988174,4.1985999999642445,4.218399999976327,4.231999999999971,4.251300000011952,4.268300000012005,4.282000000000153,4.299399999976231,4.319099999964237,4.332199999988234,4.348399999976209,4.366800000012063,4.382099999964339,4.401800000011917,4.415599999964343,4.436599999964301,4.449300000012045]",0.016648315,0.002750476,268.0,right,1.0,,,,,,2.0,0.0,12.0,0.5,-5.668721637,1.0,2.877254552,0.504390718,13.0,0.012217305,0.36034398,0.040523863,0.087309629,0.214125832,4.0,0.978968362,-0.925992465,27.0,-0.002617994,0.373032979,0.031793157,0.076653108,0.191027089,4.0,1.107997935,-0.798979786,40.0,0.001745329,0.381763748,0.031902579,0.075140032,0.211660484,6.0,0.303292616,-0.570065217,4.0,0.001745329,0.345391377,0.044661649,0.086491224,0.292502374,6.0,2.131989012,0.901137144,67.0,0.000872665,0.398829923,0.040120187,0.066830121,0.198372452,4.0,1.13593221,-0.764153666,7.0,-0.003490659,0.352071506,0.033456274,0.080650645,0.190019159,6.0,1.331203123,-0.461057371,23.0,0.001745329,0.370048297,0.033576258,0.089212406,0.165879093,5.0,1.28314158,-0.544094489,48.0,-0.013089969,0.387063294,0.032293316,0.069877675,0.198684878,5.0,0.053428382,-0.106653525,73.0,-0.006981317,0.403029477,0.030660757,0.062368894,0.184710059,5.0,0.779725179,-0.999935635,49.0,-0.003490659,0.387690152,0.036925942,0.073283012,0.194967171,5.0,0.950840481,-0.945755313,40.0,0.001745329,0.381763748,0.031902579,0.075140032,0.211660484,6.0,0.639210654,-0.957562032,18.0,-0.008726646,0.365457086,0.031782524,0.075683607,0.153768306,4.0,,,,,,,0.6339,,0.0,32.0,32.0,32.0,1.0,,,,,,,,,,,,,,,,,,,,,,,,,,,,0
S070,2,2024-11-21_13h14.36.924,MotivatedInference,2024.1.5,Win32,60.24096386,668be8e87e83611e680fb3ab,{{%SESSION_ID%},Chrome,,,,,,,,,,,,,,,,,,,,,,,,,,,,,,-1.0,,,,,,,,4.0,,,,,,,,,conditions/conds_107.csv,1.0,0.0,,,,,,,,,1063.5688,1065.3018,"[0.0014999999998508429,0.015499999999974534,0.028699999988020863,0.045399999976098115,0.06630000001177905,0.07930000001192639,0.09830000001170447,0.11259999996423176,0.13149999999995998,0.14619999998808453,0.16530000001171175,0.17899999999985994,0.19530000001191183,0.21199999999998909,0.23280000001182088,0.24830000001179542,0.2619999999999436,0.28369999998790263,0.2953999999760981,0.3164999999999054,0.33030000001190274,0.34539999997605264,0.36509999996405895,0.3823999999760872,0.3993000000118627,0.4125999999641863,0.4328999999761436,0.44589999997606355,0.46269999998798994,0.4828999999760981,0.5,0.5153999999761254,0.5285999999641717,0.5499999999999545,0.5620999999641754,0.5826999999878808,0.5953000000117754,0.6163999999760108,0.6328999999759617,0.6453999999760072,0.6650999999642409,0.6833000000117408,0.6988999999759926,0.715699999987919,0.7288999999759653,0.7484999999999218,0.7619999999999436,0.7828000000117754,0.7956999999880736,0.816300000011779,0.8293999999759762,0.8488999999760836,0.8618999999760035,0.8786999999879299,0.8951999999878808,0.9119999999998072,0.9329999999999927,0.9455999999640881,0.9651999999880445,0.9788000000119155,0.9989999999997963,1.012300000011919,1.0324999999998,1.0483999999760272,1.0619999999998981,1.0786999999879754,1.0953000000117754,1.1163999999760108,1.1331999999879372,1.1454999999998563,1.1650999999642409,1.1786999999878844,1.1951999999880627,1.21269999998799,1.2333000000119227,1.2460999999641444,1.2653999999761254,1.2793000000117445,1.2993999999760035,1.3158999999759544,1.3293999999759762,1.349399999975958,1.362199999987979,1.3815999999642372,1.3985999999640626,1.4119999999998072,1.4335999999641444,1.4495999999642208,1.462099999964039,1.4816999999879954,1.4953000000118664,1.5128999999760708,1.5336999999879026,1.5459999999998217,1.5658999999759544,1.5793999999759762,1.599399999975958,1.6123000000118282,1.6325999999642136,1.6455999999641335,1.664599999964139,1.6784999999999854,1.696199999988039,1.71269999998799,1.7328999999760981]",0.016648077,0.003050787,105.0,right,1.0,,,,,,2.0,0.0,4.0,0.5,-1.679132492,1.0,1.306210007,-0.504819317,72.0,0.006108652,0.40239539,0.026269008,0.066501733,0.165237327,6.0,1.83251377,0.499858061,66.0,-0.006108652,0.398200129,0.038012219,0.074472022,0.208169201,4.0,0.668154829,-0.972633739,41.0,0.013089969,0.382506884,0.032100804,0.075836611,0.218324429,6.0,1.182019976,-0.701537498,61.0,-0.004363323,0.394911895,0.035957651,0.088187679,0.159307843,4.0,0.0,0.0,0.0,0.0,0.0,0.0,0.0,0.0,0.0,0.0,0.0,0.0,0.0,0.0,0.0,0.0,0.0,0.0,0.0,0.0,0.0,0.0,0.0,0.0,0.0,0.0,0.0,0.0,0.0,0.0,0.0,0.0,0.0,0.0,0.0,0.0,0.0,0.0,0.0,0.0,0.0,0.0,0.0,0.0,0.0,0.0,0.0,0.0,0.0,0.0,0.0,0.0,0.0,0.0,0.0,0.0,0.0,0.0,0.0,0.0,0.0,0.0,0.0,0.0,0.0,0.0,0.0,0.0,0.0,0.0,0.0,0.0,,,,,,,0.8826,,0.0,33.0,33.0,33.0,1.0,,,,,,,,,,,,,,,,,,,,,,,,,,,,0
S070,2,2024-11-21_13h14.36.924,MotivatedInference,2024.1.5,Win32,60.24096386,668be8e87e83611e680fb3ab,{{%SESSION_ID%},Chrome,,,,,,,,,,,,,,,,,,,,,,,,,,,,,,-1.0,,,,,,,,7.0,,,,,,,,,conditions/conds_107.csv,1.0,0.0,,,,,,,,,1067.201,1070.25,"[0.0025000000000545697,0.017600000023776374,0.029699999987997217,0.049100000023827306,0.06300000000010186,0.07969999998817912,0.09910000002378183,0.11400000000003274,0.13319999998816456,0.14719999998806088,0.16699999999991633,0.18000000000006366,0.19939999997609448,0.2135000000000673,0.23330000001192275,0.2471999999881973,0.26560000002382367,0.28039999997622544,0.2973999999762782,0.3170000000000073,0.3298999999760781,0.34639999997625637,0.36569999998800995,0.37969999998813364,0.4006000000238146,0.41569999998819185,0.42969999998808817,0.4491999999881955,0.46369999998819367,0.4828000000118209,0.4971999999881973,0.5158999999762273,0.5303999999762254,0.5496000000239292,0.5633999999761272,0.5844999999999345,0.5963999999762564,0.6158999999761363,0.6296999999881336,0.6463999999762109,0.6678000000119937,0.6804999999999382,0.6993000000120446,0.7131000000238146,0.7323999999762236,0.7471999999881973,0.7668000000119264,0.7805000000000746,0.7993999999762309,0.813100000023951,0.8324999999999818,0.8463000000119791,0.8666999999879863,0.8796999999881336,0.9006999999880918,0.9138000000118609,0.9329999999999927,0.9470000000001164,0.9660000000001219,0.9838999999760745,0.9970000000000709,1.017399999976078,1.0333000000118773,1.0489999999999782,1.0676999999880081,1.0799999999999272,1.1008000000119864,1.1131000000239055,1.1328000000119118,1.1463000000119337,1.166100000023789,1.1848999999760963,1.1971000000239655,1.2171000000239474,1.2303000000119937,1.2501000000238491,1.2638000000119973,1.2836000000238528,1.2964999999999236,1.3161999999881573,1.3296000000239019,1.3508000000119864,1.365800000011859,1.3796999999881336,1.400300000011839,1.4136999999880118,1.433199999988119,1.4470000000001164,1.4664999999999964,1.4803000000119937,1.500600000023951,1.5133999999761727,1.5328000000120028,1.550199999988081,1.5638000000119519,1.5796000000239019,1.5966000000239546,1.6159999999999854,1.6296999999881336,1.65010000002394,1.663000000000011,1.679600000023811,1.696199999988039,1.7170000000000982,1.7336000000238982,1.74639999997612,1.76299999999992,1.7796999999879972,1.7963000000120246,1.8130000000001019,1.8323999999761327,1.8463000000119791,1.8676000000239128,1.8798000000119828,1.896399999976211,1.915800000012041,1.933999999999969,1.9465000000000146,1.9656000000238691,1.980399999976271,2.0011000000238255,2.0133000000118955,2.0325000000000273,2.048999999999978,2.0658000000119046,2.0846000000237837,2.09989999997606,2.1130000000000564,2.1326999999880627,2.1468999999760854,2.162899999976162,2.1841999999880954,2.200399999976071,2.216000000000122,2.2294999999999163,2.249899999976151,2.2661999999882028,2.280199999988099,2.2991999999881045,2.3128000000119755,2.3338000000119337,2.346300000011979,2.366199999988112,2.3826000000237855,2.3963000000119337,2.4155000000000655,2.4306000000237873,2.449800000011919,2.4636999999881937,2.4836000000238982,2.49710000002392,2.5158999999762273,2.529699999987997,2.5513999999761836,2.566800000011881,2.579600000023902,2.6014999999999873,2.6128999999762073,2.632800000011912,2.6463000000119337,2.663000000000011,2.684500000000071,2.7013999999762746,2.716199999988021,2.7296999999880427,2.74639999997612,2.76299999999992,2.7798000000118464,2.800999999999931,2.813800000011952,2.832600000023831,2.846300000011979,2.8630000000000564,2.8796999999881336,2.9003999999761163,2.9133999999762636,2.929600000023811,2.9491999999881955,2.9635000000000673,2.9833999999762,2.996899999976222,3.015699999988101,3.029699999987997,3.048899999976129]",0.016646995,0.002917945,184.0,left,1.0,,,,,,2.0,0.0,8.0,0.5,-2.917571494,-1.0,1.038959935,-0.874145116,48.0,-0.013089969,0.387063294,0.032293316,0.069877675,0.198684878,5.0,1.017428585,-0.894242311,64.0,-0.012217305,0.396824946,0.026418425,0.079335183,0.168726505,6.0,0.190213806,-0.371317544,16.0,0.017453293,0.363466057,0.031192723,0.069909496,0.180964939,5.0,0.587857156,-0.922965001,36.0,0.002617994,0.379263044,0.03913601,0.077664539,0.168574417,3.0,1.868880496,0.56147593,50.0,-0.003490659,0.388365859,0.031859869,0.061653869,0.235670302,6.0,1.026772679,-0.885722128,56.0,0.002617994,0.391878159,0.037400891,0.06461151,0.256914973,6.0,1.297456585,-0.51985353,90.0,-0.005235988,0.41932645,0.033694537,0.059919896,0.18718849,4.0,2.429751604,0.989198205,96.0,0.002617994,0.429744758,0.028375272,0.064697354,0.217313714,7.0,0.0,0.0,0.0,0.0,0.0,0.0,0.0,0.0,0.0,0.0,0.0,0.0,0.0,0.0,0.0,0.0,0.0,0.0,0.0,0.0,0.0,0.0,0.0,0.0,0.0,0.0,0.0,0.0,0.0,0.0,0.0,0.0,0.0,0.0,0.0,0.0,,,,,,,0.6841,,0.0,34.0,34.0,34.0,1.0,,,,,,,,,,,,,,,,,,,,,,,,,,,,0
S070,2,2024-11-21_13h14.36.924,MotivatedInference,2024.1.5,Win32,60.24096386,668be8e87e83611e680fb3ab,{{%SESSION_ID%},Chrome,,,,,,,,,,,,,,,,,,,,,,,,,,,,,,-1.0,,,,,,,,1.0,,,,,,,,,conditions/conds_107.csv,1.0,0.0,,,,,,,,,1071.9484,1073.6517,"[0.002200000047650974,0.019600000023956454,0.03310000002397828,0.05210000002398374,0.0654000000358792,0.0859000000357355,0.09920000004785834,0.11640000003581008,0.13660000002391826,0.1490000000001146,0.16990000003579553,0.1855000000000473,0.20199999999999818,0.21560000002386914,0.23220000004766916,0.24920000004772191,0.2695000000001073,0.2832000000478274,0.3031000000239601,0.31610000002388006,0.33640000003583737,0.35230000001206463,0.3654000000358337,0.38230000001203734,0.4033000000119955,0.4204000000358974,0.43230000001199187,0.4532000000476728,0.4666000000238455,0.4858000000119773,0.4995000000001255,0.519900000035932,0.5330000000001291,0.5491000000238273,0.5686000000239346,0.5831000000239328,0.6024999999999636,0.6158000000120865,0.63510000002384,0.6489000000358374,0.6661000000240165,0.6868000000119991,0.7038000000120519,0.7158000000119955,0.7366000000238273,0.7489000000357464,0.7683000000120046,0.7822000000478511,0.7997000000477783,0.8200000000001637,0.836200000047711,0.8496000000238837,0.8692000000478401,0.8826000000240128,0.9037000000478201,0.9159000000358901,0.9367000000477219,0.9493000000120446,0.9697000000478511,0.9825000000000728,1.0037000000477292,1.018500000000131,1.032100000024002,1.0532000000478092,1.0656000000240056,1.0851000000238855,1.0997000000477328,1.11560000002396,1.1363000000119428,1.15300000000002,1.1668000000120173,1.1822000000477146,1.2037000000477747,1.2159000000358446,1.2322000000476692,1.2488000000118973,1.2656000000238237,1.282300000011901,1.2989000000359283,1.3155000000001564,1.3371000000238382,1.3496000000238837,1.3686000000238892,1.3865000000000691,1.3997000000476874,1.419300000012072,1.4326000000239674,1.4529999999999745,1.4660000000001219,1.4857000000477,1.4989000000357464,1.5191000000238546,1.5363000000120337,1.5491000000238273,1.5655000000001564,1.5866000000239637,1.5988000000120337,1.6200000000001182,1.6366000000239183,1.6497000000476874,1.6687000000476928,1.6829000000359429,1.7032000000476728]",0.016676471,0.003113606,103.0,right,1.0,,,,,,1.0,0.0,4.0,0.5,3.222625492,-1.0,2.499311191,0.959314143,79.0,-0.004363323,0.40793127,0.02386995,0.059748747,0.165450333,7.0,2.307828447,0.995325099,50.0,-0.003490659,0.388365859,0.031859869,0.061653869,0.235670302,6.0,3.000659011,0.278149731,70.0,0.007853982,0.401012824,0.032375196,0.060909739,0.168550131,4.0,2.28484765,0.98983652,79.0,-0.004363323,0.40793127,0.02386995,0.059748747,0.165450333,7.0,0.0,0.0,0.0,0.0,0.0,0.0,0.0,0.0,0.0,0.0,0.0,0.0,0.0,0.0,0.0,0.0,0.0,0.0,0.0,0.0,0.0,0.0,0.0,0.0,0.0,0.0,0.0,0.0,0.0,0.0,0.0,0.0,0.0,0.0,0.0,0.0,0.0,0.0,0.0,0.0,0.0,0.0,0.0,0.0,0.0,0.0,0.0,0.0,0.0,0.0,0.0,0.0,0.0,0.0,0.0,0.0,0.0,0.0,0.0,0.0,0.0,0.0,0.0,0.0,0.0,0.0,0.0,0.0,0.0,0.0,0.0,0.0,,,,,,,0.5839,,0.0,35.0,35.0,35.0,1.0,,,,,,,,,,,,,,,,,,,,,,,,,,,,0
S070,2,2024-11-21_13h14.36.924,MotivatedInference,2024.1.5,Win32,60.24096386,668be8e87e83611e680fb3ab,{{%SESSION_ID%},Chrome,,,,,,,,,,,,,,,,,,,,,,,,,,,,,,-1.0,,,,,,,,2.0,,,,,,,,,conditions/conds_180.csv,2.0,0.0,,,,,,,,,1078.3475,1080.0649,"[0.0025000000000545697,0.02030000001195731,0.037600000023758184,0.050300000011930024,0.06899999999995998,0.08289999997600717,0.0996000000238837,0.11919999998804087,0.13789999997607083,0.14999999999986358,0.16989999997599625,0.18339999997601808,0.20389999997610175,0.21639999997614723,0.23560000002385095,0.24980000001187364,0.26610000002369816,0.28319999998802814,0.3025000000000091,0.3168000000118809,0.33600000000001273,0.35380000001191547,0.36710000002381094,0.3830000000000382,0.3996000000238382,0.4211999999879481,0.4333999999760181,0.45280000001184817,0.46619999998802086,0.4828000000118209,0.499399999976049,0.5211000000238073,0.5338000000119791,0.55239999997616,0.5671000000238564,0.5831000000237054,0.6024999999999636,0.6163999999760108,0.6361000000238164,0.6496000000238382,0.6663000000119155,0.6863000000118973,0.7024999999998727,0.7191999999879499,0.7326000000236945,0.7523000000119282,0.7661999999879754,0.7856000000238055,0.8005000000000564,0.81980000001181,0.8373000000119646,0.8503999999761618,0.8709999999998672,0.883699999988039,0.9034999999998945,0.9169999999999163,0.9329999999999927,0.9496000000237927,0.96630000001187,0.9876000000238037,0.9998000000118736,1.0190000000000055,1.0329999999999018,1.0526000000238582,1.0709999999999127,1.0833000000118318,1.0996000000238837,1.1168999999761127,1.1378999999760708,1.1508999999762182,1.169499999999971,1.1858999999760726,1.2023999999760235,1.2163999999761472,1.2329999999999472,1.2498000000118736,1.2661999999879754,1.2854999999999563,1.3003999999762073,1.3158999999761818,1.3356999999880372,1.3524999999999636,1.366300000011961,1.3830000000000382,1.4034999999998945,1.4166999999879408,1.4328999999761436,1.44969999998807,1.4658999999760454,1.4828999999760981,1.4998000000118736,1.5191999999881318,1.5336000000238528,1.5528000000119846,1.5708000000117863,1.5836999999880845,1.6031000000236872,1.6169999999999618,1.6373999999761963,1.6503999999761163,1.6693000000118445,1.6836999999879936,1.7024999999998727,1.7171999999879972]",0.016647573,0.002625079,104.0,right,1.0,,,,,,1.0,0.0,4.0,0.5,1.393676884,-1.0,2.990531075,0.297547869,75.0,-0.006981317,0.404601252,0.036318328,0.07284169,0.209916045,6.0,2.188776799,0.944464418,65.0,0.000872665,0.397557211,0.028332609,0.059251996,0.151978572,5.0,2.795505849,0.638212065,30.0,-0.009599311,0.375182725,0.031494597,0.070464671,0.19533995,5.0,1.316729549,-0.486547468,31.0,0.004363323,0.375872077,0.0344646,0.07529372,0.228193104,6.0,0.0,0.0,0.0,0.0,0.0,0.0,0.0,0.0,0.0,0.0,0.0,0.0,0.0,0.0,0.0,0.0,0.0,0.0,0.0,0.0,0.0,0.0,0.0,0.0,0.0,0.0,0.0,0.0,0.0,0.0,0.0,0.0,0.0,0.0,0.0,0.0,0.0,0.0,0.0,0.0,0.0,0.0,0.0,0.0,0.0,0.0,0.0,0.0,0.0,0.0,0.0,0.0,0.0,0.0,0.0,0.0,0.0,0.0,0.0,0.0,0.0,0.0,0.0,0.0,0.0,0.0,0.0,0.0,0.0,0.0,0.0,0.0,,,,,,,1.3179,,0.0,0.0,0.0,0.0,1.0,1074.5861,1076.4677,,,,,,,,,,,,,,,,,,,,,,,,,,0
S070,2,2024-11-21_13h14.36.924,MotivatedInference,2024.1.5,Win32,60.24096386,668be8e87e83611e680fb3ab,{{%SESSION_ID%},Chrome,,,,,,,,,,,,,,,,,,,,,,,,,,,,,,-1.0,,,,,,,,10.0,,,,,,,,,conditions/conds_180.csv,2.0,0.0,,,,,,,,,1082.3975,1086.8474,"[0.0038999999760562787,0.016300000011824523,0.03289999997605264,0.04960000002392917,0.06630000001200642,0.08300000000008367,0.09969999998816093,0.11630000001196095,0.1330000000000382,0.14980000001196458,0.16710000002376546,0.18330000001196822,0.19989999997619634,0.21589999997604536,0.23289999997609812,0.24930000001199915,0.26639999997610175,0.2831000000237509,0.29960000002392917,0.3163000000120064,0.3330000000000837,0.3496000000238837,0.3661999999881118,0.3838000000118882,0.40049999999996544,0.41650000000004184,0.43389999997611994,0.44960000002379275,0.46639999997614723,0.48299999999994725,0.49960000002374727,0.5160000000000764,0.5328999999760526,0.5498000000118282,0.5663999999760563,0.5828999999762345,0.5996000000238837,0.6166999999879863,0.6328999999761891,0.6496000000238382,0.6663000000119155,0.6828999999761436,0.6996000000237927,0.7174999999999727,0.7333999999762,0.75,0.7663000000118245,0.7829999999999018,0.7993000000119537,0.8164999999999054,0.8330000000000837,0.8496000000238837,0.866300000011961,0.8830000000000382,0.8996000000238382,0.9163000000119155,0.9328999999761436,0.9496000000237927,0.9671000000239474,0.9828000000118209,0.9996999999880245,1.0163000000118245,1.0329999999999018,1.04950000000008,1.0661999999881573,1.0830000000000837,1.0996000000238837,1.116300000011961,1.1330000000000382,1.1496000000238382,1.1665000000000418,1.1828999999761436,1.1996000000237927,1.2163999999761472,1.2336999999881755,1.2503000000119755,1.2663000000118245,1.2829999999999018,1.30030000001193,1.3163999999760563,1.333399999976109,1.349699999988161,1.3669999999999618,1.382899999976189,1.3996000000238382,1.4163000000119155,1.4328000000118664,1.4501000000238946,1.4661000000237436,1.4828999999760981,1.4996000000237473,1.5161999999879754,1.5340000000001055,1.5505000000000564,1.5676999999880081,1.583899999976211,1.6006999999881373,1.6165000000000873,1.6330000000000382,1.6498999999762418,1.66599999999994,1.6828999999761436,1.6994999999999436,1.71630000001187,1.7328999999760981,1.7496000000237473,1.7663000000118245,1.7828999999760526,1.7993000000119537,1.8171000000238564,1.8328999999762345,1.8495000000000346,1.8668999999761127,1.8831999999881646,1.899499999999989,1.9158999999760908,1.9328999999761436,1.9496000000237927,1.9670000000000982,1.9831999999880736,1.99919999998815,2.0161999999879754,2.0328999999760526,2.049600000023929,2.0671000000238564,2.08400000000006,2.0995000000000346,2.1168999999761127,2.1338999999761654,2.15010000002394,2.1663000000119155,2.1835000000000946,2.1994999999999436,2.2161000000237436,2.232800000011821,2.2503000000119755,2.2663000000118245,2.2828999999760526,2.29950000000008,2.3163000000120064,2.3328999999762345,2.3495000000000346,2.366199999988112,2.383699999988039,2.4004999999999654,2.4171999999880427,2.4329999999999927,2.4496000000237927,2.4664999999999964,2.4826999999879718,2.499499999999898,2.5163000000118245,2.5328999999760526,2.549600000023929,2.5661999999881573,2.5828999999762345,2.5995000000000346,2.616199999988112,2.632899999976189,2.649600000023838,2.6661999999880663,2.6828999999761436,2.6994999999999436,2.716199999988021,2.7338000000120246,2.7496999999880245,2.7663999999761018,2.7828999999760526,2.79950000000008,2.8163999999760563,2.8328000000119573,2.8496000000238837,2.866300000011961,2.882899999976189,2.900300000011839,2.916500000000042,2.9328999999761436,2.9496000000237927,2.966199999988021,2.982899999976098,2.999499999999898,3.0170000000000528,3.0328999999760526,3.04950000000008,3.0661999999881573,3.0828000000119573,3.0996000000238837,3.11930000001189,3.132899999976189,3.149499999999989,3.165899999976091,3.1828999999761436,3.1994999999999436,3.2163999999761472,3.232899999976098,3.249499999999898,3.267100000023902,3.2835000000000036,3.29950000000008,3.3163000000120064,3.3328999999762345,3.3495000000000346,3.366199999988112,3.382899999976189,3.399499999999989,3.416100000023789,3.4336999999879936,3.4498999999761963,3.46630000001187,3.482899999976098,3.499499999999898,3.5160000000000764,3.5328999999760526,3.54950000000008,3.56610000002388,3.5828000000119573,3.5995000000000346,3.616199999988112,3.632899999976189,3.649499999999989,3.6661999999880663,3.6828000000118664,3.6994999999999436,3.7161000000237436,3.7333999999762,3.7496000000237473,3.767100000023902,3.7828999999760526,3.7993000000119537,3.8163000000120064,3.8328000000119573,3.8496000000238837,3.8661000000238346,3.882899999976189,3.89939999997614,3.91599999999994,3.9328999999761436,3.9494999999999436,3.966199999988021,3.9829999999999472,4.0003000000119755,4.016199999987975,4.032899999976053,4.04950000000008,4.06610000002388,4.082800000011957,4.099600000023884,4.116199999988112,4.132800000011912,4.149600000023838,4.166199999988066,4.182800000011866,4.199499999999944,4.216100000023744,4.232899999976098,4.249499999999898,4.266199999987975,4.283500000000004,4.300100000023804,4.316199999988157,4.3328999999762345,4.349500000000035,4.366199999988112,4.382800000011912,4.39939999997614,4.416199999988066,4.432899999976144,4.449600000023793]",0.016650562,0.000531648,268.0,left,1.0,,,,,,1.0,0.0,12.0,0.5,3.428188959,1.0,0.838453634,-0.994375514,68.0,0.009599311,0.399449425,0.031951263,0.065393928,0.165147664,5.0,2.483457259,0.967782868,28.0,0.006108652,0.373747518,0.036497013,0.082304542,0.218348002,5.0,1.404880128,-0.325776009,83.0,0.005235988,0.41175896,0.032251087,0.065012348,0.244231929,6.0,1.716187986,0.286702747,28.0,0.006108652,0.373747518,0.036497013,0.082304542,0.218348002,5.0,0.908404664,-0.969891117,97.0,0.006981317,0.43254107,0.031598025,0.077611504,0.241207486,6.0,0.11299596,-0.224073169,68.0,0.009599311,0.399449425,0.031951263,0.065393928,0.165147664,5.0,2.617253474,0.866764858,69.0,-0.001745329,0.400311091,0.03773135,0.078132351,0.241087639,6.0,2.462907159,0.977311133,59.0,0.006981317,0.393731017,0.031135395,0.06163787,0.205460115,5.0,1.697735243,0.25115937,95.0,-0.003490659,0.427246221,0.028411926,0.064304978,0.203029515,6.0,2.232549221,0.969579196,75.0,-0.006981317,0.404601252,0.036318328,0.07284169,0.209916045,6.0,2.704012694,0.767646001,67.0,0.000872665,0.398829923,0.040120187,0.066830121,0.198372452,4.0,2.083917661,0.855358597,78.0,0.004363323,0.407032945,0.030231373,0.057417546,0.211999481,6.0,,,,,,,0.6509,,0.0,1.0,1.0,1.0,1.0,,,,,,,,,,,,,,,,,,,,,,,,,,,,0
S070,2,2024-11-21_13h14.36.924,MotivatedInference,2024.1.5,Win32,60.24096386,668be8e87e83611e680fb3ab,{{%SESSION_ID%},Chrome,,,,,,,,,,,,,,,,,,,,,,,,,,,,,,-1.0,,,,,,,,4.0,,,,,,,,,conditions/conds_180.csv,2.0,0.0,,,,,,,,,1088.5138,1090.214,"[0.0014999999998508429,0.016399999976101753,0.03319999998802814,0.04989999997610539,0.06649999999990541,0.08319999998798266,0.09999999999990905,0.11649999999985994,0.1331999999879372,0.14980000001196458,0.16739999997616906,0.18309999996426995,0.1998000000119191,0.21709999996414808,0.2339999999999236,0.24980000001187364,0.26639999997610175,0.28319999998802814,0.299699999987979,0.3164999999999054,0.33319999998798266,0.34999999999990905,0.36659999996413717,0.38309999996408806,0.3998000000119646,0.41650000000004184,0.4339999999999691,0.4498000000119191,0.46649999999999636,0.4830999999642245,0.49980000001187364,0.5165999999642281,0.5339999999998781,0.5498000000118282,0.5664999999999054,0.5830999999641335,0.5998999999760599,0.6165999999641372,0.6331999999879372,0.6498000000119646,0.6671999999880427,0.6838999999761199,0.69969999998807,0.7164999999999964,0.7331999999880736,0.7498000000118736,0.7664999999999509,0.7829999999999018,0.7998000000118282,0.8164999999999054,0.8331999999879827,0.8498999999760599,0.8664999999998599,0.8831999999879372,0.8998999999760144,0.9163999999761927,0.93309999996427,0.9498000000119191,0.9664999999999964,0.9831999999880736,1.0000999999642772,1.0164999999999509,1.033099999964179,1.0494999999998527,1.0663999999760563,1.0830999999641335,1.09989999997606,1.11649999999986,1.133099999964088,1.1498999999760144,1.1665999999640917,1.18309999996427,1.1998999999761963,1.2164999999999964,1.2330999999642245,1.2498000000118736,1.2664999999999509,1.283099999964179,1.3005000000000564,1.3168999999761581,1.3330999999641335,1.3498000000117827,1.36649999999986,1.3831999999879372,1.399499999999989,1.4165000000000418,1.433399999976018,1.4503999999760708,1.4663999999761472,1.4830999999642245,1.5,1.5166999999880773,1.5331999999880281,1.5498999999761054,1.5664999999999054,1.5831999999879827,1.6003999999761618,1.61649999999986,1.633099999964088,1.6498999999760144,1.6671999999880427,1.68309999996427,1.7000000000000455]",0.016651961,0.000374619,103.0,right,1.0,,,,,,2.0,0.0,4.0,0.5,-0.976527067,1.0,0.465291037,-0.801967789,18.0,-0.008726646,0.365457086,0.031782524,0.075683607,0.153768306,4.0,2.0627243,0.832639041,36.0,0.002617994,0.379263044,0.03913601,0.077664539,0.168574417,3.0,1.381080916,-0.370391833,97.0,0.006981317,0.43254107,0.031598025,0.077611504,0.241207486,6.0,0.345174615,-0.636806486,2.0,0.008726646,0.338473989,0.032964075,0.086271212,0.185208292,4.0,0.0,0.0,0.0,0.0,0.0,0.0,0.0,0.0,0.0,0.0,0.0,0.0,0.0,0.0,0.0,0.0,0.0,0.0,0.0,0.0,0.0,0.0,0.0,0.0,0.0,0.0,0.0,0.0,0.0,0.0,0.0,0.0,0.0,0.0,0.0,0.0,0.0,0.0,0.0,0.0,0.0,0.0,0.0,0.0,0.0,0.0,0.0,0.0,0.0,0.0,0.0,0.0,0.0,0.0,0.0,0.0,0.0,0.0,0.0,0.0,0.0,0.0,0.0,0.0,0.0,0.0,0.0,0.0,0.0,0.0,0.0,0.0,,,,,,,0.7501,,0.0,2.0,2.0,2.0,1.0,,,,,,,,,,,,,,,,,,,,,,,,,,,,0
S070,2,2024-11-21_13h14.36.924,MotivatedInference,2024.1.5,Win32,60.24096386,668be8e87e83611e680fb3ab,{{%SESSION_ID%},Chrome,,,,,,,,,,,,,,,,,,,,,,,,,,,,,,-1.0,,,,,,,,11.0,,,,,,,,,conditions/conds_180.csv,2.0,0.0,,,,,,,,,1091.9638,1096.4636,"[0.003399999976181789,0.016399999976101753,0.033099999964179005,0.04980000001182816,0.06649999999990541,0.08309999996413353,0.09980000001178269,0.11649999999985994,0.13299999999981083,0.1498000000117372,0.16649999999981446,0.18319999998789172,0.19969999998806998,0.21649999999999636,0.23319999998807361,0.2496999999880245,0.26639999997610175,0.283099999964179,0.30030000001193,0.3163999999760563,0.33339999997610903,0.3495999999640844,0.36649999999985994,0.38309999996408806,0.3996999999878881,0.41709999996419356,0.4330999999640426,0.4498000000119191,0.46639999997614723,0.4839999999999236,0.49980000001187364,0.5164999999999509,0.533099999964179,0.5498000000118282,0.5663999999760563,0.5830999999641335,0.5998000000117827,0.6171999999880882,0.6331999999879372,0.6498999999760144,0.66680000001179,0.6831999999878917,0.69969999998807,0.7164999999999964,0.7330999999642245,0.7496999999880245,0.7663999999761018,0.783099999964179,0.7998000000118282,0.8163999999760563,0.8338999999759835,0.8496999999879336,0.8663999999760108,0.8830999999640881,0.8998000000117372,0.9160999999642172,0.9330999999640426,0.94969999998807,0.9669999999998709,0.9836999999879481,1,1.0169999999998254,1.033099999964179,1.0494999999998527,1.0664999999999054,1.0830999999641335,1.0998000000117827,1.11649999999986,1.133099999964088,1.149699999987888,1.1663999999759653,1.1829999999999927,1.2003999999760708,1.217099999964148,1.2330999999642245,1.2498000000118736,1.2663999999761018,1.283099999964179,1.299699999987979,1.3164999999999054,1.3329999999998563,1.34989999997606,1.3663999999760108,1.3831999999879372,1.3998000000117372,1.4163999999759653,1.4330999999640426,1.449800000011919,1.4671999999879972,1.4838999999760745,1.4996999999880245,1.5163999999761018,1.533099999964179,1.5498000000118282,1.5664999999999054,1.5830999999641335,1.5998000000117827,1.6163000000117336,1.6328999999759617,1.6504999999999654,1.6666999999879408,1.6836999999879936,1.69969999998807,1.7163999999761472,1.7339999999999236,1.7496999999880245,1.7663999999761018,1.783099999964179,1.799699999987979,1.8163999999760563,1.8329999999998563,1.8495999999640844,1.8663999999760108,1.883099999964088,1.899699999987888,1.9166999999879408,1.9338000000118427,1.949899999975969,1.9663999999761472,1.9830999999642245,2,2.016599999964228,2.0329999999999018,2.049699999987979,2.0663999999760563,2.0829999999998563,2.0995999999640844,2.11649999999986,2.132999999999811,2.149800000011737,2.1663000000119155,2.1829999999999927,2.20049999999992,2.2163999999761472,2.2330999999642245,2.2496999999880245,2.2663999999761018,2.283999999999878,2.300199999988081,2.316300000011779,2.3329999999998563,2.349399999975958,2.3663000000117336,2.382999999999811,2.399599999964039,2.4163000000119155,2.4330999999640426,2.45049999999992,2.4663999999761472,2.4838000000117972,2.4996999999880245,2.5163000000118245,2.5329999999999018,2.549699999987979,2.5663999999760563,2.5829999999998563,2.5998000000117827,2.616399999976011,2.632999999999811,2.649699999987888,2.6664999999998145,2.6828999999761436,2.7003000000117936,2.7166999999878954,2.7330999999642245,2.7496999999880245,2.7663000000118245,2.783099999964179,2.79959999996413,2.8164999999999054,2.832899999976007,2.8495999999640844,2.867099999964239,2.883199999987937,2.899599999964039,2.9170999999641936,2.933399999976018,2.94969999998807,2.9673000000118464,2.9830999999642245,2.9996999999880245,3.0163000000118245,3.0329999999999018,3.049699999987979,3.0663999999760563,3.0829999999998563,3.100399999976162,3.116599999964137,3.132999999999811,3.149699999987888,3.1664999999998145,3.1828999999761436,3.19969999998807,3.21630000001187,3.2338000000117972,3.2496999999880245,3.2661999999879754,3.2838000000117518,3.300199999988081,3.3163999999760563,3.3329999999998563,3.349499999999807,3.3663000000117336,3.382999999999811,3.399699999987888,3.4163000000119155,3.4329999999999927,3.44969999998807,3.4663999999761472,3.4829999999999472,3.4996999999880245,3.5163000000118245,3.5329999999999018,3.54959999996413,3.566300000011779,3.5829999999998563,3.5995999999640844,3.617199999988088,3.633199999987937,3.649699999987888,3.6671999999880427,3.6835999999641444,3.70049999999992,3.7160999999641717,3.7330999999642245,3.749899999976151,3.7663999999761018,3.7828999999760526,3.799800000011828,3.8165999999641826,3.8336999999880845,3.84989999997606,3.86649999999986,3.883199999987937,3.8998999999760144,3.9170999999641936,3.9336999999879936,3.95049999999992,3.9663999999761472,3.9838000000117972,4.000300000011748,4.016699999988077,4.032899999976053,4.049800000011828,4.066300000011779,4.082999999999856,4.099599999964084,4.116300000011734,4.132999999999811,4.149699999987888,4.1663000000119155,4.184300000011945,4.1993999999760945,4.218199999987974,4.233999999999924,4.249599999964175,4.266399999976102,4.283099999964179,4.300499999999829,4.316099999964081,4.332899999976007,4.349599999964084,4.3659999999999854,4.382800000011912,4.399699999987888,4.416999999999916,4.433099999964043,4.450399999976071,4.466399999976147,4.482999999999947,4.499599999964175]",0.016652593,0.00047638,271.0,right,1.0,,,,,,2.0,0.0,12.0,0.5,-2.544840385,1.0,3.128644374,0.025893665,38.0,-0.004363323,0.380540373,0.035789754,0.080850361,0.267900983,7.0,2.982938435,0.312010497,11.0,-0.013089969,0.357861323,0.044486954,0.075207378,0.243622836,5.0,1.49227117,-0.156405507,32.0,0.007853982,0.376580194,0.027808234,0.064839678,0.152904525,6.0,1.05947586,-0.853487224,10.0,-0.004363323,0.356575755,0.034939804,0.084929929,0.233599272,6.0,2.927304963,0.415575451,87.0,0.006108652,0.415699595,0.038834066,0.066745096,0.25903141,5.0,2.970359892,0.33581046,28.0,0.006108652,0.373747518,0.036497013,0.082304542,0.218348002,5.0,1.815626568,0.470326294,97.0,0.006981317,0.43254107,0.031598025,0.077611504,0.241207486,6.0,1.238814458,-0.616243349,46.0,-8.92894e-14,0.385892478,0.022689461,0.062794509,0.135276835,6.0,1.098509402,-0.810247245,29.0,-0.000872665,0.374372435,0.035828607,0.080766738,0.158410304,4.0,0.135213751,-0.267143427,27.0,-0.002617994,0.373032979,0.031793157,0.076653108,0.191027089,4.0,0.496564884,-0.837739153,14.0,-0.004363323,0.361562951,0.033827978,0.08680928,0.200727788,5.0,1.271675214,-0.563190847,75.0,-0.006981317,0.404601252,0.036318328,0.07284169,0.209916045,6.0,,,,,,,0.5665,,0.0,3.0,3.0,3.0,1.0,,,,,,,,,,,,,,,,,,,,,,,,,,,,0
S070,2,2024-11-21_13h14.36.924,MotivatedInference,2024.1.5,Win32,60.24096386,668be8e87e83611e680fb3ab,{{%SESSION_ID%},Chrome,,,,,,,,,,,,,,,,,,,,,,,,,,,,,,-1.0,,,,,,,,12.0,,,,,,,,,conditions/conds_180.csv,2.0,0.0,,,,,,,,,1098.0303,1102.5132,"[0.0036999999881572876,0.016399999976101753,0.033099999964179005,0.04989999997610539,0.06659999996418264,0.08309999996413353,0.09989999997605992,0.11639999997623818,0.13319999998816456,0.14989999997624182,0.1671999999880427,0.18309999996426995,0.1998000000119191,0.21639999997614723,0.23280000001182088,0.25,0.26700000000005275,0.283099999964179,0.299699999987979,0.3163999999760563,0.33309999996413353,0.34980000001201006,0.3665000000000873,0.38309999996431543,0.40049999999996544,0.41650000000004184,0.4331999999881191,0.4498000000119191,0.4671999999879972,0.4836999999881755,0.49980000001187364,0.5163999999761018,0.5328999999760526,0.54950000000008,0.5663000000120064,0.5831999999879827,0.5998000000120101,0.617099999964239,0.6330999999643154,0.6496999999881155,0.6669999999999163,0.6829999999999927,0.6998000000119191,0.7163999999761472,0.7330999999642245,0.7498999999761509,0.7664999999999509,0.7829999999999018,0.7998000000118282,0.8168999999761581,0.8328999999762345,0.8496999999881609,0.8665000000000873,0.8831999999881646,0.8998000000119646,0.9165999999643191,0.93309999996427,0.9505999999641972,0.9670999999641481,0.9830999999642245,0.9998000000118736,1.0163999999761018,1.033099999964179,1.0498000000118282,1.0664999999999054,1.0831999999879827,1.09980000001201,1.1163999999762382,1.1340000000000146,1.150800000011941,1.1663999999761927,1.1829999999999927,1.199800000011919,1.2164999999999964,1.2335999999643263,1.2494999999998981,1.2668000000119264,1.2835999999642809,1.2998000000118282,1.3164999999999054,1.3338000000119337,1.349699999988161,1.3673000000119373,1.383699999988039,1.3998999999762418,1.4170999999641936,1.433199999988119,1.449800000011919,1.46630000001187,1.4831999999880736,1.5000999999642772,1.5164999999999509,1.533099999964179,1.5505000000000564,1.5663999999760563,1.5830000000000837,1.59980000001201,1.6163999999762382,1.6338000000118882,1.6506999999880918,1.6663000000119155,1.6838000000118427,1.699800000011919,1.7160999999641717,1.7331999999880736,1.7496999999880245,1.7663999999761018,1.7829999999999018,1.799699999987979,1.8163999999760563,1.8331999999879827,1.849699999988161,1.8663999999762382,1.8838999999761654,1.8998000000119646,1.9160999999642172,1.93309999996427,1.94969999998807,1.9663999999761472,1.9830999999642245,1.9998999999761509,2.0168999999762036,2.0329999999999018,2.0505000000000564,2.0664999999999054,2.0830000000000837,2.09980000001201,2.116399999976238,2.133800000011888,2.1496999999881155,2.1663999999761927,2.1833999999762455,2.19969999998807,2.2163999999761472,2.2330999999642245,2.2495999999641754,2.2663000000118245,2.2838999999762564,2.29959999996413,2.3165999999641826,2.3336999999880845,2.34989999997606,2.3666999999879863,2.383000000000038,2.3998000000119646,2.4170999999641936,2.43309999996427,2.44969999998807,2.4663999999761472,2.4830999999642245,2.4996999999880245,2.5163999999761018,2.533199999988028,2.5498999999761054,2.5663999999760563,2.5830999999641335,2.599699999988161,2.61769999998819,2.633800000011888,2.6498000000119646,2.6663999999761927,2.683199999988119,2.7000999999643227,2.7173000000118464,2.7331999999880736,2.7495999999641754,2.7663999999761018,2.7828999999760526,2.79959999996413,2.8163999999760563,2.8330999999641335,2.849699999988161,2.866300000011961,2.8840000000000146,2.8996999999881155,2.9163999999761927,2.9329999999999927,2.950399999976071,2.9663999999761472,2.9829999999999472,2.9996999999880245,3.0173000000120282,3.0333000000118773,3.049800000011828,3.0663999999760563,3.0828999999762345,3.099699999988161,3.116399999976238,3.133000000000038,3.1498000000119646,3.1663999999761927,3.183199999988119,3.19969999998807,3.21630000001187,3.2330999999642245,3.2496999999880245,3.2663999999761018,3.283099999964179,3.299800000011828,3.3173000000119828,3.333899999976211,3.3495000000000346,3.366399999976238,3.382899999976189,3.3996999999881155,3.417300000011892,3.433999999999969,3.4498999999761963,3.4663999999761472,3.4830999999642245,3.4996999999880245,3.5163999999761018,3.5333000000118773,3.549699999987979,3.5663999999760563,3.5830999999641335,3.59989999997606,3.616399999976238,3.633699999988039,3.6504999999999654,3.6663999999761927,3.6833999999762455,3.69969999998807,3.7163999999761472,3.7329999999999472,3.7496999999880245,3.766599999964228,3.7829999999999018,3.799699999987979,3.8163999999760563,3.8330999999641335,3.849699999988161,3.866300000011961,3.883000000000038,3.8996999999881155,3.9163999999761927,3.9329999999999927,3.94969999998807,3.9665999999642736,3.9830999999642245,3.9998000000118736,4.0163000000118245,4.0341999999880045,4.049699999987979,4.066199999988157,4.083000000000084,4.09980000001201,4.116399999976238,4.133699999988039,4.149599999964266,4.166999999999916,4.182999999999993,4.19969999998807,4.21630000001187,4.233800000012025,4.250500000000102,4.267199999988179,4.283099999964179,4.299800000011828,4.316300000012006,4.333199999987983,4.349699999988161,4.366399999976238,4.383699999988039,4.399800000011965,4.417300000011892,4.4333999999762455,4.449599999964221,4.466599999964274,4.482800000011821]",0.016650929,0.000487587,270.0,right,1.0,,,,,,2.0,0.0,12.0,0.5,-4.838102213,1.0,0.112693256,-0.223483115,88.0,0.001745329,0.416906428,0.03407937,0.068935353,0.194962658,5.0,1.639425549,0.136827861,46.0,-8.92894e-14,0.385892478,0.022689461,0.062794509,0.135276835,6.0,0.103300722,-0.20513481,75.0,-0.006981317,0.404601252,0.036318328,0.07284169,0.209916045,6.0,0.300911034,-0.566145353,29.0,-0.000872665,0.374372435,0.035828607,0.080766738,0.158410304,4.0,0.449732962,-0.782994811,75.0,-0.006981317,0.404601252,0.036318328,0.07284169,0.209916045,6.0,0.473505617,-0.811673359,97.0,0.006981317,0.43254107,0.031598025,0.077611504,0.241207486,6.0,1.06484708,-0.847840052,77.0,0.006108652,0.406238369,0.034151794,0.067462161,0.265706452,7.0,1.392883712,-0.34836402,11.0,-0.013089969,0.357861323,0.044486954,0.075207378,0.243622836,5.0,1.398964462,-0.336938845,2.0,0.008726646,0.338473989,0.032964075,0.086271212,0.185208292,4.0,1.332488477,-0.45877468,99.0,-0.003490659,0.442500629,0.032492338,0.059723416,0.160754516,4.0,2.870305669,0.516342002,62.0,-0.006981317,0.395568746,0.03641844,0.082091507,0.288170754,7.0,0.571549228,-0.909923031,32.0,0.007853982,0.376580194,0.027808234,0.064839678,0.152904525,6.0,,,,,,,0.6846,,0.0,4.0,4.0,4.0,1.0,,,,,,,,,,,,,,,,,,,,,,,,,,,,0
S070,2,2024-11-21_13h14.36.924,MotivatedInference,2024.1.5,Win32,60.24096386,668be8e87e83611e680fb3ab,{{%SESSION_ID%},Chrome,,,,,,,,,,,,,,,,,,,,,,,,,,,,,,-1.0,,,,,,,,1.0,,,,,,,,,conditions/conds_180.csv,2.0,0.0,,,,,,,,,1104.2136,1105.9143,"[0.0018999999761035724,0.01629999995225262,0.032999999999901775,0.05050000000005639,0.06639999997605628,0.0829999999998563,0.09959999996408442,0.1163999999760108,0.1330000000000382,0.1503999999761163,0.16709999996419356,0.1831999999881191,0.19969999998806998,0.21719999998799722,0.23389999997607447,0.2496999999880245,0.2662999999522526,0.2827999999522035,0.29939999997600353,0.31629999995220714,0.33369999998808453,0.34999999999990905,0.36629999995216167,0.3830000000000382,0.3995999999642663,0.4163999999761927,0.4329999999999927,0.4500000000000455,0.4662999999522981,0.4830999999642245,0.4996999999880245,0.5163999999761018,0.533099999964179,0.5495999999641299,0.5663999999760563,0.5832999999522599,0.5997999999522108,0.6162999999521617,0.6330999999640881,0.6496999999881155,0.6662999999523436,0.6828999999761436,0.69969999998807,0.7163999999761472,0.7330999999642245,0.7495999999641754,0.7662999999522526,0.783099999964179,0.799699999987979,0.8162999999522071,0.8329999999998563,0.8495999999640844,0.8663999999760108,0.8830000000000382,0.8995999999642663,0.9162999999523436,0.9331999999881191,0.9497999999523472,0.9662999999522981,0.9829999999999472,0.9996999999880245,1.0163999999761018,1.0329999999999018,1.04959999996413,1.0670999999642845,1.0829999999998563,1.0996999999879336,1.1163999999760108,1.133099999964088,1.1496999999881155,1.1670999999641936,1.1836999999879936,1.19969999998807,1.216299999952298,1.2330999999642245,1.2496999999880245,1.2662999999522526,1.2829999999999018,1.2992999999523818,1.3163999999760563,1.3329999999998563,1.3496999999879336,1.3662999999521617,1.383099999964088,1.3996999999881155,1.4162999999523436,1.4328999999761436,1.4495999999642208,1.4664999999999964,1.4829999999999472,1.4995999999641754,1.5170999999641026,1.533099999964179,1.54959999996413,1.5664999999999054,1.58329999995226,1.5997999999522108,1.6163999999760108,1.633099999964088,1.6495999999642663,1.6662999999523436,1.6828999999761436,1.70049999999992]",0.016652941,0.000387224,103.0,right,0.0,,,,,,1.0,0.0,4.0,0.5,-0.328511098,1.0,2.806832393,0.62061009,65.0,0.000872665,0.397557211,0.028332609,0.059251996,0.151978572,5.0,0.434368976,-0.763514527,24.0,-0.000872665,0.370951047,0.044446314,0.068882508,0.271498611,5.0,2.829407328,0.584586778,11.0,-0.013089969,0.357861323,0.044486954,0.075207378,0.243622836,5.0,0.439572191,-0.770193439,57.0,0.007853982,0.392441245,0.040602447,0.07130778,0.218867016,4.0,0.0,0.0,0.0,0.0,0.0,0.0,0.0,0.0,0.0,0.0,0.0,0.0,0.0,0.0,0.0,0.0,0.0,0.0,0.0,0.0,0.0,0.0,0.0,0.0,0.0,0.0,0.0,0.0,0.0,0.0,0.0,0.0,0.0,0.0,0.0,0.0,0.0,0.0,0.0,0.0,0.0,0.0,0.0,0.0,0.0,0.0,0.0,0.0,0.0,0.0,0.0,0.0,0.0,0.0,0.0,0.0,0.0,0.0,0.0,0.0,0.0,0.0,0.0,0.0,0.0,0.0,0.0,0.0,0.0,0.0,0.0,0.0,,,,,,,0.6133,,0.0,5.0,5.0,5.0,1.0,,,,,,,,,,,,,,,,,,,,,,,,,,,,0
S070,2,2024-11-21_13h14.36.924,MotivatedInference,2024.1.5,Win32,60.24096386,668be8e87e83611e680fb3ab,{{%SESSION_ID%},Chrome,,,,,,,,,,,,,,,,,,,,,,,,,,,,,,1.0,,,,,,,,5.0,,,,,,,,,conditions/conds_180.csv,2.0,0.0,,,,,,,,,1108.7807,1111.8977,"[0.0024000000357773388,0.015900000035571793,0.032600000023649045,0.04919999998787716,0.06590000003575369,0.0833000000118318,0.10019999998803542,0.11599999999998545,0.13260000002378547,0.1491999999880136,0.16649999999981446,0.18310000002384186,0.19930000001181725,0.21590000003561727,0.23249999999984539,0.24980000001187364,0.26580000001172266,0.28240000003575005,0.2991000000238273,0.3159000000357537,0.3324999999999818,0.34919999998805906,0.3658000000118591,0.38260000002378547,0.3991999999880136,0.4156999999879645,0.4339999999999691,0.4494000000356664,0.46590000003561727,0.48240000003556815,0.4991000000236454,0.5159000000355718,0.53240000003575,0.5491000000238273,0.5659999999998035,0.5824999999999818,0.5991000000237818,0.6158000000118591,0.6331999999879372,0.6491999999880136,0.6658000000118136,0.6824999999998909,0.6991999999879681,0.7159000000356173,0.7326000000236945,0.7491000000236454,0.7661000000236982,0.7829000000356245,0.7991999999878772,0.8158000000119046,0.8333000000118318,0.8491999999880591,0.8659000000357082,0.8831999999879372,0.8991000000237364,0.9169000000356391,0.9324999999998909,0.9496000000237927,0.9658000000117681,0.9824999999998454,0.9993000000117718,1.0158000000117227,1.03240000003575,1.0499000000356773,1.0659999999998035,1.0824000000357046,1.0989999999999327,1.115800000011859,1.1324999999999363,1.1491000000237364,1.1664999999998145,1.1824000000356136,1.1991000000236909,1.2158000000117681,1.2324999999998454,1.2491999999879226,1.2666000000238,1.2829999999999018,1.2991999999878772,1.3158000000119046,1.3324000000357046,1.3501000000237582,1.36649999999986,1.3824999999999363,1.3993000000118627,1.4166000000236636,1.43260000002374,1.4493000000118172,1.4658000000117681,1.4821999999880973,1.4994999999998981,1.5159000000355718,1.5324999999998,1.5491000000238273,1.5658000000119046,1.5824999999999818,1.5991000000237818,1.6166999999879863,1.6324999999999363,1.6491999999880136,1.6658000000118136,1.6824000000356136,1.6991000000236909,1.7158000000117681,1.7324999999998454,1.7491000000236454,1.7661999999879754,1.7834000000357264,1.7991000000238273,1.8159000000357537,1.8323000000118554,1.849199999988059,1.8673000000119373,1.8831999999879372,1.8991999999880136,1.9158000000118136,1.9324999999998909,1.9491000000236909,1.9658000000117681,1.9824999999998454,1.9999000000357228,2.0158000000117227,2.0324999999998,2.049199999987877,2.0661000000236527,2.083300000011832,2.099199999988059,2.115800000011859,2.1324999999999363,2.1491000000237364,2.1658000000118136,2.182499999999891,2.199199999987968,2.215800000011768,2.2324999999998454,2.2491000000236454,2.2658000000117227,2.28240000003575,2.2991000000238273,2.3158000000119046,2.3324000000357046,2.3496999999879336,2.3656000000237327,2.3824999999999363,2.3991000000237364,2.4159000000356627,2.43340000003559,2.4489000000355645,2.465699999987919,2.4821999999880973,2.4991000000236454,2.5169999999998254,2.5324999999998,2.5491000000238273,2.5658000000119046,2.5824000000357046,2.5996000000236563,2.615800000011859,2.6324999999999363,2.6491999999880136,2.6658000000118136,2.6824000000356136,2.699199999987968,2.715800000011768,2.7333000000119227,2.75,2.765900000035572,2.782600000023649,2.799199999987877,2.8158000000119046,2.8321999999880063,2.849100000023782,2.865900000035708,2.8824999999999363,2.8991000000237364,2.916699999987941,2.932499999999891,2.949100000023691,2.9659000000356173,2.982300000011719,2.9998000000118736,3.0166999999880773,3.0333000000118773,3.048999999999978,3.0659000000357537,3.0824000000357046,3.099100000023782,3.1166999999879863]",0.016654011,0.000521026,188.0,right,1.0,,,,,,1.0,0.0,8.0,0.5,2.394043424,-1.0,1.977365228,0.726447115,7.0,-0.003490659,0.352071506,0.033456274,0.080650645,0.190019159,6.0,1.771823251,0.39130924,25.0,0.001745329,0.371739039,0.031180836,0.079221418,0.176784845,4.0,0.473484983,-0.811649254,13.0,0.012217305,0.36034398,0.040523863,0.087309629,0.214125832,4.0,2.451778777,0.981782869,11.0,-0.013089969,0.357861323,0.044486954,0.075207378,0.243622836,5.0,2.053154717,0.821887613,79.0,-0.004363323,0.40793127,0.02386995,0.059748747,0.165450333,7.0,2.791336253,0.644609815,16.0,0.017453293,0.363466057,0.031192723,0.069909496,0.180964939,5.0,0.837050175,-0.994668883,92.0,-0.000872665,0.422008311,0.023140698,0.057298337,0.164165775,6.0,2.798025182,0.634324909,79.0,-0.004363323,0.40793127,0.02386995,0.059748747,0.165450333,7.0,0.0,0.0,0.0,0.0,0.0,0.0,0.0,0.0,0.0,0.0,0.0,0.0,0.0,0.0,0.0,0.0,0.0,0.0,0.0,0.0,0.0,0.0,0.0,0.0,0.0,0.0,0.0,0.0,0.0,0.0,0.0,0.0,0.0,0.0,0.0,0.0,,,,,,,0.8989,,0.0,6.0,6.0,6.0,1.0,,,,,,,,,,,,,,,,,,,,,,,,,,,,0
S070,2,2024-11-21_13h14.36.924,MotivatedInference,2024.1.5,Win32,60.24096386,668be8e87e83611e680fb3ab,{{%SESSION_ID%},Chrome,,,,,,,,,,,,,,,,,,,,,,,,,,,,,,1.0,,,,,,,,2.0,,,,,,,,,conditions/conds_180.csv,2.0,0.0,,,,,,,,,1113.8478,1115.5799,"[0.0018000000118263415,0.016099999964126255,0.03199999999992542,0.04849999999987631,0.0653000000118027,0.08199999999987995,0.0983999999759817,0.11539999997603445,0.13189999997598534,0.14869999998791172,0.16539999997598898,0.181999999999789,0.19869999998786625,0.2151999999880445,0.23269999998797175,0.24930000001177177,0.265999999999849,0.28209999996420265,0.29859999996415354,0.3153000000118027,0.33199999999987995,0.3486999999879572,0.3658000000118591,0.3828999999759617,0.39909999996416445,0.415399999975989,0.43189999997616724,0.4485999999642445,0.46530000001189364,0.48189999997612176,0.498599999964199,0.5153000000118482,0.5318999999760763,0.5486999999880027,0.5659999999998035,0.5820999999641572,0.5986999999879572,0.6153000000117572,0.6328000000119118,0.6485999999640626,0.6653000000117117,0.681999999999789,0.6985999999642445,0.715699999987919,0.7320999999640208,0.748599999964199,0.7650999999641499,0.7819999999999254,0.7985999999641535,0.8160999999640808,0.8318999999760308,0.8495999999640844,0.8653000000117572,0.8819999999998345,0.8985999999640626,0.9153000000117117,0.931999999999789,0.9485999999642445,0.9659999999998945,0.9819999999999709,0.998599999964199,1.015199999987999,1.0319999999999254,1.0493999999760035,1.066300000011779,1.08199999999988,1.0986999999879572,1.1153999999760345,1.1319999999998345,1.1484999999997854,1.1651999999878626,1.1818999999761672,1.1984999999999673,1.2153000000118936,1.231999999999971,1.248599999964199,1.2653000000118482,1.2819999999999254,1.2986999999880027,1.3153000000118027,1.3326999999878808,1.349399999975958,1.365199999987908,1.3819999999998345,1.3986999999879117,1.4153000000117117,1.431999999999789,1.4485999999642445,1.4649999999999181,1.4818999999761218,1.498599999964199,1.5153000000118482,1.5319999999999254,1.5485999999641535,1.5659999999998035,1.5818999999760308,1.598599999964108,1.6160999999640353,1.6328999999759617,1.6485999999640626,1.6651999999878626,1.681999999999789,1.6984999999999673,1.7151999999880445,1.7318999999761218]",0.016635577,0.000450836,105.0,right,1.0,,,,,,1.0,0.0,4.0,0.5,1.393676884,-1.0,2.990531075,0.297547869,75.0,-0.006981317,0.404601252,0.036318328,0.07284169,0.209916045,6.0,2.188776799,0.944464418,65.0,0.000872665,0.397557211,0.028332609,0.059251996,0.151978572,5.0,2.795505849,0.638212065,30.0,-0.009599311,0.375182725,0.031494597,0.070464671,0.19533995,5.0,1.316729549,-0.486547468,31.0,0.004363323,0.375872077,0.0344646,0.07529372,0.228193104,6.0,0.0,0.0,0.0,0.0,0.0,0.0,0.0,0.0,0.0,0.0,0.0,0.0,0.0,0.0,0.0,0.0,0.0,0.0,0.0,0.0,0.0,0.0,0.0,0.0,0.0,0.0,0.0,0.0,0.0,0.0,0.0,0.0,0.0,0.0,0.0,0.0,0.0,0.0,0.0,0.0,0.0,0.0,0.0,0.0,0.0,0.0,0.0,0.0,0.0,0.0,0.0,0.0,0.0,0.0,0.0,0.0,0.0,0.0,0.0,0.0,0.0,0.0,0.0,0.0,0.0,0.0,0.0,0.0,0.0,0.0,0.0,0.0,,,,,,,0.7501,,0.0,7.0,7.0,7.0,1.0,,,,,,,,,,,,,,,,,,,,,,,,,,,,0
S070,2,2024-11-21_13h14.36.924,MotivatedInference,2024.1.5,Win32,60.24096386,668be8e87e83611e680fb3ab,{{%SESSION_ID%},Chrome,,,,,,,,,,,,,,,,,,,,,,,,,,,,,,1.0,,,,,,,,8.0,,,,,,,,,conditions/conds_180.csv,2.0,0.0,,,,,,,,,1117.3302,1120.3799,"[0.0026000000239037035,0.016300000012051896,0.03290000003585192,0.049500000000080036,0.06619999998815729,0.08290000003580644,0.09950000000003456,0.1169999999999618,0.13290000003576097,0.15019999998821731,0.16619999998806634,0.18280000001186636,0.19960000002379275,0.21619999998824824,0.23280000001204826,0.2495000000001255,0.26640000003590103,0.2831000000239783,0.2999999999999545,0.3163000000120064,0.33369999998808453,0.34940000003575733,0.36630000001196095,0.38280000001191183,0.39940000003571186,0.41619999998806634,0.43280000001186636,0.449500000000171,0.46710000002394736,0.4829000000358974,0.5,0.5161999999882028,0.5328000000120028,0.5501999999880809,0.5661999999881573,0.5828000000119573,0.5996000000238837,0.6161000000238346,0.6333000000120137,0.6494999999999891,0.6661999999880663,0.6826999999882446,0.6996000000237927,0.7161999999882482,0.7328000000120483,0.7495000000001255,0.7661999999882028,0.7830000000001291,0.79950000000008,0.8161999999881573,0.8328000000119573,0.8495000000000346,0.8661000000238346,0.8828000000119118,0.8994999999999891,0.9161999999880663,0.9333000000119682,0.9496000000237927,0.966100000023971,0.9826000000239219,0.9995000000001255,1.0161000000239255,1.032900000035852,1.04950000000008,1.0670000000000073,1.0834999999999582,1.0995000000000346,1.117100000023811,1.1328000000119118,1.1501999999882173,1.166100000023789,1.1828000000118664,1.199500000000171,1.2161999999882482,1.2326999999881991,1.2494000000358483,1.2661999999882028,1.2836000000238528,1.2996999999882064,1.3161999999881573,1.3328000000119573,1.3500000000001364,1.367100000023811,1.3826999999880627,1.399499999999989,1.416100000023789,1.4328000000118664,1.449500000000171,1.4661999999882482,1.4828000000120483,1.4995000000001255,1.5161000000239255,1.53369999998813,1.5496000000239292,1.5661999999881573,1.5828000000119573,1.6001999999880354,1.6161999999881118,1.6328000000119118,1.6494000000357119,1.6659000000358901,1.6826999999882446,1.6994000000358938,1.71630000001187,1.7328000000120483,1.7495000000001255,1.7661999999882028,1.782900000035852,1.7994000000358028,1.8161999999881573,1.8329000000358064,1.8495000000000346,1.8661999999881118,1.8828000000119118,1.899499999999989,1.916100000023789,1.9328000000118664,1.9494000000358938,1.966100000023971,1.9829000000358974,1.9995000000001255,2.0161000000239255,2.032800000012003,2.04950000000008,2.06610000002388,2.0829000000358064,2.0996000000238837,2.116999999999962,2.132800000011912,2.149499999999989,2.1669000000358665,2.1835000000000946,2.199500000000171,2.2161999999882482,2.2328000000120483,2.2495000000001255,2.2661000000239255,2.28369999998813,2.2998000000120555,2.3161999999881573,2.332699999988108,2.351199999988239,2.366999999999962,2.382600000024013,2.399600000023838,2.4161999999880663,2.4328000000118664,2.45040000003587,2.46630000001187,2.4828000000120483,2.4995000000001255,2.5161000000239255,2.532800000012003,2.54950000000008,2.56610000002388,2.583900000035783,2.6001999999880354,2.616199999988112,2.633000000000038,2.6498000000119646,2.666100000023789,2.6828000000118664,2.699500000000171,2.716100000023971,2.7328000000120483,2.7495000000001255,2.7661999999882028,2.782800000012003,2.799400000035803,2.8161999999881573,2.8328000000119573,2.8494000000357573,2.866199999988112,2.8826999999880627,2.8996999999881155,2.916100000023789,2.9328000000118664,2.9496000000237927,2.96630000001187,2.983400000035772,2.9995000000001255,3.0161999999882028,3.032900000035852,3.049600000023929]",0.016650273,0.000465284,184.0,left,0.0,,,,,,2.0,0.0,8.0,0.5,-0.343909057,1.0,2.809611958,0.616241501,41.0,0.013089969,0.382506884,0.032100804,0.075836611,0.218324429,6.0,0.541067276,-0.882961872,38.0,-0.004363323,0.380540373,0.035789754,0.080850361,0.267900983,7.0,2.625746414,0.858169081,69.0,-0.001745329,0.400311091,0.03773135,0.078132351,0.241087639,6.0,2.894016176,0.475166241,26.0,-8.92894e-14,0.37233788,0.03804093,0.07765862,0.260457405,6.0,0.356685013,-0.654385763,78.0,0.004363323,0.407032945,0.030231373,0.057417546,0.211999481,6.0,0.602699866,-0.933982123,93.0,0.012217305,0.423353751,0.033559225,0.078739299,0.188587653,4.0,2.129342913,0.898830188,22.0,-0.006108652,0.369173441,0.034771665,0.081264392,0.215269419,6.0,0.402612308,-0.720986309,80.0,0.000872665,0.408817555,0.034279956,0.069360427,0.160822937,4.0,0.0,0.0,0.0,0.0,0.0,0.0,0.0,0.0,0.0,0.0,0.0,0.0,0.0,0.0,0.0,0.0,0.0,0.0,0.0,0.0,0.0,0.0,0.0,0.0,0.0,0.0,0.0,0.0,0.0,0.0,0.0,0.0,0.0,0.0,0.0,0.0,,,,,,,0.8515,,0.0,8.0,8.0,8.0,1.0,,,,,,,,,,,,,,,,,,,,,,,,,,,,0
S070,2,2024-11-21_13h14.36.924,MotivatedInference,2024.1.5,Win32,60.24096386,668be8e87e83611e680fb3ab,{{%SESSION_ID%},Chrome,,,,,,,,,,,,,,,,,,,,,,,,,,,,,,1.0,,,,,,,,12.0,,,,,,,,,conditions/conds_180.csv,2.0,0.0,,,,,,,,,1122.2303,1126.697,"[0.0038000000117790478,0.015999999999849024,0.03359999996428087,0.04930000001195367,0.06600000000003092,0.08249999999998181,0.09950000000003456,0.11589999997613631,0.1323999999760872,0.14930000001186272,0.16599999999993997,0.1825999999641681,0.19930000001181725,0.2159999999998945,0.23259999996412262,0.25019999998812636,0.2668999999762036,0.2826999999879263,0.29930000001195367,0.3160000000000309,0.33259999996425904,0.3493000000119082,0.3661999999881118,0.38309999996408806,0.39939999997613995,0.4158000000118136,0.4326999999880172,0.4491999999879681,0.46589999997604536,0.4825999999641226,0.49930000001177177,0.515999999999849,0.5325999999643045,0.5493999999762309,0.5660999999643082,0.5828000000119573,0.5993000000119082,0.6159999999999854,0.6326999999880627,0.6500999999641408,0.66680000001179,0.6833999999760181,0.6994999999999436,0.7164999999999964,0.7328000000118209,0.7493000000117718,0.76580000001195,0.7823999999761782,0.7993999999762309,0.8158999999761818,0.8326999999881082,0.8493000000119082,0.8658999999761363,0.8825999999642136,0.8993000000118627,0.9160999999642172,0.9325999999641681,0.9500999999640953,0.9660999999641717,0.9825999999641226,0.9993000000117718,1.015999999999849,1.03449999999998,1.0493000000119537,1.066000000000031,1.082599999964259,1.0993999999761854,1.115800000011859,1.1328000000119118,1.1498999999760144,1.1661999999880663,1.1826999999880172,1.1993000000118172,1.2158999999760454,1.2325999999641226,1.249399999976049,1.265999999999849,1.2825999999643045,1.299399999976231,1.3158999999761818,1.332599999964259,1.3510999999641626,1.36649999999986,1.3830000000000382,1.39939999997614,1.4160999999642172,1.4323000000119919,1.4493000000118172,1.46630000001187,1.4826999999879718,1.4990000000000236,1.5165999999642281,1.5328000000117754,1.5491999999881045,1.566000000000031,1.582599999964259,1.5993999999761854,1.6158999999761363,1.6325999999642136,1.64939999997614,1.6658999999760908,1.6824999999998909,1.699099999964119,1.7158999999760454,1.7326999999879718,1.7493000000117718,1.7658999999762273,1.7828000000117754,1.7989999999999782,1.816000000000031,1.8334999999999582,1.8498000000117827,1.8659999999999854,1.8825999999642136,1.8998999999760144,1.9158000000118136,1.9323999999760417,1.949099999964119,1.9659999999998945,1.9823999999762236,1.999399999976049,2.015999999999849,2.0325999999643045,2.0491999999881045,2.066000000000031,2.082599999964259,2.0993999999761854,2.1158999999761363,2.1325999999642136,2.1493000000118627,2.166699999987941,2.1836999999879936,2.1993999999760945,2.2158999999760454,2.2326999999879718,2.2500999999642772,2.2658999999762273,2.2825999999643045,2.2991999999881045,2.316099999964308,2.3323000000118554,2.349300000011908,2.3659999999999854,2.3826999999880627,2.3993000000118627,2.416099999964217,2.432599999964168,2.449199999987968,2.4659999999998945,2.4825999999641226,2.499499999999898,2.5158999999762273,2.5325999999643045,2.5493000000119537,2.565899999976182,2.5823999999761327,2.5998000000117827,2.6159999999999854,2.6346999999880154,2.6493000000118627,2.665899999976091,2.682499999999891,2.70049999999992,2.7166999999881227,2.7326999999879718,2.7500999999642772,2.765999999999849,2.7826999999879263,2.7993000000119537,2.815899999976182,2.833399999976109,2.849999999999909,2.8658999999761363,2.8825999999642136,2.8991999999880136,2.915899999976091,2.9328000000118664,2.9493000000118172,2.966800000011972,2.9826999999879718,2.99919999998815,3.015999999999849,3.0325999999643045,3.0493000000119537,3.065899999976182,3.082599999964259,3.0993999999761854,3.1158999999761363,3.1325999999642136,3.1491999999880136,3.16599999999994,3.182599999964168,3.1993999999760945,3.2159999999998945,3.2325999999641226,3.249399999976049,3.2658999999762273,3.2833999999761545,3.2998999999761054,3.3164999999999054,3.332699999988108,3.3496999999879336,3.3658999999761363,3.3825999999642136,3.3993000000118627,3.41599999999994,3.432599999964168,3.4493000000118172,3.466800000011972,3.4825999999641226,3.5010999999642536,3.515999999999849,3.5325999999643045,3.5493000000119537,3.565899999976182,3.582599999964259,3.599300000011908,3.6159999999999854,3.6325999999642136,3.6493000000118627,3.6663000000119155,3.6829999999999927,3.6993000000118172,3.7160999999641717,3.7325000000000728,3.74919999998815,3.7666999999880773,3.7829999999999018,3.7991999999881045,3.816000000000031,3.832599999964259,3.849300000011908,3.8658999999761363,3.8825999999642136,3.89939999997614,3.91599999999994,3.933999999999969,3.9493000000118172,3.9659999999998945,3.9825999999641226,3.9993000000117718,4.016099999964126,4.032999999999902,4.049499999999853,4.065699999988055,4.082599999964259,4.099399999976185,4.115899999976136,4.132599999964214,4.149300000011863,4.165899999976091,4.183499999999867,4.2000000000000455,4.216699999988123,4.232599999964123,4.249300000011772,4.266699999988077,4.2825999999643045,4.299300000011954,4.316099999964308,4.332599999964259,4.349300000011908,4.3659999999999854,4.382599999964214,4.399300000011863,4.415899999976091,4.432499999999891,4.4493999999760945,4.466499999999996]",0.016651866,0.000548842,269.0,right,1.0,,,,,,2.0,0.0,12.0,0.5,-4.838102213,1.0,0.112693256,-0.223483115,88.0,0.001745329,0.416906428,0.03407937,0.068935353,0.194962658,5.0,1.639425549,0.136827861,46.0,-8.92894e-14,0.385892478,0.022689461,0.062794509,0.135276835,6.0,0.103300722,-0.20513481,75.0,-0.006981317,0.404601252,0.036318328,0.07284169,0.209916045,6.0,0.300911034,-0.566145353,29.0,-0.000872665,0.374372435,0.035828607,0.080766738,0.158410304,4.0,0.449732962,-0.782994811,75.0,-0.006981317,0.404601252,0.036318328,0.07284169,0.209916045,6.0,0.473505617,-0.811673359,97.0,0.006981317,0.43254107,0.031598025,0.077611504,0.241207486,6.0,1.06484708,-0.847840052,77.0,0.006108652,0.406238369,0.034151794,0.067462161,0.265706452,7.0,1.392883712,-0.34836402,11.0,-0.013089969,0.357861323,0.044486954,0.075207378,0.243622836,5.0,1.398964462,-0.336938845,2.0,0.008726646,0.338473989,0.032964075,0.086271212,0.185208292,4.0,1.332488477,-0.45877468,99.0,-0.003490659,0.442500629,0.032492338,0.059723416,0.160754516,4.0,2.870305669,0.516342002,62.0,-0.006981317,0.395568746,0.03641844,0.082091507,0.288170754,7.0,0.571549228,-0.909923031,32.0,0.007853982,0.376580194,0.027808234,0.064839678,0.152904525,6.0,,,,,,,0.6184,,0.0,9.0,9.0,9.0,1.0,,,,,,,,,,,,,,,,,,,,,,,,,,,,0
S070,2,2024-11-21_13h14.36.924,MotivatedInference,2024.1.5,Win32,60.24096386,668be8e87e83611e680fb3ab,{{%SESSION_ID%},Chrome,,,,,,,,,,,,,,,,,,,,,,,,,,,,,,1.0,,,,,,,,6.0,,,,,,,,,conditions/conds_180.csv,2.0,0.0,,,,,,,,,1128.33,1131.4296,"[0.003000000000156433,0.016300000012051896,0.032899999976280014,0.049500000000080036,0.06700000000000728,0.08430000001203553,0.10050000000001091,0.11610000002383458,0.13289999997618906,0.14950000000021646,0.16610000002401648,0.18289999997637096,0.19969999998829735,0.2175000000002001,0.23300000000017462,0.2495000000001255,0.2663000000120519,0.2828000000120028,0.29950000000008004,0.3161999999881573,0.33289999997623454,0.3503000000121119,0.36689999997634004,0.38289999997618906,0.3996000000238382,0.4161000000240165,0.43280000001209373,0.44969999998829735,0.46619999998824824,0.48280000001204826,0.4995000000001255,0.5161999999882028,0.53289999997628,0.54950000000008,0.5663000000120064,0.5826000000240583,0.5995000000000346,0.6163999999762382,0.6328999999761891,0.6496000000238382,0.6661999999882937,0.6828000000120937,0.6993999999763219,0.7161999999882482,0.7328000000120483,0.7495000000001255,0.7661000000239255,0.7838000000119791,0.8010000000001583,0.8163000000120064,0.8328000000119573,0.8496000000238837,0.8666999999882137,0.8830000000000382,0.8995000000002165,0.9161999999882937,0.932899999976371,0.949500000000171,0.9663000000120974,0.9828999999763255,0.9993999999762764,1.0161000000239255,1.03289999997628,1.04950000000008,1.0663000000120064,1.0828000000119573,1.0995000000000346,1.11689999997634,1.13269999998829,1.1495000000002165,1.1661999999882937,1.1828000000120937,1.1996000000240201,1.2163999999763746,1.2328999999763255,1.2495000000001255,1.266300000012052,1.2826999999881536,1.299399999976231,1.31610000002388,1.3328999999762345,1.3496000000238837,1.3670000000001892,1.3830000000000382,1.3995000000002165,1.4161000000240165,1.4326000000239674,1.4496999999882973,1.4663000000120974,1.4830000000001746,1.5001000000238491,1.516300000012052,1.53289999997628,1.54950000000008,1.5666999999882592,1.5828999999762345,1.5996000000238837,1.6168000000120628,1.6336999999882664,1.6495000000002165,1.6661999999882937,1.683699999988221,1.7001999999881718,1.7163000000120974,1.7331000000240238,1.7496000000239746,1.7661000000239255,1.7835000000000036,1.800199999988081,1.8163000000120064,1.8328000000119573,1.8493999999761854,1.8671000000240383,1.8836999999882664,1.8998999999762418,1.9161999999882937,1.932899999976371,1.949500000000171,1.966899999976249,1.9833000000119227,1.9995000000001255,2.0161999999882028,2.033800000011979,2.05030000001193,2.0670000000000073,2.0836000000240347,2.0995000000000346,2.1161000000238346,2.13269999998829,2.1498000000119646,2.166500000000042,2.1833999999762455,2.199800000011919,2.216100000023971,2.2336999999881755,2.249899999976151,2.2661999999882028,2.28289999997628,2.299399999976231,2.3170000000000073,2.3336000000240347,2.350500000000011,2.366199999988112,2.382800000012139,2.4001999999882173,2.4168999999762946,2.4328000000120937,2.449800000011919,2.466100000023971,2.4828000000120483,2.4993999999762764,2.5161999999882028,2.532800000012003,2.54950000000008,2.566899999976158,2.5835000000001855,2.5995000000000346,2.616199999988112,2.63269999998829,2.649199999988241,2.6661000000240165,2.682899999976371,2.700399999976298,2.7166999999881227,2.7331000000240238,2.749899999976151,2.7660000000000764,2.78289999997628,2.79950000000008,2.81610000002388,2.8335000000001855,2.850199999988263,2.8671000000240383,2.8838999999761654,2.899600000023838,2.9161999999882937,2.933100000023842,2.9498999999761963,2.966899999976249,2.982699999988199,3,3.0161000000239255,3.0335000000000036,3.0498000000120555,3.066899999976158,3.08319999998821,3.0993999999761854]",0.016647312,0.000486394,187.0,right,1.0,,,,,,1.0,0.0,8.0,0.5,1.60264155,-1.0,0.65837785,-0.967904848,51.0,-0.000872665,0.388957543,0.039197552,0.074659583,0.215725836,5.0,3.086688756,0.109587256,63.0,0.002617994,0.396190386,0.03208284,0.060740902,0.237954322,6.0,2.501304773,0.958180781,89.0,0.014835299,0.418022232,0.039220845,0.067729576,0.134251055,3.0,1.862045052,0.55011125,74.0,-0.002617994,0.403888444,0.032857311,0.06846285,0.186846183,6.0,1.485611347,-0.169546965,41.0,0.013089969,0.382506884,0.032100804,0.075836611,0.218324429,6.0,2.173144906,0.933730849,30.0,-0.009599311,0.375182725,0.031494597,0.070464671,0.19533995,5.0,2.84530858,0.558493164,79.0,-0.004363323,0.40793127,0.02386995,0.059748747,0.165450333,7.0,1.381286468,-0.370009937,93.0,0.012217305,0.423353751,0.033559225,0.078739299,0.188587653,4.0,0.0,0.0,0.0,0.0,0.0,0.0,0.0,0.0,0.0,0.0,0.0,0.0,0.0,0.0,0.0,0.0,0.0,0.0,0.0,0.0,0.0,0.0,0.0,0.0,0.0,0.0,0.0,0.0,0.0,0.0,0.0,0.0,0.0,0.0,0.0,0.0,,,,,,,0.7668,,0.0,10.0,10.0,10.0,1.0,,,,,,,,,,,,,,,,,,,,,,,,,,,,0
S070,2,2024-11-21_13h14.36.924,MotivatedInference,2024.1.5,Win32,60.24096386,668be8e87e83611e680fb3ab,{{%SESSION_ID%},Chrome,,,,,,,,,,,,,,,,,,,,,,,,,,,,,,1.0,,,,,,,,3.0,,,,,,,,,conditions/conds_180.csv,2.0,0.0,,,,,,,,,1133.1974,1134.9126,"[0.0018000000120537152,0.019000000000005457,0.033200000047827416,0.048600000023952816,0.06570000004762733,0.08190000003583009,0.09940000003575733,0.1153000000119846,0.13190000003578461,0.14860000002386187,0.16540000003578825,0.18200000000001637,0.19870000004766553,0.21530000001189364,0.2319999999999709,0.2486000000239983,0.26530000001207554,0.28190000003587556,0.2986000000239528,0.3154000000358792,0.33210000002395645,0.35010000002398556,0.3656000000239601,0.382100000023911,0.398700000047711,0.4153000000119391,0.43170000004784015,0.4487000000476655,0.466100000023971,0.48190000003592104,0.4992000000477219,0.5156000000238237,0.5321000000240019,0.5486000000239528,0.5653000000120301,0.5824000000357046,0.599200000047631,0.6156000000239601,0.632100000023911,0.6493000000118627,0.6653000000119391,0.6820000000000164,0.6989000000357919,0.7168000000119719,0.731900000035921,0.7488000000118973,0.7654999999999745,0.7829000000358519,0.7984000000358265,0.8153000000120301,0.8319000000358301,0.8486000000239073,0.866300000011961,0.8822000000477601,0.898700000047711,0.9161000000237891,0.9322000000477146,0.9487000000476655,0.9653000000118936,0.981900000035921,0.9997000000478238,1.01580000001195,1.0326000000238764,1.048900000035701,1.066600000023982,1.0820000000001073,1.0989000000358828,1.1154000000358337,1.1324999999999363,1.1486000000238619,1.1653000000119391,1.1820000000000164,1.1987000000476655,1.21550000000002,1.231999999999971,1.2486000000239983,1.2653000000120755,1.2820000000001528,1.2986000000239528,1.31530000001203,1.3320000000001073,1.3488000000120337,1.367100000023811,1.3820000000000618,1.3988000000119882,1.4153000000119391,1.4320000000000164,1.4487000000476655,1.4652000000478438,1.481999999999971,1.499200000047722,1.5154000000359247,1.5320000000001528,1.548700000047802,1.5659000000357537,1.5828000000119573,1.5987000000477565,1.6159999999999854,1.6349000000357137,1.6486000000238619,1.6655000000000655,1.6821000000238655,1.6987000000476655,1.7151000000239947]",0.016633981,0.000704983,104.0,left,1.0,,,,,,2.0,0.0,4.0,0.5,-2.140805033,-1.0,0.698924731,-0.985081931,63.0,0.002617994,0.396190386,0.03208284,0.060740902,0.237954322,6.0,2.065906342,0.836146687,81.0,-0.006981317,0.409724184,0.034267936,0.062711279,0.215248408,5.0,0.735098303,-0.994944114,8.0,-0.008726646,0.353798062,0.040824325,0.088208322,0.256820315,6.0,0.824614876,-0.996925675,41.0,0.013089969,0.382506884,0.032100804,0.075836611,0.218324429,6.0,0.0,0.0,0.0,0.0,0.0,0.0,0.0,0.0,0.0,0.0,0.0,0.0,0.0,0.0,0.0,0.0,0.0,0.0,0.0,0.0,0.0,0.0,0.0,0.0,0.0,0.0,0.0,0.0,0.0,0.0,0.0,0.0,0.0,0.0,0.0,0.0,0.0,0.0,0.0,0.0,0.0,0.0,0.0,0.0,0.0,0.0,0.0,0.0,0.0,0.0,0.0,0.0,0.0,0.0,0.0,0.0,0.0,0.0,0.0,0.0,0.0,0.0,0.0,0.0,0.0,0.0,0.0,0.0,0.0,0.0,0.0,0.0,,,,,,,0.8176,,0.0,11.0,11.0,11.0,1.0,,,,,,,,,,,,,,,,,,,,,,,,,,,,0
S070,2,2024-11-21_13h14.36.924,MotivatedInference,2024.1.5,Win32,60.24096386,668be8e87e83611e680fb3ab,{{%SESSION_ID%},Chrome,,,,,,,,,,,,,,,,,,,,,,,,,,,,,,0.0,,,,,,,,11.0,,,,,,,,,conditions/conds_180.csv,2.0,0.0,,,,,,,,,1138.0465,1142.5127,"[0.0036999999881572876,0.016899999976203617,0.032800000012002783,0.04960000002392917,0.06619999998815729,0.08300000000008367,0.09969999998816093,0.11630000001196095,0.13289999997618906,0.15000000000009095,0.16600000000016735,0.18280000001209373,0.19930000001204462,0.21619999998824824,0.23280000001204826,0.2495000000001255,0.26669999998807725,0.2828000000120028,0.29950000000008004,0.3161999999881573,0.3328000000119573,0.34950000000003456,0.36689999997634004,0.3828000000121392,0.39950000000021646,0.4161999999882937,0.43289999997637096,0.44989999997619634,0.46619999998824824,0.4828999999763255,0.4995000000001255,0.5166000000240274,0.5328000000120028,0.5493000000119537,0.5661999999881573,0.5828000000119573,0.5996000000238837,0.6161999999881118,0.6326999999882901,0.6495000000002165,0.6661000000240165,0.682899999976371,0.699500000000171,0.7158999999762727,0.7328000000120483,0.7493999999762764,0.7661999999882028,0.7830000000001291,0.8003999999762073,0.8161999999881573,0.8326999999881082,0.8491999999882864,0.866100000024062,0.8828000000121392,0.8996999999881155,0.9161000000240165,0.932899999976371,0.9498999999761963,0.9663000000120974,0.9828000000120483,0.9995000000001255,1.0168999999762036,1.0328000000120028,1.049399999976231,1.0670000000000073,1.0828000000119573,1.100300000012112,1.11689999997634,1.1330000000000382,1.1501999999882173,1.1668999999762946,1.1828000000120937,1.1996000000240201,1.2161999999882482,1.2328999999763255,1.2503999999762527,1.2666999999880773,1.2828000000120028,1.29950000000008,1.3161999999881573,1.3326999999881082,1.3495000000000346,1.366100000024062,1.382899999976189,1.3995000000002165,1.4161000000240165,1.43300000000022,1.449500000000171,1.4661999999882482,1.4828000000120483,1.4996000000239746,1.5161999999882028,1.5328000000120028,1.549399999976231,1.56610000002388,1.5828000000119573,1.5993999999761854,1.616100000024062,1.6330000000000382,1.6496000000238382,1.6661000000240165,1.6828000000120937,1.6993999999763219,1.716100000023971,1.733199999988301,1.7495000000001255,1.7661999999882028,1.7831999999882555,1.799399999976231,1.81610000002388,1.8328999999762345,1.8495000000000346,1.8661999999881118,1.8828000000121392,1.8995000000002165,1.9168999999762946,1.9328000000120937,1.9493999999763219,1.966100000023971,1.9828999999763255,1.9995000000001255,2.0161000000239255,2.032800000012003,2.05030000001193,2.066899999976158,2.0828999999762345,2.0996000000238837,2.116199999988112,2.133399999976291,2.1493999999763673,2.1660000000001673,2.1835000000000946,2.199500000000171,2.2161999999882482,2.2336000000238982,2.250100000023849,2.2665000000001783,2.282800000012003,2.29950000000008,2.3161999999881573,2.332699999988108,2.3495000000000346,2.366100000024062,2.382800000012139,2.40010000002394,2.4161999999882937,2.4326999999882446,2.4506999999882737,2.4661999999882482,2.4828000000120483,2.4993999999762764,2.5158999999762273,2.5326999999881536,2.549399999976231,2.5661999999881573,2.5828000000119573,2.5995000000000346,2.616000000000213,2.632800000012139,2.6501999999882173,2.6660000000001673,2.68300000000022,2.699500000000171,2.7161999999882482,2.7328000000120483,2.7493999999762764,2.7661000000239255,2.7826999999881536,2.79950000000008,2.81610000002388,2.8328000000119573,2.8495000000000346,2.866199999988112,2.882899999976189,2.8996999999881155,2.9168000000120173,2.9326999999882446,2.949500000000171,2.966100000023971,2.9828999999763255,2.9995000000001255,3.0161000000239255,3.032800000012003,3.049399999976231,3.06610000002388,3.0830000000000837,3.0995000000000346,3.116199999988112,3.133399999976291,3.1501999999882173,3.166500000000042,3.182899999976371,3.199399999976322,3.216899999976249,3.2336000000238982,3.2493999999762764,3.2661000000239255,3.282800000012003,3.29950000000008,3.3161999999881573,3.3328000000119573,3.350399999976162,3.366800000012063,3.382899999976189,3.3993999999763673,3.4170000000001437,3.4328000000120937,3.449399999976322,3.466100000023971,3.4830000000001746,3.4993999999762764,3.5161999999882028,3.5333999999761545,3.549399999976231,3.566000000000031,3.582699999988108,3.5995000000000346,3.617000000000189,3.63269999998829,3.6495000000002165,3.6661000000240165,3.6826999999882446,3.699500000000171,3.716100000023971,3.732699999988199,3.7493999999762764,3.7670000000000528,3.7825000000000273,3.799399999976231,3.816600000023982,3.83319999998821,3.8493999999761854,3.866100000024062,3.8831999999881646,3.8995000000002165,3.9168000000120173,3.9328000000120937,3.949500000000171,3.9661999999882482,3.982699999988199,3.9995000000001255,4.016000000000076,4.032800000012003,4.049300000011954,4.06610000002388,4.082800000011957,4.099399999976185,4.116100000024062,4.132800000012139,4.1503000000120664,4.166600000023891,4.183600000023944,4.199899999976196,4.216100000023971,4.232600000023922,4.249399999976276,4.26580000001195,4.282699999988154,4.299399999976231,4.31610000002388,4.332800000011957,4.349500000000035,4.366100000024062,4.382800000012139,4.400199999988217,4.4161000000240165,4.432800000012094,4.449399999976322,4.466000000000122]",0.016650373,0.000433013,269.0,right,1.0,,,,,,2.0,0.0,12.0,0.5,-2.544840385,1.0,3.128644374,0.025893665,38.0,-0.004363323,0.380540373,0.035789754,0.080850361,0.267900983,7.0,2.982938435,0.312010497,11.0,-0.013089969,0.357861323,0.044486954,0.075207378,0.243622836,5.0,1.49227117,-0.156405507,32.0,0.007853982,0.376580194,0.027808234,0.064839678,0.152904525,6.0,1.05947586,-0.853487224,10.0,-0.004363323,0.356575755,0.034939804,0.084929929,0.233599272,6.0,2.927304963,0.415575451,87.0,0.006108652,0.415699595,0.038834066,0.066745096,0.25903141,5.0,2.970359892,0.33581046,28.0,0.006108652,0.373747518,0.036497013,0.082304542,0.218348002,5.0,1.815626568,0.470326294,97.0,0.006981317,0.43254107,0.031598025,0.077611504,0.241207486,6.0,1.238814458,-0.616243349,46.0,-8.92894e-14,0.385892478,0.022689461,0.062794509,0.135276835,6.0,1.098509402,-0.810247245,29.0,-0.000872665,0.374372435,0.035828607,0.080766738,0.158410304,4.0,0.135213751,-0.267143427,27.0,-0.002617994,0.373032979,0.031793157,0.076653108,0.191027089,4.0,0.496564884,-0.837739153,14.0,-0.004363323,0.361562951,0.033827978,0.08680928,0.200727788,5.0,1.271675214,-0.563190847,75.0,-0.006981317,0.404601252,0.036318328,0.07284169,0.209916045,6.0,,,,,,,0.6352,,0.0,12.0,12.0,12.0,1.0,,,,,,,,,,,,,,,,,,,,,,,,,,,,0
S070,2,2024-11-21_13h14.36.924,MotivatedInference,2024.1.5,Win32,60.24096386,668be8e87e83611e680fb3ab,{{%SESSION_ID%},Chrome,,,,,,,,,,,,,,,,,,,,,,,,,,,,,,0.0,,,,,,,,9.0,,,,,,,,,conditions/conds_180.csv,2.0,0.0,,,,,,,,,1144.1627,1148.6312,"[0.0036999999881572876,0.016600000024027395,0.03330000001210465,0.04990000003590467,0.06650000000013279,0.0839000000357828,0.10040000003573368,0.11650000000008731,0.1333000000120137,0.14980000001196458,0.16730000001189183,0.18390000003591922,0.20060000002399647,0.21730000001207372,0.23330000001192275,0.25019999998812636,0.26730000001202825,0.28330000001210465,0.3006000000239055,0.3168000000121083,0.33319999998821004,0.35060000002386005,0.36690000003591194,0.38319999998816456,0.4006000000238146,0.41660000002389097,0.4338000000120701,0.45069999998804633,0.4671999999882246,0.4831999999880736,0.49990000003595014,0.5169000000357755,0.5336000000238528,0.5498000000120555,0.5666000000239819,0.5839000000357828,0.6006999999881373,0.6165000000000873,0.6340000000000146,0.650000000000091,0.6673000000118918,0.6839000000359192,0.7000000000000455,0.7164999999999964,0.734000000000151,0.750600000023951,0.7665000000001783,0.7831999999882555,0.8008000000120319,0.8171999999881336,0.8331000000239328,0.8499000000358592,0.8665000000000873,0.8831000000238873,0.8998000000119646,0.9171000000239928,0.9331999999881191,0.9499000000357682,0.9664999999999964,0.9831999999880736,1.000600000023951,1.0165000000001783,1.0340000000001055,1.0496000000239292,1.0681000000238328,1.0839000000357828,1.1006999999881373,1.11640000003581,1.1331000000238873,1.1498000000119646,1.1666999999881682,1.183699999988221,1.2000000000000455,1.2164999999999964,1.2329000000358974,1.249800000012101,1.2665000000001783,1.2831000000239783,1.2998000000120555,1.3165000000001328,1.3331000000239328,1.3499000000358592,1.36640000003581,1.3831000000238873,1.3999000000358137,1.4165000000000418,1.433199999988119,1.449800000011919,1.4674000000359229,1.4839000000358737,1.5001000000238491,1.5166000000240274,1.53369999998813,1.5496000000239292,1.5661999999881573,1.58319999998821,1.599699999988161,1.6165000000000873,1.6331000000238873,1.6496999999881155,1.6665000000000418,1.683199999988119,1.69969999998807,1.7166000000238455,1.7331999999880736,1.749800000012101,1.7673000000120282,1.7831999999882555,1.7999000000359047,1.817400000035832,1.83400000000006,1.8503000000118845,1.8668000000120628,1.8831999999881646,1.8996000000238382,1.9164000000357646,1.9331000000238419,1.9500000000000455,1.9666000000238455,1.9831999999880736,1.9999000000359501,2.017100000023902,2.0331999999882555,2.050800000012032,2.066500000000133,2.083100000023933,2.099699999988161,2.1165000000000873,2.1331000000238873,2.1498000000119646,2.1664000000357646,2.1833000000119682,2.201999999999998,2.2171999999882246,2.233500000000049,2.250100000023849,2.2665000000001783,2.2831000000239783,2.3006000000239055,2.316500000000133,2.333100000023933,2.34980000001201,2.36640000003581,2.3831000000238873,2.4001999999882173,2.416500000000042,2.433199999988119,2.4499000000357682,2.4664999999999964,2.4831000000240238,2.499699999988252,2.516400000035901,2.5335000000000036,2.549600000023929,2.5676999999882355,2.5830000000000837,2.5996000000238837,2.61640000003581,2.6331000000238873,2.6499000000358137,2.666500000000042,2.683100000023842,2.7006000000239965,2.7171999999882246,2.733400000035772,2.74990000003595,2.767199999988179,2.7839000000358283,2.7998000000120555,2.8171999999881336,2.834100000023909,2.8506999999881373,2.866900000035912,2.883600000023989,2.9004999999999654,2.9169000000358665,2.933100000023842,2.9499000000357682,2.9664999999999964,2.9831000000240238,3.000600000023951,3.016400000035901,3.033000000000129,3.0496999999882064,3.066500000000133,3.08319999998821,3.1003000000118845,3.1165000000000873,3.1331000000238873,3.15090000003579,3.167300000011892,3.183199999988119,3.19969999998807,3.2164999999999964,3.2330000000001746,3.2495000000001255,3.2670000000000528,3.2831000000239783,3.2998000000120555,3.316500000000133,3.33319999998821,3.349900000035859,3.36640000003581,3.3831999999881646,3.3998000000119646,3.4164000000357646,3.433100000023842,3.449800000011919,3.4670000000000982,3.4844000000357482,3.5011000000238255,3.5174000000358774,3.5331000000239783,3.54950000000008,3.5676999999882355,3.583900000035783,3.60060000002386,3.6166999999882137,3.6336999999882664,3.649600000023838,3.6664000000357646,3.683199999988119,3.700199999988172,3.7164999999999964,3.733500000000049,3.7506999999882282,3.767199999988179,3.7841000000239546,3.7996999999882064,3.816500000000133,3.833300000012059,3.8500000000001364,3.866800000012063,3.8831000000238873,3.8996999999881155,3.9164000000357646,3.933100000023842,3.94969999998807,3.9664000000359465,3.9831000000240238,3.999800000012101,4.016500000000178,4.033500000000004,4.0498000000120555,4.066300000012006,4.082800000011957,4.099699999988161,4.11640000003581,4.133100000023887,4.1496999999881155,4.1661000000240165,4.183199999988119,4.19960000002402,4.2164000000359465,4.233100000024024,4.249600000023975,4.266400000035901,4.283100000023978,4.2998000000120555,4.317199999988134,4.33400000000006,4.3503000000118845,4.367100000023811,4.383100000023887,4.3996999999881155,4.416400000035765,4.43380000001207,4.449900000035768,4.468199999988201]",0.016658582,0.000534937,269.0,left,0.0,,,,,,1.0,0.0,12.0,0.5,1.432323236,-1.0,0.787774978,-0.999988702,66.0,-0.006108652,0.398200129,0.038012219,0.074472022,0.208169201,4.0,1.901180693,0.613723964,70.0,0.007853982,0.401012824,0.032375196,0.060909739,0.168550131,4.0,1.756886735,0.363647805,87.0,0.006108652,0.415699595,0.038834066,0.066745096,0.25903141,5.0,1.182102371,-0.701420053,53.0,-0.003490659,0.390095866,0.043303837,0.083823939,0.349451294,6.0,3.086738869,0.109487633,46.0,-8.92894e-14,0.385892478,0.022689461,0.062794509,0.135276835,6.0,2.123951938,0.894052338,35.0,0.01134464,0.378665605,0.034694997,0.068673497,0.233172687,6.0,2.540572945,0.932776145,28.0,0.006108652,0.373747518,0.036497013,0.082304542,0.218348002,5.0,3.100536556,0.082019954,70.0,0.007853982,0.401012824,0.032375196,0.060909739,0.168550131,4.0,1.911852337,0.63043387,47.0,-0.003490659,0.386485672,0.032547094,0.064121381,0.201087455,6.0,1.553188574,-0.035208227,8.0,-0.008726646,0.353798062,0.040824325,0.088208322,0.256820315,6.0,0.325784536,-0.606434773,42.0,0.010471976,0.383208229,0.034272345,0.075051408,0.167478928,5.0,1.645692739,0.149233281,70.0,0.007853982,0.401012824,0.032375196,0.060909739,0.168550131,4.0,,,,,,,0.7828,,0.0,13.0,13.0,13.0,1.0,,,,,,,,,,,,,,,,,,,,,,,,,,,,0
S070,2,2024-11-21_13h14.36.924,MotivatedInference,2024.1.5,Win32,60.24096386,668be8e87e83611e680fb3ab,{{%SESSION_ID%},Chrome,,,,,,,,,,,,,,,,,,,,,,,,,,,,,,0.0,,,,,,,,7.0,,,,,,,,,conditions/conds_180.csv,2.0,0.0,,,,,,,,,1150.4137,1153.4792,"[0.0026999999881809345,0.015800000011950033,0.03210000002400193,0.04869999998823005,0.0654000000358792,0.08200000000010732,0.0988000000120337,0.11550000000011096,0.1321999999881882,0.1486999999881391,0.16540000003578825,0.1821000000238655,0.19930000001204462,0.21550000000002,0.2321000000240474,0.24900000000002365,0.2651999999882264,0.28210000002400193,0.2989000000359283,0.3160000000000309,0.3320000000001073,0.3486999999881846,0.3653000000119846,0.38200000000006185,0.39880000001198823,0.41540000003578825,0.43200000000001637,0.4486999999880936,0.46540000003597015,0.4821000000240474,0.49960000002397464,0.5163000000120519,0.5329000000358519,0.5488000000120792,0.5653000000120301,0.5820000000001073,0.5988000000120337,0.6154000000358337,0.6319000000357846,0.6486999999881391,0.6655000000000655,0.6821000000238655,0.6988000000119428,0.7154000000359702,0.7333000000119227,0.7495000000001255,0.7654000000359247,0.7821000000240019,0.7988000000120792,0.8154000000358792,0.8320000000001073,0.8494000000357573,0.865500000000111,0.882100000023911,0.8988000000119882,0.9153000000119391,0.9319000000359665,0.9486999999880936,0.965300000012121,0.9821000000240474,0.9986999999882755,1.0154000000359247,1.032100000024002,1.0488000000120792,1.0655000000001564,1.0820000000001073,1.0988000000120337,1.1154000000358337,1.1320000000000618,1.148699999988139,1.1655000000000655,1.1821999999881427,1.1986999999880936,1.21550000000002,1.2320000000001983,1.2486999999882755,1.2653000000120755,1.282100000024002,1.29869999998823,1.3154000000358792,1.3326999999881082,1.3491999999882864,1.3660000000002128,1.3821999999881882,1.398699999988139,1.4154000000357883,1.4320000000000164,1.4499000000357682,1.4661999999882482,1.4824000000357955,1.49919999998815,1.5154000000359247,1.5320000000001528,1.5498000000120555,1.5654000000358792,1.5820000000001073,1.5991999999882864,1.6154000000358337,1.632900000035761,1.649199999988241,1.6654000000357883,1.6821000000238655,1.6988000000119428,1.7154000000359702,1.7321000000240474,1.7494000000358483,1.7661000000239255,1.7828000000120028,1.7986000000239528,1.8154000000358792,1.8328000000119573,1.8494000000357573,1.8656999999882373,1.8820000000000618,1.898699999988139,1.9153000000119391,1.9321000000238655,1.9486999999880936,1.9654000000359702,1.9820000000001983,1.9986999999882755,2.0161000000239255,2.032800000012003,2.04869999998823,2.0651000000239037,2.0821000000239565,2.0988000000120337,2.1154000000358337,2.132000000000062,2.148699999988139,2.166500000000042,2.182400000035841,2.1991000000239183,2.2156999999881464,2.2321000000240474,2.2486999999882755,2.2661999999882028,2.282199999988279,2.299400000035803,2.315400000035879,2.3321000000239565,2.3486000000239073,2.366199999988112,2.38269999998829,2.398600000023862,2.4154000000357883,2.4321000000238655,2.4486999999880936,2.46540000003597,2.4828000000120483,2.4996000000239746,2.5153000000120755,2.532100000024002,2.548600000023953,2.565400000035879,2.5821000000239565,2.5986000000239073,2.6153000000119846,2.63269999998829,2.6491000000239637,2.665300000011939,2.6820000000000164,2.6986999999880936,2.71540000003597,2.7320000000001983,2.7494000000358483,2.765600000024051,2.782100000024002,2.79869999998823,2.81530000001203,2.8328000000119573,2.8495000000000346,2.8654000000358337,2.882100000023911,2.8988000000119882,2.915300000011939,2.9326999999882446,2.9488000000119428,2.96550000000002,2.9820000000001983,2.9988000000121247,3.0153000000120755,3.0326999999881536,3.049600000023929,3.065400000035879]",0.016645109,0.000475003,185.0,left,1.0,,,,,,2.0,0.0,8.0,0.5,-3.490612457,-1.0,0.854591185,-0.990439923,22.0,-0.006108652,0.369173441,0.034771665,0.081264392,0.215269419,6.0,1.649911139,0.157570195,21.0,-0.010471976,0.368150016,0.035450396,0.075174448,0.223969416,6.0,0.305956882,-0.574435022,28.0,0.006108652,0.373747518,0.036497013,0.082304542,0.218348002,5.0,0.43415138,-0.763233412,46.0,-8.92894e-14,0.385892478,0.022689461,0.062794509,0.135276835,6.0,1.916334867,0.637367507,84.0,-0.002617994,0.412727296,0.032139903,0.078825818,0.191863964,5.0,0.452000773,-0.785808032,60.0,0.008726646,0.394321176,0.024708435,0.063628191,0.162696287,6.0,0.748758482,-0.997316269,66.0,-0.006108652,0.398200129,0.038012219,0.074472022,0.208169201,4.0,0.087606307,-0.174317501,4.0,0.001745329,0.345391377,0.044661649,0.086491224,0.292502374,6.0,0.0,0.0,0.0,0.0,0.0,0.0,0.0,0.0,0.0,0.0,0.0,0.0,0.0,0.0,0.0,0.0,0.0,0.0,0.0,0.0,0.0,0.0,0.0,0.0,0.0,0.0,0.0,0.0,0.0,0.0,0.0,0.0,0.0,0.0,0.0,0.0,,,,,,,0.601,,0.0,14.0,14.0,14.0,1.0,,,,,,,,,,,,,,,,,,,,,,,,,,,,0
S070,2,2024-11-21_13h14.36.924,MotivatedInference,2024.1.5,Win32,60.24096386,668be8e87e83611e680fb3ab,{{%SESSION_ID%},Chrome,,,,,,,,,,,,,,,,,,,,,,,,,,,,,,0.0,,,,,,,,8.0,,,,,,,,,conditions/conds_180.csv,2.0,0.0,,,,,,,,,1155.0636,1158.1629,"[0.0027999999524581654,0.015899999976227264,0.03209999996420265,0.048799999952279904,0.06550000000015643,0.08209999996438455,0.09869999998818457,0.11609999996426268,0.13289999997618906,0.14879999995241633,0.1658999999763182,0.1823999999762691,0.19869999998809362,0.21539999997617088,0.2319999999999709,0.24959999996417537,0.26579999995237813,0.28209999996420265,0.2987999999522799,0.3153999999763073,0.33209999996438455,0.3487999999524618,0.36550000000011096,0.3820999999643391,0.3986999999881391,0.41539999997621635,0.4320999999642936,0.4486999999880936,0.4653999999761709,0.4820999999642481,0.49929999995242724,0.5154999999999745,0.5330000000001291,0.5487999999522799,0.5653999999763073,0.5820000000001073,0.5987999999524618,0.6153999999762618,0.6327999999523399,0.6487999999524163,0.6653999999762163,0.6820999999642936,0.6987999999523709,0.7160999999643991,0.7319999999999709,0.7486999999880481,0.7653999999761254,0.7820999999642027,0.7987999999522799,0.8155000000001564,0.8320999999643846,0.8492999999523363,0.8652999999524127,0.8827999999523399,0.8998999999762418,0.9153999999762163,0.9320000000000164,0.9487999999523709,0.9653999999761709,0.9820999999642481,0.998599999964199,1.0154999999999745,1.03289999997628,1.04879999995228,1.0652999999524582,1.0820999999643846,1.0995000000000346,1.1165000000000873,1.1320000000000618,1.148699999988139,1.1653999999762163,1.1828999999761436,1.1987999999523709,1.2153999999761709,1.2321999999880973,1.2487999999523254,1.2652999999522763,1.2820999999642027,1.298899999976129,1.3153999999763073,1.3320999999643846,1.3487999999524618,1.3653999999762618,1.382099999964339,1.3987999999524163,1.4155000000000655,1.4320000000000164,1.4486999999880936,1.46550000000002,1.4820999999642481,1.4995000000001255,1.5157999999523781,1.5320999999642027,1.5485000000001037,1.5653999999763073,1.5820999999643846,1.5987999999524618,1.6153999999762618,1.6330999999643154,1.6487999999524163,1.6653999999762163,1.6821999999881427,1.6986999999880936,1.7152999999523217,1.731999999999971,1.7486999999880481,1.7662999999522526,1.7820999999642027,1.79869999998823,1.816000000000031,1.8321999999882337,1.8485999999643354,1.8653999999762618,1.8824999999999363,1.898699999988139,1.9153999999762163,1.9320999999642936,1.94889999997622,1.9653999999761709,1.981999999999971,1.9988999999761745,2.0153999999761254,2.0320999999642027,2.04869999998823,2.065299999952458,2.0830000000000837,2.0995000000000346,2.115500000000111,2.1326999999880627,2.149499999999989,2.165799999952469,2.1820999999642936,2.1985999999642445,2.215399999976171,2.2316999999882228,2.248699999988048,2.2652999999522763,2.282000000000153,2.2992999999523818,2.316099999964308,2.3320999999643846,2.3486999999881846,2.366199999988112,2.382099999964339,2.398699999988139,2.4153999999762163,2.4320000000000164,2.449599999964221,2.466299999952298,2.4822999999523745,2.4992999999524272,2.5162999999522526,2.532799999952431,2.548899999976129,2.5653999999763073,2.582599999964259,2.600500000000011,2.6159999999999854,2.632000000000062,2.6487999999524163,2.6655000000000655,2.6820000000000164,2.6986999999880936,2.715399999976171,2.731999999999971,2.748699999988048,2.7654999999999745,2.782000000000153,2.79869999998823,2.8162999999524345,2.8321999999882337,2.848899999976311,2.865799999952287,2.882099999964339,2.8995999999642663,2.91599999999994,2.932399999976269,2.949000000000069,2.965399999976171,2.9818999999761218,2.998699999988048,3.0153999999761254,3.0320999999642027,3.04869999998823,3.065299999952458,3.0820999999643846,3.09909999996421]",0.016646774,0.000498077,187.0,left,0.0,,,,,,2.0,0.0,8.0,0.5,-0.343909057,1.0,2.809611958,0.616241501,41.0,0.013089969,0.382506884,0.032100804,0.075836611,0.218324429,6.0,0.541067276,-0.882961872,38.0,-0.004363323,0.380540373,0.035789754,0.080850361,0.267900983,7.0,2.625746414,0.858169081,69.0,-0.001745329,0.400311091,0.03773135,0.078132351,0.241087639,6.0,2.894016176,0.475166241,26.0,-8.92894e-14,0.37233788,0.03804093,0.07765862,0.260457405,6.0,0.356685013,-0.654385763,78.0,0.004363323,0.407032945,0.030231373,0.057417546,0.211999481,6.0,0.602699866,-0.933982123,93.0,0.012217305,0.423353751,0.033559225,0.078739299,0.188587653,4.0,2.129342913,0.898830188,22.0,-0.006108652,0.369173441,0.034771665,0.081264392,0.215269419,6.0,0.402612308,-0.720986309,80.0,0.000872665,0.408817555,0.034279956,0.069360427,0.160822937,4.0,0.0,0.0,0.0,0.0,0.0,0.0,0.0,0.0,0.0,0.0,0.0,0.0,0.0,0.0,0.0,0.0,0.0,0.0,0.0,0.0,0.0,0.0,0.0,0.0,0.0,0.0,0.0,0.0,0.0,0.0,0.0,0.0,0.0,0.0,0.0,0.0,,,,,,,0.6577,,0.0,15.0,15.0,15.0,1.0,,,,,,,,,,,,,,,,,,,,,,,,,,,,0
S070,2,2024-11-21_13h14.36.924,MotivatedInference,2024.1.5,Win32,60.24096386,668be8e87e83611e680fb3ab,{{%SESSION_ID%},Chrome,,,,,,,,,,,,,,,,,,,,,,,,,,,,,,0.0,,,,,,,,1.0,,,,,,,,,conditions/conds_180.csv,2.0,0.0,,,,,,,,,1159.8003,1161.5297,"[0.0016999999882045813,0.0153999999761254,0.028800000011869997,0.050099999964231756,0.062300000011873635,0.08300000000008367,0.0989999999999327,0.11200000000008004,0.1333000000120137,0.1460999999642354,0.16630000001191547,0.1794999999999618,0.19900000000006912,0.21280000001183907,0.2315000000000964,0.25009999996427723,0.2619999999999436,0.28300000000012915,0.2956999999880736,0.3143999999761036,0.32869999998820276,0.3498999999762873,0.36550000000011096,0.3786999999881573,0.3955000000000837,0.41569999998819185,0.4313000000120155,0.4483000000118409,0.4628000000118391,0.4828999999760981,0.4954999999999927,0.5150000000001,0.5288999999761472,0.5495999999643573,0.5628000000119755,0.5833000000118318,0.5955000000001291,0.6163999999762382,0.6290000000001328,0.6498000000119646,0.6621999999881609,0.6836999999879936,0.6994999999999436,0.7120999999642663,0.7285999999642172,0.7460999999643718,0.7650000000001,0.7793999999762491,0.7991999999881045,0.8160000000000309,0.8288000000120519,0.8495999999643118,0.8623999999761054,0.8788999999762837,0.8996999999881155,0.9123000000120101,0.9340999999642463,0.946199999988039,0.9653999999761709,0.9786999999880663,0.9998000000118736,1.015699999988101,1.0291999999881227,1.0483999999762545,1.065199999988181,1.0789999999999509,1.0960000000000036,1.1145000000001346,1.1291999999880318,1.1498999999762418,1.1663000000119155,1.1788999999762382,1.1995999999642208,1.212800000011839,1.2338000000120246,1.2460000000000946,1.2653999999761254,1.2818999999760763,1.2960000000000491,1.3120000000001255,1.3295000000000528,1.3489999999999327,1.36200000000008,1.38430000001199,1.3988000000119882,1.4118000000119082,1.4291999999882137,1.44969999998807,1.4623999999762418,1.4828000000120483,1.4995999999641754,1.5120999999642208,1.533099999964179,1.5461999999881755,1.5655999999642063,1.5795000000000528,1.5983000000119318,1.612699999988081,1.6323000000120373,1.6458000000118318,1.6626999999880354,1.68309999996427,1.6956999999881646,1.71630000001187,1.729099999964319]",0.016609615,0.00327489,105.0,left,1.0,,,,,,1.0,0.0,4.0,0.5,-0.328511098,1.0,2.806832393,0.62061009,65.0,0.000872665,0.397557211,0.028332609,0.059251996,0.151978572,5.0,0.434368976,-0.763514527,24.0,-0.000872665,0.370951047,0.044446314,0.068882508,0.271498611,5.0,2.829407328,0.584586778,11.0,-0.013089969,0.357861323,0.044486954,0.075207378,0.243622836,5.0,0.439572191,-0.770193439,57.0,0.007853982,0.392441245,0.040602447,0.07130778,0.218867016,4.0,0.0,0.0,0.0,0.0,0.0,0.0,0.0,0.0,0.0,0.0,0.0,0.0,0.0,0.0,0.0,0.0,0.0,0.0,0.0,0.0,0.0,0.0,0.0,0.0,0.0,0.0,0.0,0.0,0.0,0.0,0.0,0.0,0.0,0.0,0.0,0.0,0.0,0.0,0.0,0.0,0.0,0.0,0.0,0.0,0.0,0.0,0.0,0.0,0.0,0.0,0.0,0.0,0.0,0.0,0.0,0.0,0.0,0.0,0.0,0.0,0.0,0.0,0.0,0.0,0.0,0.0,0.0,0.0,0.0,0.0,0.0,0.0,,,,,,,0.7994,,0.0,16.0,16.0,16.0,1.0,,,,,,,,,,,,,,,,,,,,,,,,,,,,0
S070,2,2024-11-21_13h14.36.924,MotivatedInference,2024.1.5,Win32,60.24096386,668be8e87e83611e680fb3ab,{{%SESSION_ID%},Chrome,,,,,,,,,,,,,,,,,,,,,,,,,,,,,,0.0,,,,,,,,3.0,,,,,,,,,conditions/conds_180.csv,2.0,0.0,,,,,,,,,1163.3292,1165.0631,"[0.0028000000120300683,0.01950000000010732,0.03380000001197914,0.05290000003583373,0.06710000002385641,0.08730000001196458,0.10000000000013642,0.12049999999999272,0.13340000003586283,0.154400000035821,0.16690000003586647,0.1875,0.1998000000119191,0.22060000002397828,0.23319999998807361,0.25269999998818093,0.2663000000120519,0.28760000002398556,0.30040000003577916,0.3205000000000382,0.33410000002390916,0.35319999998819185,0.36690000003568457,0.38690000003589375,0.4001000000239401,0.42080000001192275,0.43340000003581736,0.45390000003590103,0.466900000035821,0.4838000000120246,0.5001999999881264,0.5201999999881082,0.5339000000358283,0.5544000000356846,0.5671999999881336,0.5860000000000127,0.60349999999994,0.6203000000118664,0.633699999988039,0.6549000000356955,0.6665000000000418,0.6871999999880245,0.7031000000238237,0.7183000000120501,0.7359000000358265,0.7496999999880245,0.7706000000239328,0.7838000000119791,0.8043000000120628,0.8206000000238873,0.83319999998821,0.8531000000239146,0.8671000000238109,0.8866000000239183,0.9034000000358446,0.9164000000357646,0.9338000000118427,0.9534000000357992,0.9694999999999254,0.9829000000358974,1.004100000023982,1.0171000000239019,1.0374000000358592,1.053000000000111,1.0699999999999363,1.0866000000239637,1.0996000000238837,1.1171999999880882,1.1371000000237927,1.1504999999999654,1.16960000002382,1.183699999988221,1.2035000000000764,1.2171000000239474,1.2329999999999472,1.2536999999881573,1.2699999999999818,1.2830000000001291,1.3029000000358337,1.3164000000358556,1.33319999998821,1.3538000000119155,1.3666000000239364,1.38719999998807,1.4026999999880445,1.4163000000119155,1.4331000000238419,1.453900000035901,1.4671999999882246,1.4861999999880027,1.5005000000001019,1.5204000000358064,1.5335000000000036,1.5529000000358337,1.5664000000358556,1.5871999999881155,1.6001999999880354,1.617100000023811,1.6376000000238946,1.6498000000119646,1.6706999999880736,1.683699999988221,1.7001999999881718,1.7193000000120264,1.7336999999881755]",0.016643269,0.00313828,105.0,left,1.0,,,,,,2.0,0.0,4.0,0.5,-2.140805033,-1.0,0.698924731,-0.985081931,63.0,0.002617994,0.396190386,0.03208284,0.060740902,0.237954322,6.0,2.065906342,0.836146687,81.0,-0.006981317,0.409724184,0.034267936,0.062711279,0.215248408,5.0,0.735098303,-0.994944114,8.0,-0.008726646,0.353798062,0.040824325,0.088208322,0.256820315,6.0,0.824614876,-0.996925675,41.0,0.013089969,0.382506884,0.032100804,0.075836611,0.218324429,6.0,0.0,0.0,0.0,0.0,0.0,0.0,0.0,0.0,0.0,0.0,0.0,0.0,0.0,0.0,0.0,0.0,0.0,0.0,0.0,0.0,0.0,0.0,0.0,0.0,0.0,0.0,0.0,0.0,0.0,0.0,0.0,0.0,0.0,0.0,0.0,0.0,0.0,0.0,0.0,0.0,0.0,0.0,0.0,0.0,0.0,0.0,0.0,0.0,0.0,0.0,0.0,0.0,0.0,0.0,0.0,0.0,0.0,0.0,0.0,0.0,0.0,0.0,0.0,0.0,0.0,0.0,0.0,0.0,0.0,0.0,0.0,0.0,,,,,,,0.679,,0.0,17.0,17.0,17.0,1.0,,,,,,,,,,,,,,,,,,,,,,,,,,,,0
S070,2,2024-11-21_13h14.36.924,MotivatedInference,2024.1.5,Win32,60.24096386,668be8e87e83611e680fb3ab,{{%SESSION_ID%},Chrome,,,,,,,,,,,,,,,,,,,,,,,,,,,,,,-1.0,,,,,,,,8.0,,,,,,,,,conditions/conds_180.csv,2.0,0.0,,,,,,,,,1168.13,1171.2298,"[0.0029999999999290594,0.01589999997599989,0.03189999997607629,0.048699999988002673,0.06549999999992906,0.08210000002372908,0.09880000001180633,0.1163999999760108,0.13289999997618906,0.14880000001176086,0.1654999999998381,0.1828999999761436,0.1994999999999436,0.21610000002374363,0.23289999997609812,0.24880000001189728,0.26549999999997453,0.2826000000238764,0.29980000001182816,0.3156999999880554,0.33199999999987995,0.34950000000003456,0.3658999999761363,0.3821000000236836,0.39880000001176086,0.41619999998806634,0.43260000002374,0.44880000001194276,0.46550000000002,0.48299999999994725,0.49960000002374727,0.5161000000236982,0.5329999999999018,0.5496000000237018,0.5660000000000309,0.5821999999880063,0.5991000000237818,0.6154999999998836,0.6328000000119118,0.6491000000237364,0.6654999999998381,0.6823000000117645,0.6988000000119428,0.7153999999761709,0.7329999999999472,0.7488999999761745,0.7653000000118482,0.7828000000117754,0.7996000000237018,0.8161999999879299,0.8331000000237054,0.8493000000119082,0.8661999999881118,0.8821000000236836,0.8986999999879117,0.9154999999998381,0.9321999999879154,0.9488000000119428,0.9653999999761709,0.9828999999760981,0.9988999999761745,1.0154999999999745,1.0321999999880518,1.0496000000237018,1.06539999997608,1.082100000023729,1.0995000000000346,1.1208000000117408,1.1318000000119355,1.1483999999761636,1.1668999999760672,1.1821999999879154,1.1988000000119428,1.2153999999761709,1.23210000002382,1.2494999999998981,1.26580000001195,1.2819999999999254,1.2986999999880027,1.315499999999929,1.3326999999881082,1.3495000000000346,1.3656000000237327,1.3828000000119118,1.3986999999879117,1.416100000023789,1.4321000000238655,1.4488000000119428,1.4653000000118936,1.4828000000118209,1.4991999999879226,1.5154999999999745,1.5321999999880518,1.5486999999880027,1.565499999999929,1.582100000023729,1.5995000000000346,1.6161999999881118,1.63310000002366,1.6486999999879117,1.6668999999760672,1.6828999999761436,1.6983999999761181,1.71550000000002,1.73210000002382,1.7486999999880481,1.7653999999761254,1.7821000000237746,1.7988000000118518,1.81539999997608,1.8326999999881082,1.8488999999760836,1.8653999999760345,1.8829999999998108,1.899499999999989,1.915399999975989,1.9320000000000164,1.9491999999879681,1.965699999987919,1.981999999999971,1.9988000000118973,2.0161999999879754,2.0326999999879263,2.0491000000238273,2.06539999997608,2.082100000023729,2.0995000000000346,2.1154999999998836,2.132199999987961,2.1486999999879117,2.165499999999838,2.18260000002374,2.1994999999999436,2.215399999976171,2.2329999999999472,2.248699999988048,2.266100000023698,2.2821000000237746,2.2986999999880027,2.31619999998793,2.333300000011832,2.349100000023782,2.3653999999760345,2.3819999999998345,2.399600000023838,2.4163000000119155,2.4321999999879154,2.4486999999880936,2.4661000000237436,2.4826999999879718,2.499100000023873,2.515699999988101,2.5321000000237746,2.5486000000237254,2.56619999998793,2.5823999999761327,2.5988000000118063,2.6161000000238346,2.632999999999811,2.648800000011761,2.665399999975989,2.6823999999760417,2.6986999999880936,2.715399999976171,2.7323000000119464,2.748699999988048,2.765699999988101,2.782399999976178,2.7986999999880027,2.8151000000236763,2.832699999988108,2.8489999999999327,2.8654999999998836,2.8821000000236836,2.898800000011761,2.915399999975989,2.9320000000000164,2.94969999998807,2.96550000000002,2.98210000002382,2.9996000000237473,3.0163999999761018,3.0321000000237746,3.049600000023702,3.0658000000119046,3.081899999976031,3.0995000000000346]",0.016647849,0.000800686,187.0,right,1.0,,,,,,2.0,0.0,8.0,0.5,-0.343909057,1.0,2.809611958,0.616241501,41.0,0.013089969,0.382506884,0.032100804,0.075836611,0.218324429,6.0,0.541067276,-0.882961872,38.0,-0.004363323,0.380540373,0.035789754,0.080850361,0.267900983,7.0,2.625746414,0.858169081,69.0,-0.001745329,0.400311091,0.03773135,0.078132351,0.241087639,6.0,2.894016176,0.475166241,26.0,-8.92894e-14,0.37233788,0.03804093,0.07765862,0.260457405,6.0,0.356685013,-0.654385763,78.0,0.004363323,0.407032945,0.030231373,0.057417546,0.211999481,6.0,0.602699866,-0.933982123,93.0,0.012217305,0.423353751,0.033559225,0.078739299,0.188587653,4.0,2.129342913,0.898830188,22.0,-0.006108652,0.369173441,0.034771665,0.081264392,0.215269419,6.0,0.402612308,-0.720986309,80.0,0.000872665,0.408817555,0.034279956,0.069360427,0.160822937,4.0,0.0,0.0,0.0,0.0,0.0,0.0,0.0,0.0,0.0,0.0,0.0,0.0,0.0,0.0,0.0,0.0,0.0,0.0,0.0,0.0,0.0,0.0,0.0,0.0,0.0,0.0,0.0,0.0,0.0,0.0,0.0,0.0,0.0,0.0,0.0,0.0,,,,,,,0.415,,0.0,18.0,18.0,18.0,1.0,,,,,,,,,,,,,,,,,,,,,,,,,,,,0
S070,2,2024-11-21_13h14.36.924,MotivatedInference,2024.1.5,Win32,60.24096386,668be8e87e83611e680fb3ab,{{%SESSION_ID%},Chrome,,,,,,,,,,,,,,,,,,,,,,,,,,,,,,-1.0,,,,,,,,9.0,,,,,,,,,conditions/conds_180.csv,2.0,0.0,,,,,,,,,1172.6458,1177.1123,"[0.003600000023652683,0.01749999999992724,0.032999999999901775,0.049600000023701796,0.06649999999990541,0.08260000002383094,0.10040000003573368,0.11719999998808817,0.13310000002365996,0.14969999998788808,0.16630000001191547,0.1841000000238182,0.19969999998806998,0.21640000003571913,0.23360000002367087,0.24980000001187364,0.265999999999849,0.28290000003562454,0.299699999987979,0.3164000000356282,0.3329999999998563,0.3506999999879099,0.36660000002370907,0.3829999999998108,0.3996000000238382,0.4161000000237891,0.4338000000118427,0.45040000003564273,0.46710000002372,0.48390000003564637,0.5004000000355973,0.5164000000356737,0.5331999999880281,0.55030000001193,0.5664000000356282,0.5829999999998563,0.5998000000117827,0.6161999999878844,0.632900000035761,0.6504000000356882,0.6673000000118918,0.6831999999878917,0.69969999998807,0.7164000000357191,0.7336999999879481,0.7496999999880245,0.7664000000356737,0.7839999999998781,0.8004000000355518,0.8166999999880318,0.8338000000119337,0.849999999999909,0.8668000000118354,0.8829999999998108,0.9003000000118391,0.9169999999999163,0.93340000003559,0.94969999998807,0.9669999999998709,0.9831000000237964,0.9996000000237473,1.0163000000118245,1.0329999999999018,1.0506000000236781,1.0671999999879063,1.0829999999998563,1.0996000000236563,1.1164000000355827,1.1331999999879372,1.1499999999998636,1.166100000023789,1.1831000000238419,1.19969999998807,1.21630000001187,1.2344000000357482,1.2504000000355973,1.2666999999880773,1.2836999999879026,1.299699999987979,1.3171000000238564,1.3329999999998563,1.3498000000117827,1.3669999999999618,1.383699999988039,1.3996000000238382,1.4171999999880427,1.4333000000117408,1.44969999998807,1.46630000001187,1.48290000003567,1.4996000000237473,1.5163000000118245,1.5329000000356245,1.5504000000355518,1.5671000000238564,1.582900000035579,1.60069999998791,1.6168000000118354,1.632900000035761,1.649499999999989,1.6663000000119155,1.6829000000357155,1.6994999999999436,1.7169999999998709,1.7338000000117972,1.7499000000357228,1.7663000000118245,1.783100000023751,1.80030000001193,1.8164999999999054,1.832900000035579,1.8498000000117827,1.8664000000355827,1.882900000035761,1.90019999998799,1.9163000000119155,1.9329000000357155,1.9496000000237927,1.9664000000357191,1.98290000003567,1.9996000000237473,2.0169999999998254,2.0329999999999018,2.050400000035552,2.0671000000238564,2.0836999999880845,2.0998000000117827,2.1169000000356846,2.1334000000356355,2.149699999987888,2.1661999999880663,2.1829999999999927,2.1996000000237927,2.21630000001187,2.2329999999999472,2.2496000000237473,2.2669999999998254,2.2829999999999018,2.299800000011828,2.31619999998793,2.3336999999880845,2.3496999999879336,2.3663000000117336,2.382999999999811,2.399600000023838,2.4161999999880663,2.433900000035692,2.4496000000237927,2.4659999999998945,2.4831000000237964,2.499499999999898,2.5163000000118245,2.5329999999999018,2.550400000035552,2.566400000035628,2.5836999999880845,2.5996999999879336,2.617100000023811,2.633699999988039,2.649699999987888,2.6663000000119155,2.6838000000118427,2.7001999999879445,2.716199999988021,2.7329999999999472,2.7496999999880245,2.767300000011801,2.783900000035601,2.799699999987979,2.816300000011779,2.8339999999998327,2.8501999999880354,2.866600000023709,2.882900000035761,2.899600000023838,2.9161999999880663,2.9329000000357155,2.94969999998807,2.96630000001187,2.9829999999999472,2.999499999999898,3.0171000000236745,3.0336999999879026,3.049699999987979,3.06619999998793,3.082900000035579,3.1003000000118845,3.1163000000117336,3.133699999988039,3.149699999987888,3.1663000000119155,3.1829000000357155,3.1994999999999436,3.2161000000237436,3.232800000011821,3.2496000000237473,3.2661999999879754,3.2829999999999018,3.299600000023702,3.316300000011779,3.332900000035579,3.3504000000357337,3.367100000023811,3.382900000035761,3.399699999987888,3.4171000000237655,3.4338000000118427,3.44969999998807,3.46630000001187,3.4829999999999472,3.500199999987899,3.5168000000119264,3.5329999999999018,3.549600000023702,3.5661000000236527,3.582900000035579,3.5996000000236563,3.6161999999878844,3.632900000035761,3.649499999999989,3.6663000000119155,3.68340000003559,3.6994999999999436,3.71630000001187,3.73290000003567,3.7496000000237473,3.7663000000118245,3.7836999999879026,3.799600000023702,3.8166000000237545,3.833300000011832,3.849499999999807,3.8661999999878844,3.882900000035761,3.899499999999989,3.9163000000119155,3.9329000000357155,3.9496000000237927,3.966400000035719,3.9829999999999472,3.999499999999898,4.0163000000118245,4.032999999999902,4.049600000023702,4.066300000011779,4.082999999999856,4.099499999999807,4.116300000011734,4.132900000035761,4.149600000023838,4.166199999988066,4.1829000000357155,4.199600000023793,4.21630000001187,4.23290000003567,4.2496999999880245,4.266199999987975,4.282999999999902,4.299600000023702,4.31619999998793,4.332900000035579,4.349600000023656,4.366300000011734,4.382900000035761,4.399600000023838,4.4171000000237655,4.433699999987994,4.449600000023793,4.46630000001187]",0.016651866,0.000482566,269.0,right,1.0,,,,,,1.0,0.0,12.0,0.5,1.432323236,-1.0,0.787774978,-0.999988702,66.0,-0.006108652,0.398200129,0.038012219,0.074472022,0.208169201,4.0,1.901180693,0.613723964,70.0,0.007853982,0.401012824,0.032375196,0.060909739,0.168550131,4.0,1.756886735,0.363647805,87.0,0.006108652,0.415699595,0.038834066,0.066745096,0.25903141,5.0,1.182102371,-0.701420053,53.0,-0.003490659,0.390095866,0.043303837,0.083823939,0.349451294,6.0,3.086738869,0.109487633,46.0,-8.92894e-14,0.385892478,0.022689461,0.062794509,0.135276835,6.0,2.123951938,0.894052338,35.0,0.01134464,0.378665605,0.034694997,0.068673497,0.233172687,6.0,2.540572945,0.932776145,28.0,0.006108652,0.373747518,0.036497013,0.082304542,0.218348002,5.0,3.100536556,0.082019954,70.0,0.007853982,0.401012824,0.032375196,0.060909739,0.168550131,4.0,1.911852337,0.63043387,47.0,-0.003490659,0.386485672,0.032547094,0.064121381,0.201087455,6.0,1.553188574,-0.035208227,8.0,-0.008726646,0.353798062,0.040824325,0.088208322,0.256820315,6.0,0.325784536,-0.606434773,42.0,0.010471976,0.383208229,0.034272345,0.075051408,0.167478928,5.0,1.645692739,0.149233281,70.0,0.007853982,0.401012824,0.032375196,0.060909739,0.168550131,4.0,,,,,,,1.2506,,0.0,19.0,19.0,19.0,1.0,,,,,,,,,,,,,,,,,,,,,,,,,,,,0
S070,2,2024-11-21_13h14.36.924,MotivatedInference,2024.1.5,Win32,60.24096386,668be8e87e83611e680fb3ab,{{%SESSION_ID%},Chrome,,,,,,,,,,,,,,,,,,,,,,,,,,,,,,-1.0,,,,,,,,6.0,,,,,,,,,conditions/conds_180.csv,2.0,0.0,,,,,,,,,1179.3799,1182.4633,"[0.0028000000118026946,0.0153999999761254,0.03180000001179906,0.048699999988002673,0.06649999999990541,0.08209999996415718,0.0986999999879572,0.11539999997603445,0.13219999998796084,0.1488999999760381,0.1663999999761927,0.18219999998814274,0.19880000001194276,0.21550000000002,0.23219999998809726,0.2488999999761745,0.2653999999761254,0.28209999996420265,0.2988000000118518,0.3153999999760799,0.3330000000000837,0.34880000001180633,0.3654999999998836,0.38230000001180997,0.3991999999880136,0.4156999999879645,0.43200000000001637,0.44889999997622,0.4653999999761709,0.4819999999999709,0.4988000000118973,0.5153999999761254,0.5321999999880518,0.5488000000118518,0.5655999999642063,0.5830000000000837,0.5986999999879572,0.6153999999760345,0.6320999999641117,0.6488000000119882,0.6653999999762163,0.6820999999642936,0.6994999999999436,0.7158000000119955,0.7320999999642481,0.7484999999999218,0.7653999999761254,0.7819999999999254,0.7988000000118518,0.8160999999643082,0.8326999999881082,0.8493000000119082,0.8653999999760345,0.8820999999641117,0.8988000000119882,0.9153999999762163,0.9328999999761436,0.9488000000119428,0.9653999999761709,0.9820999999642481,0.9990000000000236,1.0161999999879754,1.0328999999760526,1.0489999999999782,1.0653000000118027,1.0820999999641572,1.0988000000118063,1.1153999999760345,1.1328000000119118,1.1489999999998872,1.1653999999762163,1.1821999999881427,1.1988000000119428,1.21550000000002,1.2320999999642481,1.2486999999880481,1.2653999999761254,1.2820999999642027,1.2986999999880027,1.315499999999929,1.3320999999641572,1.3493999999761854,1.366300000011961,1.3828000000119118,1.398899999976038,1.4153999999762163,1.43180000001189,1.4488000000119428,1.4651999999880445,1.4818999999761218,1.4988000000118973,1.5153999999761254,1.5320999999642027,1.5485999999641535,1.5658999999761818,1.5821999999880063,1.5988000000118063,1.6154999999998836,1.6320999999641117,1.6488000000119882,1.6653999999762163,1.6828000000118664,1.6988000000119428,1.71550000000002,1.7321999999880973,1.7488999999761745,1.7653999999761254,1.7820999999642027,1.7986999999880027,1.8160999999643082,1.8328000000119573,1.8488000000118063,1.8653999999760345,1.882899999976189,1.898699999988139,1.9155000000000655,1.9320999999642936,1.94969999998807,1.9653999999761709,1.981999999999971,1.9994999999998981,2.0163000000118245,2.0328999999760526,2.0485999999641535,2.06539999997608,2.081800000011981,2.0988000000118063,2.1153999999760345,2.132800000011912,2.1495999999642663,2.1653999999762163,2.18180000001189,2.1988000000119428,2.215399999976171,2.232099999964248,2.2488000000118973,2.2654999999999745,2.2819999999999254,2.29950000000008,2.31539999997608,2.3328999999762345,2.3495000000000346,2.3653000000119846,2.3818999999762127,2.3991999999880136,2.4158000000118136,2.4320000000000164,2.44889999997622,2.4653000000118936,2.482099999964248,2.498699999988048,2.5153999999761254,2.532399999976178,2.548800000011852,2.565499999999929,2.5828999999762345,2.598699999987957,2.6154999999998836,2.633000000000038,2.6488000000119882,2.6653999999762163,2.6820999999642936,2.6994999999999436,2.716199999988021,2.731999999999971,2.749899999976151,2.7653999999761254,2.782199999988052,2.798899999976129,2.8153000000118027,2.83199999999988,2.848699999987957,2.8653999999760345,2.882800000011912,2.8983999999761636,2.9161999999880663,2.9321999999881427,2.949800000011919,2.966199999988021,2.982099999964248,2.998699999988048,3.0153999999761254,3.0318999999760763,3.048800000011852,3.0661999999881573,3.083300000011832]",0.016651351,0.000548128,186.0,right,1.0,,,,,,1.0,0.0,8.0,0.5,1.60264155,-1.0,0.65837785,-0.967904848,51.0,-0.000872665,0.388957543,0.039197552,0.074659583,0.215725836,5.0,3.086688756,0.109587256,63.0,0.002617994,0.396190386,0.03208284,0.060740902,0.237954322,6.0,2.501304773,0.958180781,89.0,0.014835299,0.418022232,0.039220845,0.067729576,0.134251055,3.0,1.862045052,0.55011125,74.0,-0.002617994,0.403888444,0.032857311,0.06846285,0.186846183,6.0,1.485611347,-0.169546965,41.0,0.013089969,0.382506884,0.032100804,0.075836611,0.218324429,6.0,2.173144906,0.933730849,30.0,-0.009599311,0.375182725,0.031494597,0.070464671,0.19533995,5.0,2.84530858,0.558493164,79.0,-0.004363323,0.40793127,0.02386995,0.059748747,0.165450333,7.0,1.381286468,-0.370009937,93.0,0.012217305,0.423353751,0.033559225,0.078739299,0.188587653,4.0,0.0,0.0,0.0,0.0,0.0,0.0,0.0,0.0,0.0,0.0,0.0,0.0,0.0,0.0,0.0,0.0,0.0,0.0,0.0,0.0,0.0,0.0,0.0,0.0,0.0,0.0,0.0,0.0,0.0,0.0,0.0,0.0,0.0,0.0,0.0,0.0,,,,,,,0.4978,,0.0,20.0,20.0,20.0,1.0,,,,,,,,,,,,,,,,,,,,,,,,,,,,0
S070,2,2024-11-21_13h14.36.924,MotivatedInference,2024.1.5,Win32,60.24096386,668be8e87e83611e680fb3ab,{{%SESSION_ID%},Chrome,,,,,,,,,,,,,,,,,,,,,,,,,,,,,,-1.0,,,,,,,,7.0,,,,,,,,,conditions/conds_180.csv,2.0,0.0,,,,,,,,,1183.9789,1187.0951,"[0.003300000011904558,0.01720000004775102,0.032999999999901775,0.049900000035677294,0.06630000001200642,0.08260000002383094,0.0996000000238837,0.11640000003581008,0.13290000003576097,0.14960000002383822,0.16620000004763824,0.1829000000357155,0.19970000004764188,0.21620000004759277,0.23290000003567002,0.25040000003582463,0.2663000000118245,0.2834000000357264,0.29960000002392917,0.3162000000477292,0.3330000000000837,0.35030000001188455,0.3687000000477383,0.38290000003576097,0.39940000003571186,0.41630000001191547,0.4336000000239437,0.4497000000476419,0.46590000003584464,0.48290000003567,0.49960000002374727,0.5170000000000528,0.5329999999999018,0.5496000000239292,0.5662000000477292,0.5829000000358064,0.5996000000238837,0.6162000000476837,0.6330000000000382,0.6496000000238382,0.6662000000476382,0.6836000000239437,0.6998000000119191,0.7162000000475928,0.7331000000237964,0.7499000000357228,0.7662000000477747,0.7827000000477256,0.7996000000239292,0.8160000000000309,0.8330000000000837,0.8496000000238837,0.8662000000476837,0.882900000035761,0.8996000000238382,0.9163000000119155,0.9329999999999927,0.9496000000237927,0.9664000000357191,0.9828000000118209,0.9994999999998981,1.0170000000000528,1.032900000035852,1.0497000000477783,1.0662000000477292,1.0838000000119337,1.1009999999998854,1.11640000003581,1.1328000000119118,1.149499999999989,1.1663000000119155,1.1829999999999927,1.1997000000476419,1.21630000001187,1.23290000003567,1.2496000000237473,1.2662000000477747,1.282900000035852,1.3001000000238037,1.3171000000238564,1.3329000000358064,1.3496000000238837,1.3662000000476837,1.3834999999999127,1.3996000000238382,1.4163000000119155,1.4337000000477929,1.45049999999992,1.4672000000475691,1.4835000000000491,1.4994999999998981,1.5162000000477747,1.5326000000238764,1.5493000000119537,1.5662000000477292,1.5834999999999582,1.5996000000238837,1.616300000011961,1.6328000000119118,1.6496000000238382,1.6663000000119155,1.6829000000357155,1.6994999999999436,1.7162000000475928,1.7328000000118209,1.7496000000237473,1.7662000000477747,1.782900000035852,1.79950000000008,1.8163000000120064,1.8328000000119573,1.8499000000358592,1.8659000000357082,1.882900000035761,1.899499999999989,1.9158000000118136,1.9329999999999927,1.9496000000237927,1.9668000000119719,1.982700000047771,1.9994999999998981,2.015900000035799,2.032800000012003,2.049400000035803,2.066200000047729,2.0829000000358064,2.0995000000000346,2.1161000000238346,2.132800000011912,2.149600000023838,2.1659000000356627,2.1828000000118664,2.1994999999999436,2.2162000000475928,2.232600000023922,2.2496000000237473,2.265900000035799,2.282800000012003,2.2993000000119537,2.316200000047729,2.3329000000358064,2.3496000000238837,2.3662000000476837,2.382900000035761,2.399499999999989,2.4163000000119155,2.4336000000239437,2.4496000000237927,2.4670000000000982,2.4837000000477474,2.499499999999898,2.5170000000000528,2.533100000023751,2.5499999999999545,2.5663000000120064,2.582600000023831,2.599300000011908,2.6162000000476837,2.633000000000038,2.649600000023838,2.6662000000476382,2.6829000000357155,2.6994999999999436,2.7171000000239474,2.7336000000238982,2.7496000000237473,2.7662000000477747,2.7836000000238528,2.79950000000008,2.81690000003573,2.8329000000358064,2.849700000047733,2.866300000011961,2.882900000035761,2.899499999999989,2.9162000000476382,2.9328000000118664,2.9494999999999436,2.96630000001187,2.9836000000238982,3.0003000000119755,3.016499999999951,3.0329999999999018,3.049600000023929,3.066200000047729,3.0830000000000837,3.0995000000000346,3.1161000000238346]",0.016645989,0.00047642,188.0,left,1.0,,,,,,2.0,0.0,8.0,0.5,-3.490612457,-1.0,0.854591185,-0.990439923,22.0,-0.006108652,0.369173441,0.034771665,0.081264392,0.215269419,6.0,1.649911139,0.157570195,21.0,-0.010471976,0.368150016,0.035450396,0.075174448,0.223969416,6.0,0.305956882,-0.574435022,28.0,0.006108652,0.373747518,0.036497013,0.082304542,0.218348002,5.0,0.43415138,-0.763233412,46.0,-8.92894e-14,0.385892478,0.022689461,0.062794509,0.135276835,6.0,1.916334867,0.637367507,84.0,-0.002617994,0.412727296,0.032139903,0.078825818,0.191863964,5.0,0.452000773,-0.785808032,60.0,0.008726646,0.394321176,0.024708435,0.063628191,0.162696287,6.0,0.748758482,-0.997316269,66.0,-0.006108652,0.398200129,0.038012219,0.074472022,0.208169201,4.0,0.087606307,-0.174317501,4.0,0.001745329,0.345391377,0.044661649,0.086491224,0.292502374,6.0,0.0,0.0,0.0,0.0,0.0,0.0,0.0,0.0,0.0,0.0,0.0,0.0,0.0,0.0,0.0,0.0,0.0,0.0,0.0,0.0,0.0,0.0,0.0,0.0,0.0,0.0,0.0,0.0,0.0,0.0,0.0,0.0,0.0,0.0,0.0,0.0,,,,,,,1.017,,0.0,21.0,21.0,21.0,1.0,,,,,,,,,,,,,,,,,,,,,,,,,,,,0
S070,2,2024-11-21_13h14.36.924,MotivatedInference,2024.1.5,Win32,60.24096386,668be8e87e83611e680fb3ab,{{%SESSION_ID%},Chrome,,,,,,,,,,,,,,,,,,,,,,,,,,,,,,-1.0,,,,,,,,5.0,,,,,,,,,conditions/conds_180.csv,2.0,0.0,,,,,,,,,1189.1127,1192.2333,"[0.0026000000239037035,0.0156999999881009,0.032500000000027285,0.04899999999997817,0.0656000000237782,0.08300000000008367,0.09919999998805906,0.11640000003581008,0.13230000001203734,0.1490000000001146,0.16650000000004184,0.1831999999881191,0.19900000000006912,0.21569999998814637,0.23299999999994725,0.24919999998815,0.2656999999881009,0.28240000003575005,0.2991000000238273,0.3165000000001328,0.33290000003580644,0.3500000000001364,0.3658000000118591,0.38230000001203734,0.3990000000001146,0.41599999999994,0.43219999998814274,0.44910000002391826,0.46560000002386914,0.4823000000119464,0.49900000000002365,0.5156999999881009,0.5323000000119009,0.5499000000359047,0.5664000000358556,0.5824999999999818,0.5998000000120101,0.61569999998801,0.6324000000358865,0.6490000000001146,0.6656999999881918,0.6826000000239674,0.6994999999999436,0.7158000000119955,0.7324000000357955,0.7490000000000236,0.7656999999881009,0.7823000000119009,0.7998000000120555,0.8156000000237782,0.8324000000357046,0.8489000000358828,0.86569999998801,0.8824000000358865,0.900000000000091,0.915800000012041,0.9325000000001182,0.9489000000357919,0.9656000000238691,0.9823000000119464,0.9990000000000236,1.0166000000238,1.0331000000239783,1.04950000000008,1.0658000000119046,1.0824000000357046,1.0986999999881846,1.11569999998801,1.1323000000120373,1.1491000000239637,1.1656999999881918,1.183199999988119,1.1994999999999436,1.2156000000238691,1.2323000000119464,1.2499000000357228,1.26580000001195,1.28240000003575,1.2989999999999782,1.3156000000237782,1.3331000000239328,1.3495000000000346,1.3659999999999854,1.3826000000237855,1.3989000000358374,1.4156999999881918,1.432400000035841,1.448900000035792,1.4656999999881464,1.4823000000119464,1.5088000000118882,1.5211999999880845,1.5354999999999563,1.5496000000239292,1.5694000000357846,1.5824000000357046,1.6021999999882155,1.6166000000239364,1.6369000000358938,1.654400000035821,1.665800000012041,1.6863000000118973,1.6991999999881955,1.7186999999880754,1.7355000000000018,1.7491000000238728,1.7661999999882028,1.782300000011901,1.7991999999881045,1.8164000000358556,1.8365000000001146,1.8528000000119391,1.865800000011859,1.8861999999880936,1.8998000000119646,1.91880000001197,1.9329999999999927,1.9529000000356973,1.9664000000357191,1.9851000000239765,1.99919999998815,2.0205000000000837,2.03240000003575,2.0519000000358574,2.066000000000031,2.085400000035861,2.099900000035859,2.118400000035763,2.1323000000120373,2.1498000000119646,2.1691999999882228,2.182400000035841,2.2036000000239255,2.2159000000358446,2.2351999999880263,2.2490000000000236,2.265699999988101,2.2831000000239783,2.3036000000238346,2.316500000000133,2.336199999988139,2.35269999998809,2.365800000011859,2.3849000000357137,2.3991999999880136,2.418699999988121,2.4356000000238964,2.4488000000119428,2.4686999999880754,2.4829999999999472,2.5019999999999527,2.51580000001195,2.535000000000082,2.5540000000000873,2.5664000000358556,2.58560000002376,2.59980000001201,2.61930000001189,2.6331000000238873,2.6490000000001146,2.665699999988192,2.683100000023842,2.702400000035823,2.715600000023869,2.7366999999881045,2.749100000023873,2.769999999999982,2.787199999988161,2.8040000000000873,2.8185000000000855,2.8323000000118554,2.854000000000042,2.8696000000238655,2.8823000000120373,2.901699999988068,2.916600000023891,2.9386000000238255,2.949800000011919,2.969800000011901,2.9831000000237964,3.0024000000357773,3.015900000035799,3.0375000000001364,3.053699999988112,3.0658000000119046,3.0850000000000364,3.0988000000120337,3.1204000000357155]",0.016672727,0.002343715,188.0,left,0.0,,,,,,1.0,0.0,8.0,0.5,2.394043424,-1.0,1.977365228,0.726447115,7.0,-0.003490659,0.352071506,0.033456274,0.080650645,0.190019159,6.0,1.771823251,0.39130924,25.0,0.001745329,0.371739039,0.031180836,0.079221418,0.176784845,4.0,0.473484983,-0.811649254,13.0,0.012217305,0.36034398,0.040523863,0.087309629,0.214125832,4.0,2.451778777,0.981782869,11.0,-0.013089969,0.357861323,0.044486954,0.075207378,0.243622836,5.0,2.053154717,0.821887613,79.0,-0.004363323,0.40793127,0.02386995,0.059748747,0.165450333,7.0,2.791336253,0.644609815,16.0,0.017453293,0.363466057,0.031192723,0.069909496,0.180964939,5.0,0.837050175,-0.994668883,92.0,-0.000872665,0.422008311,0.023140698,0.057298337,0.164165775,6.0,2.798025182,0.634324909,79.0,-0.004363323,0.40793127,0.02386995,0.059748747,0.165450333,7.0,0.0,0.0,0.0,0.0,0.0,0.0,0.0,0.0,0.0,0.0,0.0,0.0,0.0,0.0,0.0,0.0,0.0,0.0,0.0,0.0,0.0,0.0,0.0,0.0,0.0,0.0,0.0,0.0,0.0,0.0,0.0,0.0,0.0,0.0,0.0,0.0,,,,,,,1.401,,0.0,22.0,22.0,22.0,1.0,,,,,,,,,,,,,,,,,,,,,,,,,,,,0
S070,2,2024-11-21_13h14.36.924,MotivatedInference,2024.1.5,Win32,60.24096386,668be8e87e83611e680fb3ab,{{%SESSION_ID%},Chrome,,,,,,,,,,,,,,,,,,,,,,,,,,,,,,-1.0,,,,,,,,3.0,,,,,,,,,conditions/conds_180.csv,2.0,0.0,,,,,,,,,1194.6326,1196.3317,"[0.0015999999643554474,0.0156999999881009,0.028999999999996362,0.04879999995250728,0.06319999998822823,0.07919999998807725,0.10000000000013642,0.11279999995235812,0.13200000000006185,0.1460999999642354,0.16529999995236722,0.1790000000000873,0.19829999995249636,0.21239999997624182,0.22909999996431907,0.2460000000000946,0.26239999997619634,0.27899999999999636,0.2985000000001037,0.3130999999643791,0.3321999999882337,0.34669999998823187,0.3670000000001892,0.38169999998808635,0.39569999998821004,0.4152999999523672,0.4291999999882137,0.45050000000014734,0.4628999999763437,0.47869999998806634,0.4986999999882755,0.5123999999761963,0.5318999999763037,0.5463999999763018,0.5651999999881809,0.5797999999524563,0.5988999999763109,0.6123999999763328,0.6336999999882664,0.6458999999763364,0.6666999999881682,0.6796999999880882,0.6956999999881646,0.7163999999761472,0.73259999996435,0.7465999999642463,0.7656999999881009,0.7789999999999964,0.7985000000001037,0.8130000000001019,0.8340999999643373,0.8463999999762564,0.8655999999643882,0.87989999997626,0.9005000000001928,0.9127999999523126,0.9331999999881191,0.9460999999644173,0.9666999999881227,0.9791999999881682,0.9985999999644264,1.0122999999523472,1.0317999999524545,1.050199999988081,1.063099999964379,1.082299999952511,1.0965000000001055,1.1166999999882137,1.1297999999524109,1.150799999952369,1.1625000000001364,1.1837999999524982,1.1956999999881646,1.2166999999881227,1.2320000000001983,1.2457999999523963,1.2670000000000528,1.279899999976351,1.2988999999763564,1.3132999999525055,1.332299999952511,1.3463999999762564,1.3653999999762618,1.3830000000000382,1.398699999988139,1.4153999999762163,1.4290999999643645,1.4456999999881646,1.4672999999525018,1.4832999999523508,1.4958999999762455,1.5122999999523472,1.5289999999999964,1.5455999999642245,1.5675999999643864,1.583099999964361,1.5987999999524618,1.6122999999524836,1.6335999999644173,1.646399999976211,1.6658999999763182,1.679299999952491,1.69889999997622]",0.016640196,0.003060734,103.0,left,1.0,,,,,,2.0,0.0,4.0,0.5,-2.140805033,-1.0,0.698924731,-0.985081931,63.0,0.002617994,0.396190386,0.03208284,0.060740902,0.237954322,6.0,2.065906342,0.836146687,81.0,-0.006981317,0.409724184,0.034267936,0.062711279,0.215248408,5.0,0.735098303,-0.994944114,8.0,-0.008726646,0.353798062,0.040824325,0.088208322,0.256820315,6.0,0.824614876,-0.996925675,41.0,0.013089969,0.382506884,0.032100804,0.075836611,0.218324429,6.0,0.0,0.0,0.0,0.0,0.0,0.0,0.0,0.0,0.0,0.0,0.0,0.0,0.0,0.0,0.0,0.0,0.0,0.0,0.0,0.0,0.0,0.0,0.0,0.0,0.0,0.0,0.0,0.0,0.0,0.0,0.0,0.0,0.0,0.0,0.0,0.0,0.0,0.0,0.0,0.0,0.0,0.0,0.0,0.0,0.0,0.0,0.0,0.0,0.0,0.0,0.0,0.0,0.0,0.0,0.0,0.0,0.0,0.0,0.0,0.0,0.0,0.0,0.0,0.0,0.0,0.0,0.0,0.0,0.0,0.0,0.0,0.0,,,,,,,0.9274,,0.0,23.0,23.0,23.0,1.0,,,,,,,,,,,,,,,,,,,,,,,,,,,,0
S070,2,2024-11-21_13h14.36.924,MotivatedInference,2024.1.5,Win32,60.24096386,668be8e87e83611e680fb3ab,{{%SESSION_ID%},Chrome,,,,,,,,,,,,,,,,,,,,,,,,,,,,,,1.0,,,,,,,,11.0,,,,,,,,,conditions/conds_180.csv,2.0,0.0,,,,,,,,,1199.9785,1204.4454,"[0.003399999976181789,0.01610000002392553,0.03300000000012915,0.0496999999882064,0.06639999997628365,0.08300000000008367,0.0996000000238837,0.11619999998811181,0.1330000000000382,0.14969999998811545,0.1663999999761927,0.1835000000000946,0.2003999999762982,0.21710000002394736,0.23280000001204826,0.24960000002397464,0.2663999999763291,0.2833999999761545,0.29960000002392917,0.31639999997628365,0.3330000000000837,0.3496999999881609,0.3663999999762382,0.38289999997618906,0.39969999998811545,0.4166999999881682,0.43310000002384186,0.44969999998807,0.46630000001209737,0.4830000000001746,0.49960000002397464,0.5163000000120519,0.5331999999882555,0.5498000000120555,0.5661999999881573,0.5828000000119573,0.5998000000120101,0.616300000011961,0.6331000000238873,0.6496999999881155,0.6663000000119155,0.6829999999999927,0.69969999998807,0.7163999999761472,0.7328999999763255,0.7503999999762527,0.7663000000120519,0.7831000000239783,0.7996999999882064,0.8163000000120064,0.8365000000001146,0.8498000000120101,0.866300000011961,0.8828999999761891,0.900600000024042,0.9168000000120173,0.9335000000000946,0.9503999999762982,0.9664999999999964,0.9830000000001746,0.9996000000239746,1.016300000012052,1.0331000000239783,1.0496000000239292,1.0663000000120064,1.0838000000119337,1.099699999988161,1.1163999999762382,1.1331000000238873,1.1498000000119646,1.1663000000119155,1.1828999999761436,1.1996000000240201,1.2171999999882246,1.2343000000121265,1.2503000000119755,1.2665000000001783,1.2833999999761545,1.299399999976231,1.3163999999762837,1.3331000000239328,1.3495000000000346,1.366300000011961,1.3830000000000382,1.3998000000119646,1.4161999999880663,1.4329999999999927,1.44969999998807,1.4663000000120974,1.4830000000001746,1.4996000000239746,1.5171000000239019,1.5338000000119791,1.5496000000239292,1.5663999999762837,1.5833999999763364,1.5996000000238837,1.6163999999762382,1.6326999999880627,1.6498000000119646,1.6661999999880663,1.6829999999999927,1.69969999998807,1.7163999999761472,1.7335000000000491,1.7496000000239746,1.766300000012052,1.7835000000000036,1.7996000000239292,1.8163999999762837,1.8330000000000837,1.849699999988161,1.866300000011961,1.8830000000000382,1.9005000000001928,1.9175000000000182,1.933699999988221,1.9508999999761727,1.9663999999761472,1.9830000000001746,2.0001999999881264,2.017100000023902,2.0336000000238528,2.049600000023929,2.0663000000120064,2.0838000000119337,2.1000000000001364,2.116300000011961,2.132899999976189,2.1496999999881155,2.167100000023993,2.183100000023842,2.19960000002402,2.2173000000120737,2.2336999999881755,2.2496000000239746,2.266300000012052,2.283000000000129,2.29950000000008,2.3163000000120064,2.33400000000006,2.3500000000001364,2.3666000000239364,2.383000000000038,2.3996999999881155,2.4161999999880663,2.4326999999882446,2.44969999998807,2.4663999999761472,2.4830000000001746,2.4996000000239746,2.516300000012052,2.53289999997628,2.5506999999881828,2.5663000000120064,2.5830000000000837,2.5996000000238837,2.616300000011961,2.6336999999882664,2.649600000023838,2.6663999999761927,2.6828999999761436,2.69969999998807,2.7171999999882246,2.734000000000151,2.7496000000239746,2.766399999976329,2.783000000000129,2.799600000023929,2.8163000000120064,2.8328999999762345,2.849699999988161,2.866399999976238,2.882899999976189,2.9003999999763437,2.9170000000001437,2.9329999999999927,2.94969999998807,2.9663000000120974,2.9836999999881755,3.0003000000119755,3.016300000012052,3.03289999997628,3.0503999999762073,3.0670000000000073,3.0830000000000837,3.099699999988161,3.116300000011961,3.1336999999882664,3.1498000000119646,3.1663000000119155,3.1829999999999927,3.19960000002402,3.2163000000120974,3.2328999999763255,3.249699999988252,3.266300000012052,3.283000000000129,3.2996999999882064,3.3161999999881573,3.33480000001191,3.3496000000238837,3.3666999999882137,3.383000000000038,3.399600000023838,3.4163000000119155,3.4326999999882446,3.44969999998807,3.4663000000120974,3.4830000000001746,3.4996000000239746,3.516300000012052,3.53289999997628,3.5496999999882064,3.5663000000120064,3.5830000000000837,3.5996000000238837,3.616300000011961,3.632899999976189,3.649600000023838,3.666500000000042,3.6829999999999927,3.69969999998807,3.717699999988099,3.7336999999881755,3.7503000000119755,3.766300000012052,3.7833999999761545,3.799600000023929,3.81610000002388,3.83319999998821,3.8496000000238837,3.866399999976238,3.883000000000038,3.9003000000120664,3.9163000000119155,3.9329999999999927,3.94960000002402,3.9671000000239474,3.9836999999881755,3.9995000000001255,4.016300000012052,4.03369999998813,4.050399999976207,4.066000000000031,4.085000000000036,4.099500000000035,4.116199999988112,4.133000000000038,4.149499999999989,4.1663000000119155,4.182999999999993,4.19969999998807,4.217000000000098,4.2328999999763255,4.249699999988252,4.266199999988203,4.28289999997628,4.299600000023929,4.316300000012006,4.3328999999762345,4.349699999988161,4.366300000011961,4.382600000024013,4.399499999999989,4.416199999988066,4.432800000012094,4.449300000012045,4.466699999988123]",0.016654104,0.000605403,269.0,left,0.0,,,,,,2.0,0.0,12.0,0.5,-2.544840385,1.0,3.128644374,0.025893665,38.0,-0.004363323,0.380540373,0.035789754,0.080850361,0.267900983,7.0,2.982938435,0.312010497,11.0,-0.013089969,0.357861323,0.044486954,0.075207378,0.243622836,5.0,1.49227117,-0.156405507,32.0,0.007853982,0.376580194,0.027808234,0.064839678,0.152904525,6.0,1.05947586,-0.853487224,10.0,-0.004363323,0.356575755,0.034939804,0.084929929,0.233599272,6.0,2.927304963,0.415575451,87.0,0.006108652,0.415699595,0.038834066,0.066745096,0.25903141,5.0,2.970359892,0.33581046,28.0,0.006108652,0.373747518,0.036497013,0.082304542,0.218348002,5.0,1.815626568,0.470326294,97.0,0.006981317,0.43254107,0.031598025,0.077611504,0.241207486,6.0,1.238814458,-0.616243349,46.0,-8.92894e-14,0.385892478,0.022689461,0.062794509,0.135276835,6.0,1.098509402,-0.810247245,29.0,-0.000872665,0.374372435,0.035828607,0.080766738,0.158410304,4.0,0.135213751,-0.267143427,27.0,-0.002617994,0.373032979,0.031793157,0.076653108,0.191027089,4.0,0.496564884,-0.837739153,14.0,-0.004363323,0.361562951,0.033827978,0.08680928,0.200727788,5.0,1.271675214,-0.563190847,75.0,-0.006981317,0.404601252,0.036318328,0.07284169,0.209916045,6.0,,,,,,,0.7986,,0.0,24.0,24.0,24.0,1.0,,,,,,,,,,,,,,,,,,,,,,,,,,,,0
S070,2,2024-11-21_13h14.36.924,MotivatedInference,2024.1.5,Win32,60.24096386,668be8e87e83611e680fb3ab,{{%SESSION_ID%},Chrome,,,,,,,,,,,,,,,,,,,,,,,,,,,,,,1.0,,,,,,,,4.0,,,,,,,,,conditions/conds_180.csv,2.0,0.0,,,,,,,,,1206.245,1207.9616,"[0.001399999976001709,0.016300000011824523,0.03399999999987813,0.050499999999829015,0.06630000001177905,0.08289999997600717,0.10030000001188455,0.11680000001183544,0.13330000001178632,0.15030000001183907,0.16639999997596533,0.1828999999761436,0.20080000001189546,0.21639999997614723,0.23310000002379638,0.2496999999880245,0.26639999997610175,0.2831000000237509,0.29980000001182816,0.3173000000117554,0.33319999998798266,0.34969999998793355,0.36649999999985994,0.38369999998803905,0.3998000000117372,0.41899999999986903,0.43419999998809544,0.44989999997596897,0.46630000001187,0.4831000000237964,0.5003999999760254,0.5163999999761018,0.5331000000237509,0.5498000000118282,0.5663999999760563,0.5838000000119337,0.60060000002386,0.6163999999760108,0.6338999999761654,0.6498999999760144,0.6663999999759653,0.6829999999999927,0.6998000000119191,0.7164999999999964,0.7329999999999472,0.7498000000118736,0.7663999999761018,0.7831999999880281,0.799699999987979,0.8163999999760563,0.8331000000237054,0.8496000000236563,0.8663000000117336,0.8831999999879372,0.8996999999878881,0.9164999999998145,0.9331000000238419,0.9498000000119191,0.9671999999879972,0.9838999999760745,0.9996999999880245,1.0164999999999509,1.0331999999880281,1.050199999988081,1.0663999999760563,1.0831000000237054,1.0998000000117827,1.11649999999986,1.1329999999998108,1.149699999987888,1.1663999999759653,1.1831000000238419,1.199800000011919,1.21630000001187,1.2338000000117972,1.2496999999880245,1.2671000000236745,1.283100000023751,1.2998000000118282,1.3163999999760563,1.3331000000237054,1.3501999999880354,1.3666999999879863,1.3829999999998108,1.399699999987888,1.4163999999759653,1.4331000000238419,1.4496000000237927,1.4663999999761472,1.4829999999999472,1.4996999999880245,1.5163999999761018,1.5328999999760526,1.5506000000236781,1.5663999999760563,1.5829999999998563,1.5996000000236563,1.6163000000117336,1.63310000002366,1.6498999999760144,1.6666000000236636,1.683999999999969,1.6996000000237927,1.7163999999761472]",0.016650485,0.000555095,104.0,right,1.0,,,,,,2.0,0.0,4.0,0.5,-0.976527067,1.0,0.465291037,-0.801967789,18.0,-0.008726646,0.365457086,0.031782524,0.075683607,0.153768306,4.0,2.0627243,0.832639041,36.0,0.002617994,0.379263044,0.03913601,0.077664539,0.168574417,3.0,1.381080916,-0.370391833,97.0,0.006981317,0.43254107,0.031598025,0.077611504,0.241207486,6.0,0.345174615,-0.636806486,2.0,0.008726646,0.338473989,0.032964075,0.086271212,0.185208292,4.0,0.0,0.0,0.0,0.0,0.0,0.0,0.0,0.0,0.0,0.0,0.0,0.0,0.0,0.0,0.0,0.0,0.0,0.0,0.0,0.0,0.0,0.0,0.0,0.0,0.0,0.0,0.0,0.0,0.0,0.0,0.0,0.0,0.0,0.0,0.0,0.0,0.0,0.0,0.0,0.0,0.0,0.0,0.0,0.0,0.0,0.0,0.0,0.0,0.0,0.0,0.0,0.0,0.0,0.0,0.0,0.0,0.0,0.0,0.0,0.0,0.0,0.0,0.0,0.0,0.0,0.0,0.0,0.0,0.0,0.0,0.0,0.0,,,,,,,0.8671,,0.0,25.0,25.0,25.0,1.0,,,,,,,,,,,,,,,,,,,,,,,,,,,,0
S070,2,2024-11-21_13h14.36.924,MotivatedInference,2024.1.5,Win32,60.24096386,668be8e87e83611e680fb3ab,{{%SESSION_ID%},Chrome,,,,,,,,,,,,,,,,,,,,,,,,,,,,,,1.0,,,,,,,,1.0,,,,,,,,,conditions/conds_180.csv,2.0,0.0,,,,,,,,,1209.8293,1211.5448,"[0.0018999999761035724,0.0153999999761254,0.03199999999992542,0.04880000001185181,0.06589999997618179,0.08200000000010732,0.09839999997620907,0.11539999997626182,0.13200000000006185,0.14880000001198823,0.16539999997621635,0.1820999999642936,0.1991999999881955,0.21530000001189364,0.23280000001204826,0.24919999998815,0.2653999999761254,0.2819999999999254,0.29930000001195367,0.3153999999760799,0.3328000000119573,0.3488000000120337,0.3663999999762382,0.38200000000006185,0.3986999999881391,0.41569999998819185,0.43280000001186636,0.44909999996434635,0.4653999999761709,0.4819999999999709,0.4988000000118973,0.5153000000118482,0.5320999999642027,0.5493999999762309,0.5654999999999291,0.5820999999641572,0.5988000000120337,0.6153999999762618,0.6320000000000618,0.6494999999999891,0.6655000000000655,0.6820999999642936,0.6994999999999436,0.7153999999761709,0.7323000000119464,0.748599999964199,0.7653000000118482,0.7818000000120264,0.7985999999641535,0.8153000000120301,0.8320999999641572,0.8493000000119082,0.8653999999762618,0.8826999999880627,0.8986999999881391,0.915800000012041,0.9320000000000164,0.9486999999880936,0.9653999999761709,0.9819999999999709,0.9986999999880481,1.0153999999761254,1.0319999999999254,1.0485999999641535,1.065499999999929,1.0823000000118554,1.0988000000120337,1.1153999999762618,1.1320000000000618,1.148699999988139,1.1653999999762163,1.1820999999642936,1.1986999999880936,1.2153999999761709,1.23259999996435,1.2486999999880481,1.2653000000118482,1.2818999999760763,1.2989999999999782,1.3160999999643082,1.3328000000119573,1.3488999999760836,1.3666999999882137,1.3820000000000618,1.39939999997614,1.4153000000119391,1.4316999999880409,1.4486999999880936,1.4653000000118936,1.4818000000118445,1.4986999999880481,1.5153999999761254,1.5316999999881773,1.5485999999641535,1.56530000001203,1.5818999999762582,1.5986999999881846,1.6153999999762618,1.6326999999880627,1.648699999988139,1.6653000000119391,1.6828000000118664,1.6993999999760945,1.7153999999761709]",0.016635922,0.00053822,104.0,right,0.0,,,,,,1.0,0.0,4.0,0.5,-0.328511098,1.0,2.806832393,0.62061009,65.0,0.000872665,0.397557211,0.028332609,0.059251996,0.151978572,5.0,0.434368976,-0.763514527,24.0,-0.000872665,0.370951047,0.044446314,0.068882508,0.271498611,5.0,2.829407328,0.584586778,11.0,-0.013089969,0.357861323,0.044486954,0.075207378,0.243622836,5.0,0.439572191,-0.770193439,57.0,0.007853982,0.392441245,0.040602447,0.07130778,0.218867016,4.0,0.0,0.0,0.0,0.0,0.0,0.0,0.0,0.0,0.0,0.0,0.0,0.0,0.0,0.0,0.0,0.0,0.0,0.0,0.0,0.0,0.0,0.0,0.0,0.0,0.0,0.0,0.0,0.0,0.0,0.0,0.0,0.0,0.0,0.0,0.0,0.0,0.0,0.0,0.0,0.0,0.0,0.0,0.0,0.0,0.0,0.0,0.0,0.0,0.0,0.0,0.0,0.0,0.0,0.0,0.0,0.0,0.0,0.0,0.0,0.0,0.0,0.0,0.0,0.0,0.0,0.0,0.0,0.0,0.0,0.0,0.0,0.0,,,,,,,1.2343,,0.0,26.0,26.0,26.0,1.0,,,,,,,,,,,,,,,,,,,,,,,,,,,,0
S070,2,2024-11-21_13h14.36.924,MotivatedInference,2024.1.5,Win32,60.24096386,668be8e87e83611e680fb3ab,{{%SESSION_ID%},Chrome,,,,,,,,,,,,,,,,,,,,,,,,,,,,,,1.0,,,,,,,,10.0,,,,,,,,,conditions/conds_180.csv,2.0,0.0,,,,,,,,,1213.7783,1218.278,"[0.003500000000030923,0.016399999976101753,0.03289999997605264,0.04969999998797903,0.06700000000000728,0.08309999996413353,0.09959999996408442,0.11630000001196095,0.13289999997618906,0.14969999998811545,0.16619999998806634,0.18299999999999272,0.19969999998806998,0.2165999999642736,0.23319999998807361,0.24949999999989814,0.2663000000118245,0.28289999997605264,0.299699999987979,0.31630000001177905,0.33309999996413353,0.3495999999640844,0.36630000001196095,0.38289999997618906,0.39969999998811545,0.4171999999880427,0.4336999999879936,0.44969999998807,0.46619999998802086,0.48299999999994725,0.49959999996417537,0.5171999999879517,0.533099999964179,0.5495999999641299,0.566300000011779,0.5829999999998563,0.6001999999880354,0.6163999999760108,0.6328000000119118,0.6495999999642663,0.6663000000119155,0.6835999999641444,0.69969999998807,0.7161999999880209,0.7330999999642245,0.7496999999880245,0.7661999999879754,0.7829999999999018,0.7995999999641299,0.816300000011779,0.8328999999760072,0.8498000000117827,0.8661999999881118,0.8828999999761891,0.8994999999999891,0.9163999999761927,0.9340999999642463,0.9500999999640953,0.9660999999641717,0.9829999999999472,0.9994999999998981,1.0163999999761018,1.0329999999999018,1.049699999987979,1.066300000011779,1.0829999999998563,1.0996999999879336,1.116300000011961,1.132899999976189,1.1498000000119646,1.1663000000119155,1.1828999999761436,1.1995999999642208,1.21630000001187,1.2328999999760981,1.2503999999760254,1.2663999999761018,1.283099999964179,1.3000999999642318,1.3166999999880318,1.3329999999998563,1.3495000000000346,1.366300000011961,1.382899999976189,1.4003999999761163,1.4163000000119155,1.4328999999761436,1.449800000011919,1.4678999999762254,1.4825999999641226,1.5018000000118263,1.5165999999642281,1.5329999999999018,1.549699999987979,1.566300000011779,1.5828999999760072,1.5995999999640844,1.6163999999760108,1.6330000000000382,1.6495999999642663,1.6668999999760672,1.6843999999762218,1.6995999999642208,1.7168999999760217,1.7326999999879718,1.7495999999641754,1.7663000000118245,1.7829999999999018,1.7998000000118282,1.8163999999760563,1.8329999999998563,1.8503999999761618,1.8669999999999618,1.883099999964088,1.8995999999642663,1.9163000000119155,1.9329999999999927,1.949800000011919,1.9669999999998709,1.9828000000118209,2,2.0161999999879754,2.0328000000117754,2.04959999996413,2.0663999999760563,2.0829999999998563,2.0995999999640844,2.116199999988112,2.132899999976189,2.1495999999642663,2.1661999999880663,2.1829999999999927,2.199599999964221,2.216199999988021,2.232899999976098,2.2495999999641754,2.2663000000118245,2.2828999999760526,2.2994999999998527,2.3173000000119828,2.332899999976007,2.3495999999640844,2.366300000011961,2.382899999976189,2.3995999999642663,2.415899999976091,2.4329999999999927,2.449599999964221,2.4660999999641717,2.4829999999999472,2.4995999999641754,2.5161999999879754,2.5328999999760526,2.54959999996413,2.5670000000000073,2.582899999976007,2.5996999999879336,2.616999999999962,2.633199999987937,2.6499999999998636,2.6663000000119155,2.6828000000118664,2.6994999999999436,2.7159999999998945,2.732899999976098,2.7500999999642772,2.7663000000118245,2.7833999999761545,2.7999999999999545,2.81619999998793,2.8329999999998563,2.8495999999640844,2.866300000011961,2.882899999976189,2.899499999999989,2.9165999999640917,2.9338000000118427,2.94969999998807,2.96630000001187,2.982899999976098,3.00080000001185,3.0163999999761018,3.033099999964179,3.0511999999880572,3.06619999998793,3.0829999999998563,3.0995999999640844,3.116300000011961,3.132899999976189,3.1495999999642663,3.1661999999880663,3.1836999999879936,3.199599999964221,3.21630000001187,3.232899999976098,3.2495999999641754,3.2661999999879754,3.2828999999760526,3.299699999987979,3.316300000011779,3.332899999976007,3.3495000000000346,3.366399999976011,3.383099999964088,3.3995999999642663,3.4163999999761927,3.4328000000118664,3.4501999999879445,3.467099999964148,3.483599999964099,3.4995999999641754,3.5163000000118245,3.533099999964179,3.54959999996413,3.566300000011779,3.582899999976007,3.5995999999640844,3.6160999999642627,3.632899999976189,3.649499999999989,3.6669999999999163,3.6833000000119682,3.70130000001177,3.717199999987997,3.7329999999999472,3.749499999999898,3.765999999999849,3.7825999999643045,3.7994999999998527,3.816300000011779,3.832899999976007,3.8493999999761854,3.866199999988112,3.882800000011912,3.9004999999999654,3.916899999976067,3.9336999999879936,3.94969999998807,3.966199999988021,3.982899999976098,3.999499999999898,4.016199999987975,4.032800000011775,4.04959999996413,4.067199999988134,4.082800000011957,4.099500000000035,4.116199999988112,4.132599999964214,4.149499999999989,4.1663000000119155,4.182699999988017,4.199499999999944,4.216199999988021,4.232899999976098,4.250599999964152,4.266199999987975,4.282800000011775,4.29959999996413,4.31619999998793,4.332899999976007,4.350399999976162,4.367099999964239,4.383099999964088,4.3996999999881155,4.416599999964092,4.432800000011866,4.449499999999944,4.466099999964172,4.482599999964123,4.499499999999898]",0.016651852,0.000532131,271.0,left,1.0,,,,,,1.0,0.0,12.0,0.5,3.428188959,1.0,0.838453634,-0.994375514,68.0,0.009599311,0.399449425,0.031951263,0.065393928,0.165147664,5.0,2.483457259,0.967782868,28.0,0.006108652,0.373747518,0.036497013,0.082304542,0.218348002,5.0,1.404880128,-0.325776009,83.0,0.005235988,0.41175896,0.032251087,0.065012348,0.244231929,6.0,1.716187986,0.286702747,28.0,0.006108652,0.373747518,0.036497013,0.082304542,0.218348002,5.0,0.908404664,-0.969891117,97.0,0.006981317,0.43254107,0.031598025,0.077611504,0.241207486,6.0,0.11299596,-0.224073169,68.0,0.009599311,0.399449425,0.031951263,0.065393928,0.165147664,5.0,2.617253474,0.866764858,69.0,-0.001745329,0.400311091,0.03773135,0.078132351,0.241087639,6.0,2.462907159,0.977311133,59.0,0.006981317,0.393731017,0.031135395,0.06163787,0.205460115,5.0,1.697735243,0.25115937,95.0,-0.003490659,0.427246221,0.028411926,0.064304978,0.203029515,6.0,2.232549221,0.969579196,75.0,-0.006981317,0.404601252,0.036318328,0.07284169,0.209916045,6.0,2.704012694,0.767646001,67.0,0.000872665,0.398829923,0.040120187,0.066830121,0.198372452,4.0,2.083917661,0.855358597,78.0,0.004363323,0.407032945,0.030231373,0.057417546,0.211999481,6.0,,,,,,,0.4845,,0.0,27.0,27.0,27.0,1.0,,,,,,,,,,,,,,,,,,,,,,,,,,,,0
S070,2,2024-11-21_13h14.36.924,MotivatedInference,2024.1.5,Win32,60.24096386,668be8e87e83611e680fb3ab,{{%SESSION_ID%},Chrome,,,,,,,,,,,,,,,,,,,,,,,,,,,,,,1.0,,,,,,,,7.0,,,,,,,,,conditions/conds_180.csv,2.0,0.0,,,,,,,,,1219.7616,1222.8612,"[0.0027999999522307917,0.01619999998797539,0.032999999999901775,0.049999999999954525,0.06629999995220714,0.0827999999523854,0.0992999999523363,0.11619999998811181,0.13289999997618906,0.14949999999998909,0.16619999998806634,0.18299999999999272,0.20019999998794447,0.2162999999522981,0.2336999999879481,0.24959999996417537,0.2662999999522526,0.28289999997605264,0.29949999999985266,0.3161999999879299,0.33289999997600717,0.34950000000003456,0.36689999997611267,0.38289999997618906,0.3995999999642663,0.41589999997609084,0.43449999999984357,0.44959999996422084,0.4668999999760217,0.482799999952249,0.5002999999521762,0.5170000000000528,0.5335000000000036,0.5494999999998527,0.5661999999879299,0.5829999999998563,0.5995000000000346,0.6162999999521617,0.6332999999522144,0.6495999999642663,0.6662999999523436,0.6836999999879936,0.70049999999992,0.7169999999998709,0.7332999999523508,0.7495999999641754,0.7662999999522526,0.7828999999760526,0.7994999999998527,0.8160000000000309,0.8327999999523854,0.8496999999879336,0.8661999999881118,0.8830000000000382,0.8994999999999891,0.9175000000000182,0.9335999999641444,0.94969999998807,0.9661999999880209,0.9828999999760981,0.9994999999998981,1.0161999999879754,1.0328999999760526,1.04959999996413,1.0671999999881336,1.08329999995226,1.0995000000000346,1.1161999999881118,1.132899999976189,1.1496999999881155,1.1662999999523436,1.1835999999641444,1.19969999998807,1.2172999999522744,1.2328999999760981,1.2494999999998981,1.2662999999522526,1.2828999999760526,1.2994999999998527,1.31619999998793,1.3327999999523854,1.3502999999523126,1.3661999999881118,1.382899999976189,1.3995999999642663,1.4161999999880663,1.4329999999999927,1.4492999999522453,1.4661999999880209,1.4828999999760981,1.4994999999998981,1.5161999999879754,1.5328999999760526,1.5494999999998527,1.5662999999522071,1.5828999999760072,1.5995000000000346,1.6161999999881118,1.6334999999999127,1.64939999997614,1.6663999999761927,1.6828999999761436,1.6994999999999436,1.7166999999881227,1.7335000000000491,1.7492999999521999,1.7660999999641263,1.7827999999522035,1.79959999996413,1.8160999999640808,1.8328999999760072,1.8495000000000346,1.8661999999881118,1.882899999976189,1.8995999999642663,1.9162999999523436,1.9336999999879936,1.9502999999522217,1.9661999999880209,1.9831999999880736,2,2.0161999999879754,2.0326999999879263,2.0493999999760035,2.06619999998793,2.0827999999523854,2.0996999999879336,2.116199999988112,2.13279999995234,2.149499999999989,2.1662999999523436,2.1828999999761436,2.1993999999760945,2.216999999999871,2.232899999976098,2.2491999999879226,2.2662999999522526,2.2828999999760526,2.2994999999998527,2.3171999999881336,2.333499999999958,2.3496999999879336,2.4012999999522435,2.4161999999880663,2.4329999999999927,2.4493999999760945,2.466299999952298,2.4829999999999472,2.4997999999523017,2.5160999999641263,2.5326999999879263,2.54959999996413,2.5664999999999054,2.5827999999523854,2.5993999999761854,2.617199999988088,2.63359999996419,2.650099999964141,2.666500000000042,2.6836999999879936,2.6994999999999436,2.7166999999881227,2.732799999952249,2.749399999976049,2.7660999999641263,2.7827999999522035,2.7993999999760035,2.8170999999642845,2.833399999976109,2.8501999999880354,2.866199999988112,2.88279999995234,2.9003999999761163,2.9169999999999163,2.9335999999641444,2.9502999999522217,2.9666999999881227,2.982799999952249,2.999499999999898,3.016499999999951,3.0328999999760526,3.0493999999760035,3.06619999998793,3.082699999988108,3.0995000000000346]",0.016829891,0.002621406,185.0,left,1.0,,,,,,2.0,0.0,8.0,0.5,-3.490612457,-1.0,0.854591185,-0.990439923,22.0,-0.006108652,0.369173441,0.034771665,0.081264392,0.215269419,6.0,1.649911139,0.157570195,21.0,-0.010471976,0.368150016,0.035450396,0.075174448,0.223969416,6.0,0.305956882,-0.574435022,28.0,0.006108652,0.373747518,0.036497013,0.082304542,0.218348002,5.0,0.43415138,-0.763233412,46.0,-8.92894e-14,0.385892478,0.022689461,0.062794509,0.135276835,6.0,1.916334867,0.637367507,84.0,-0.002617994,0.412727296,0.032139903,0.078825818,0.191863964,5.0,0.452000773,-0.785808032,60.0,0.008726646,0.394321176,0.024708435,0.063628191,0.162696287,6.0,0.748758482,-0.997316269,66.0,-0.006108652,0.398200129,0.038012219,0.074472022,0.208169201,4.0,0.087606307,-0.174317501,4.0,0.001745329,0.345391377,0.044661649,0.086491224,0.292502374,6.0,0.0,0.0,0.0,0.0,0.0,0.0,0.0,0.0,0.0,0.0,0.0,0.0,0.0,0.0,0.0,0.0,0.0,0.0,0.0,0.0,0.0,0.0,0.0,0.0,0.0,0.0,0.0,0.0,0.0,0.0,0.0,0.0,0.0,0.0,0.0,0.0,,,,,,,0.5006,,0.0,28.0,28.0,28.0,1.0,,,,,,,,,,,,,,,,,,,,,,,,,,,,0
S070,2,2024-11-21_13h14.36.924,MotivatedInference,2024.1.5,Win32,60.24096386,668be8e87e83611e680fb3ab,{{%SESSION_ID%},Chrome,,,,,,,,,,,,,,,,,,,,,,,,,,,,,,1.0,,,,,,,,9.0,,,,,,,,,conditions/conds_180.csv,2.0,0.0,,,,,,,,,1224.3782,1228.8446,"[0.0036000000238800567,0.016300000012051896,0.03300000000012915,0.049500000000080036,0.06660000002398192,0.08280000001195731,0.09950000000003456,0.11619999998811181,0.13290000003576097,0.14960000002383822,0.16619999998806634,0.1829000000357155,0.19969999998806998,0.21619999998824824,0.2329000000358974,0.2495000000001255,0.26610000002392553,0.28380000001197914,0.3001999999880809,0.3163000000120064,0.3328000000119573,0.3496999999881609,0.36660000002393645,0.38290000003576097,0.39940000003571186,0.41630000001191547,0.4329000000357155,0.4494999999999436,0.46619999998824824,0.48280000001204826,0.4995000000001255,0.5161000000239255,0.5329000000358519,0.5496999999882064,0.5663000000120064,0.5836999999880845,0.5995000000000346,0.6161999999881118,0.632900000035761,0.6496999999881155,0.6661999999880663,0.6829999999999927,0.6994000000358938,0.7161999999882482,0.7329000000358974,0.7495000000001255,0.7661999999882028,0.7829000000358519,0.7994000000358028,0.8163000000120064,0.8328000000119573,0.8495000000000346,0.8661999999881118,0.882900000035761,0.8994999999999891,0.9161999999880663,0.9329000000357155,0.9498000000119191,0.966100000023971,0.9828000000120483,0.9994000000358483,1.0161999999882028,1.032900000035852,1.04950000000008,1.0661999999881573,1.0836000000238073,1.0996000000238837,1.1171999999880882,1.1328000000119118,1.1496999999881155,1.1659000000358901,1.1829999999999927,1.1996000000237927,1.216100000023971,1.2328000000120483,1.2496000000239746,1.2661999999882028,1.2828000000120028,1.29950000000008,1.3161999999881573,1.3326999999881082,1.3496000000238837,1.3661000000238346,1.382900000035761,1.3996000000238382,1.416100000023789,1.4329999999999927,1.4494999999999436,1.466100000023971,1.4829000000358974,1.4995000000001255,1.5161999999882028,1.53369999998813,1.5496999999882064,1.5664000000358556,1.5826999999881082,1.600500000000011,1.616900000035912,1.6326999999880627,1.649499999999989,1.6669000000358665,1.6835000000000946,1.6994999999999436,1.7161999999882482,1.7329000000358974,1.7496000000239746,1.7661999999882028,1.7828000000120028,1.79950000000008,1.8161999999881573,1.83319999998821,1.8495000000000346,1.866300000011961,1.882900000035761,1.8996000000238382,1.9163000000119155,1.9326000000239674,1.9494999999999436,1.966100000023971,1.9829000000358974,1.9995000000001255,2.0161999999882028,2.033199999988028,2.04950000000008,2.06610000002388,2.0836000000238073,2.1003000000118845,2.1161000000238346,2.132800000011912,2.149600000023838,2.166100000023789,2.1828000000118664,2.1996000000237927,2.2161999999882482,2.232699999988199,2.2496999999880245,2.2661999999882028,2.282900000035852,2.29950000000008,2.31610000002388,2.3328000000119573,2.3495000000000346,2.366199999988112,2.382900000035761,2.399400000035712,2.4170000000001437,2.4328000000118664,2.4496000000237927,2.4661999999882482,2.4828000000120483,2.4996000000239746,2.5161000000239255,2.532900000035852,2.549400000035803,2.5664000000358556,2.583499999999958,2.6000000000001364,2.6166000000239364,2.632800000011912,2.649199999988241,2.666100000023789,2.6828000000118664,2.6994999999999436,2.716100000023971,2.7329000000358974,2.7495000000001255,2.7661999999882028,2.782900000035852,2.79950000000008,2.81690000003573,2.8328000000119573,2.8495000000000346,2.8661000000238346,2.882800000011912,2.899400000035712,2.9163000000119155,2.933699999988221,2.9500000000000455,2.966100000023971,2.9833000000119227,2.9995000000001255,3.0161999999882028,3.032900000035852,3.04950000000008,3.066800000011881,3.0828000000119573,3.0996000000238837,3.1161000000238346,3.132900000035761,3.1501999999882173,3.166100000023789,3.183699999988221,3.1994999999999436,3.2161999999882482,3.2329000000358974,3.2495000000001255,3.2661999999882028,3.282900000035852,3.299400000035803,3.3161999999881573,3.332600000023831,3.3496000000238837,3.366199999988112,3.382800000011912,3.399600000023838,3.416100000023789,3.4329000000357155,3.4496000000237927,3.466100000023971,3.4828000000120483,3.4995000000001255,3.5161000000239255,3.532800000012003,3.54950000000008,3.56610000002388,3.583499999999958,3.6001999999880354,3.616300000011961,3.632900000035761,3.649400000035712,3.6661999999880663,3.6828000000118664,3.6994000000358938,3.716100000023971,3.7328000000120483,3.7494000000358483,3.7661999999882028,3.782900000035852,3.799400000035803,3.81690000003573,3.8328000000119573,3.8504000000357337,3.866199999988112,3.8826999999880627,3.89930000001209,3.9160000000001673,3.9329000000357155,3.949800000011919,3.9661999999882482,3.983500000000049,4.0003000000119755,4.016400000035901,4.032800000012003,4.049400000035803,4.066600000023982,4.082800000011957,4.099400000035757,4.116199999988112,4.132800000011912,4.149600000023838,4.166100000023789,4.182800000011866,4.199499999999944,4.216100000023971,4.232800000012048,4.249400000035848,4.2661000000239255,4.283400000035726,4.29950000000008,4.31610000002388,4.334500000000162,4.349400000035757,4.366100000023835,4.382500000000164,4.399199999988241,4.416000000000167,4.432600000023967,4.449400000035894,4.46630000001187]",0.016651866,0.000440527,269.0,right,1.0,,,,,,1.0,0.0,12.0,0.5,1.432323236,-1.0,0.787774978,-0.999988702,66.0,-0.006108652,0.398200129,0.038012219,0.074472022,0.208169201,4.0,1.901180693,0.613723964,70.0,0.007853982,0.401012824,0.032375196,0.060909739,0.168550131,4.0,1.756886735,0.363647805,87.0,0.006108652,0.415699595,0.038834066,0.066745096,0.25903141,5.0,1.182102371,-0.701420053,53.0,-0.003490659,0.390095866,0.043303837,0.083823939,0.349451294,6.0,3.086738869,0.109487633,46.0,-8.92894e-14,0.385892478,0.022689461,0.062794509,0.135276835,6.0,2.123951938,0.894052338,35.0,0.01134464,0.378665605,0.034694997,0.068673497,0.233172687,6.0,2.540572945,0.932776145,28.0,0.006108652,0.373747518,0.036497013,0.082304542,0.218348002,5.0,3.100536556,0.082019954,70.0,0.007853982,0.401012824,0.032375196,0.060909739,0.168550131,4.0,1.911852337,0.63043387,47.0,-0.003490659,0.386485672,0.032547094,0.064121381,0.201087455,6.0,1.553188574,-0.035208227,8.0,-0.008726646,0.353798062,0.040824325,0.088208322,0.256820315,6.0,0.325784536,-0.606434773,42.0,0.010471976,0.383208229,0.034272345,0.075051408,0.167478928,5.0,1.645692739,0.149233281,70.0,0.007853982,0.401012824,0.032375196,0.060909739,0.168550131,4.0,,,,,,,0.4691,,0.0,29.0,29.0,29.0,1.0,,,,,,,,,,,,,,,,,,,,,,,,,,,,0
S070,2,2024-11-21_13h14.36.924,MotivatedInference,2024.1.5,Win32,60.24096386,668be8e87e83611e680fb3ab,{{%SESSION_ID%},Chrome,,,,,,,,,,,,,,,,,,,,,,,,,,,,,,0.0,,,,,,,,6.0,,,,,,,,,conditions/conds_180.csv,2.0,0.0,,,,,,,,,1231.9113,1234.995,"[0.0029999999999290594,0.016399999976101753,0.03280000001177541,0.04959999996412989,0.06709999996405713,0.08380000001193366,0.10039999997616178,0.1163999999760108,0.13369999998803905,0.14989999997601444,0.16669999998794083,0.18299999999999272,0.1994999999999436,0.21630000001187,0.23380000001179724,0.25009999996404986,0.2661999999879754,0.2829999999999018,0.30030000001193,0.31709999996405713,0.33369999998808453,0.3503999999761618,0.3663000000117336,0.38289999997618906,0.4003999999761163,0.41709999996419356,0.43330000001174085,0.4493999999760945,0.46639999997614723,0.48380000001179724,0.5000999999640499,0.5163999999761018,0.5328999999760526,0.5494999999998527,0.566300000011779,0.5829999999998563,0.5996999999879336,0.6163999999760108,0.6328999999761891,0.6503000000118391,0.6663000000119155,0.6829999999999927,0.69969999998807,0.7161999999880209,0.7336999999879481,0.7496999999880245,0.7663999999761018,0.783099999964179,0.80030000001193,0.8168000000118809,0.8338000000119337,0.8508999999760363,0.8663999999760108,0.8829999999998108,0.8994999999999891,0.9169999999999163,0.9338000000118427,0.9503999999760708,0.96630000001187,0.9830999999642245,1.000199999987899,1.0163000000118245,1.033099999964179,1.04959999996413,1.066300000011779,1.0836999999880845,1.0995999999640844,1.1163000000117336,1.132899999976189,1.149699999987888,1.1663000000119155,1.1829999999999927,1.19969999998807,1.21630000001187,1.2329999999999472,1.2495999999641754,1.2663000000118245,1.2829999999999018,1.3003999999759799,1.316800000011881,1.3329999999998563,1.3495999999640844,1.3659999999999854,1.382899999976189,1.399699999987888,1.4163999999759653,1.4329999999999927,1.44969999998807,1.46630000001187,1.4828999999760981,1.4995999999641754,1.5165999999642281,1.5328999999760526,1.54959999996413,1.567599999964159,1.5836999999880845,1.5995999999640844,1.61649999999986,1.632899999976189,1.6503999999761163,1.6663999999759653,1.6840999999642463,1.6995999999642208,1.71630000001187,1.7328000000118209,1.7494999999998981,1.7661999999879754,1.783099999964179,1.8003999999759799,1.8163999999760563,1.8329999999998563,1.8496999999879336,1.8663000000117336,1.882899999976189,1.8995999999642663,1.9161999999880663,1.9328999999761436,1.95049999999992,1.96630000001187,1.9833999999759726,1.9995999999641754,2.0163999999761018,2.033099999964179,2.04959999996413,2.066899999976158,2.083399999976109,2.099499999999807,2.116199999988112,2.132999999999811,2.1495999999642663,2.1663000000119155,2.183300000011741,2.200399999976071,2.217099999964148,2.2330999999642245,2.2495999999641754,2.2663999999761018,2.2828999999760526,2.299699999987979,2.317099999964057,2.333300000011832,2.352199999987988,2.3663000000117336,2.382899999976189,2.3995999999642663,2.4161999999880663,2.4328000000118664,2.449599999964221,2.4663999999761472,2.4829999999999472,2.4995999999641754,2.5163000000118245,2.5328999999760526,2.54959999996413,2.5670000000000073,2.58280000001173,2.600500000000011,2.6163000000117336,2.632999999999811,2.650899999975991,2.6663999999759653,2.6828999999761436,2.6993000000118172,2.71630000001187,2.732899999976098,2.7496999999880245,2.7663000000118245,2.7829999999999018,2.79959999996413,2.816300000011779,2.8329999999998563,2.8495999999640844,2.866199999988112,2.882999999999811,2.8995999999642663,2.9170999999641936,2.933399999976018,2.949599999964221,2.9663999999761472,2.9834999999998217,2.999899999976151,3.0163000000118245,3.0329999999999018,3.0494999999998527,3.067099999964057,3.083499999999958]",0.016651351,0.000557902,186.0,left,0.0,,,,,,1.0,0.0,8.0,0.5,1.60264155,-1.0,0.65837785,-0.967904848,51.0,-0.000872665,0.388957543,0.039197552,0.074659583,0.215725836,5.0,3.086688756,0.109587256,63.0,0.002617994,0.396190386,0.03208284,0.060740902,0.237954322,6.0,2.501304773,0.958180781,89.0,0.014835299,0.418022232,0.039220845,0.067729576,0.134251055,3.0,1.862045052,0.55011125,74.0,-0.002617994,0.403888444,0.032857311,0.06846285,0.186846183,6.0,1.485611347,-0.169546965,41.0,0.013089969,0.382506884,0.032100804,0.075836611,0.218324429,6.0,2.173144906,0.933730849,30.0,-0.009599311,0.375182725,0.031494597,0.070464671,0.19533995,5.0,2.84530858,0.558493164,79.0,-0.004363323,0.40793127,0.02386995,0.059748747,0.165450333,7.0,1.381286468,-0.370009937,93.0,0.012217305,0.423353751,0.033559225,0.078739299,0.188587653,4.0,0.0,0.0,0.0,0.0,0.0,0.0,0.0,0.0,0.0,0.0,0.0,0.0,0.0,0.0,0.0,0.0,0.0,0.0,0.0,0.0,0.0,0.0,0.0,0.0,0.0,0.0,0.0,0.0,0.0,0.0,0.0,0.0,0.0,0.0,0.0,0.0,,,,,,,0.6841,,0.0,30.0,30.0,30.0,1.0,,,,,,,,,,,,,,,,,,,,,,,,,,,,0
S070,2,2024-11-21_13h14.36.924,MotivatedInference,2024.1.5,Win32,60.24096386,668be8e87e83611e680fb3ab,{{%SESSION_ID%},Chrome,,,,,,,,,,,,,,,,,,,,,,,,,,,,,,0.0,,,,,,,,2.0,,,,,,,,,conditions/conds_180.csv,2.0,0.0,,,,,,,,,1236.6945,1238.4277,"[0.0019999999999527063,0.016399999976101753,0.03289999997605264,0.04969999998797903,0.06630000001177905,0.08289999997623454,0.09969999998816093,0.11630000001196095,0.1330000000000382,0.14980000001196458,0.16650000000004184,0.18299999999999272,0.2003000000117936,0.21610000002374363,0.23269999998797175,0.2496999999880245,0.2661999999879754,0.28369999998813,0.299699999987979,0.31630000001177905,0.3330000000000837,0.3496000000238837,0.3673000000119373,0.38369999998803905,0.4003999999761163,0.41630000001191547,0.4336999999879936,0.45049999999991996,0.46630000001187,0.48299999999994725,0.49989999997615087,0.5171000000239019,0.5331000000237509,0.55030000001193,0.566300000011779,0.5828999999762345,0.5996999999881609,0.616300000011961,0.6331000000238873,0.6496000000238382,0.6663000000119155,0.6829999999999927,0.69969999998807,0.71630000001187,0.7329999999999472,0.7496999999880245,0.7671000000239019,0.78369999998813,0.7996000000237018,0.816300000011779,0.8330000000000837,0.8496999999881609,0.866300000011961,0.8833999999760636,0.8996999999881155,0.91599999999994,0.9328999999761436,0.9496000000237927,0.96630000001187,0.9831000000237964,0.9996999999880245,1.0163000000118245,1.03369999998813,1.049699999987979,1.0663999999760563,1.0830000000000837,1.1003999999761618,1.116300000011961,1.1331000000238873,1.1496999999881155,1.1669999999999163,1.1838000000118427,1.2001000000238946,1.2166999999881227,1.2331999999880736,1.2496999999880245,1.2663000000118245,1.28369999998813,1.299699999987979,1.316300000011779,1.3330000000000837,1.3496000000238837,1.366300000011961,1.3830000000000382,1.3996000000238382,1.4163999999761927,1.4329999999999927,1.449800000011919,1.46630000001187,1.4828999999760981,1.5003999999760254,1.5163000000118245,1.5329999999999018,1.5496000000237018,1.5671999999881336,1.5866999999880136,1.599699999988161,1.6161000000238346,1.6330000000000382,1.6496000000238382,1.6663000000119155,1.6828999999761436,1.7001000000238946,1.71630000001187,1.7329999999999472]",0.016644231,0.000635916,105.0,right,1.0,,,,,,1.0,0.0,4.0,0.5,1.393676884,-1.0,2.990531075,0.297547869,75.0,-0.006981317,0.404601252,0.036318328,0.07284169,0.209916045,6.0,2.188776799,0.944464418,65.0,0.000872665,0.397557211,0.028332609,0.059251996,0.151978572,5.0,2.795505849,0.638212065,30.0,-0.009599311,0.375182725,0.031494597,0.070464671,0.19533995,5.0,1.316729549,-0.486547468,31.0,0.004363323,0.375872077,0.0344646,0.07529372,0.228193104,6.0,0.0,0.0,0.0,0.0,0.0,0.0,0.0,0.0,0.0,0.0,0.0,0.0,0.0,0.0,0.0,0.0,0.0,0.0,0.0,0.0,0.0,0.0,0.0,0.0,0.0,0.0,0.0,0.0,0.0,0.0,0.0,0.0,0.0,0.0,0.0,0.0,0.0,0.0,0.0,0.0,0.0,0.0,0.0,0.0,0.0,0.0,0.0,0.0,0.0,0.0,0.0,0.0,0.0,0.0,0.0,0.0,0.0,0.0,0.0,0.0,0.0,0.0,0.0,0.0,0.0,0.0,0.0,0.0,0.0,0.0,0.0,0.0,,,,,,,0.5667,,0.0,31.0,31.0,31.0,1.0,,,,,,,,,,,,,,,,,,,,,,,,,,,,0
S070,2,2024-11-21_13h14.36.924,MotivatedInference,2024.1.5,Win32,60.24096386,668be8e87e83611e680fb3ab,{{%SESSION_ID%},Chrome,,,,,,,,,,,,,,,,,,,,,,,,,,,,,,0.0,,,,,,,,5.0,,,,,,,,,conditions/conds_180.csv,2.0,0.0,,,,,,,,,1240.0109,1243.0773,"[0.0025000000000545697,0.01730000001202825,0.033200000047827416,0.049800000012055534,0.06730000001198277,0.0836000000238073,0.09980000001201006,0.11660000002393645,0.1333000000120137,0.14980000001196458,0.16660000002389097,0.18340000003581736,0.1998000000119191,0.2172000000477965,0.23320000004764552,0.249800000012101,0.26640000003590103,0.28330000001210465,0.3002000000476528,0.3171000000238564,0.3336000000238073,0.3499000000358592,0.3668000000120628,0.38320000004773647,0.3999000000358137,0.41650000000004184,0.43310000002384186,0.44990000003576824,0.46740000003592286,0.484000000000151,0.499800000012101,0.5165000000001783,0.5336000000238528,0.5498000000120555,0.5676000000239583,0.5831000000239328,0.5999000000358592,0.6169999999999618,0.6331000000238873,0.6502000000477892,0.666600000023891,0.683200000047691,0.6998000000119191,0.7164999999999964,0.7333000000119227,0.7499000000357228,0.7665000000001783,0.7832000000478274,0.7999000000359047,0.8165000000001328,0.8332000000477819,0.8499000000358592,0.8664000000358101,0.8832000000477365,0.8998000000119646,0.916600000023891,0.933200000047691,0.9508000000118955,0.9673000000120737,0.9832000000476455,0.9999000000357228,1.0165000000001783,1.0331000000239783,1.0501000000238037,1.0665000000001328,1.083200000047782,1.0999000000358592,1.1165000000000873,1.1333000000120137,1.1498000000119646,1.1665000000000418,1.183200000047691,1.2006000000239965,1.2164999999999964,1.2332000000476455,1.2511000000238255,1.2673000000120282,1.2831000000239783,1.2998000000120555,1.3172000000477055,1.3330000000000837,1.3500000000001364,1.3665000000000873,1.3832000000477365,1.3999000000358137,1.4165000000000418,1.4331000000238419,1.4506000000239965,1.4668000000119719,1.4831000000240238,1.4999000000357228,1.5166000000240274,1.5332000000478274,1.5498000000120555,1.5665000000001328,1.5839000000357828,1.59980000001201,1.6175000000000637,1.6336000000239892,1.6498000000119646,1.6665000000000418,1.683999999999969,1.6999000000357682,1.7167000000476946,1.7345000000000255,1.7503000000119755,1.7670000000000528,1.7831000000239783,1.7999000000359047,1.8165000000001328,1.8331000000239328,1.84980000001201,1.8665000000000873,1.8831000000238873,1.8999000000358137,1.9165000000000418,1.933200000047691,1.9499000000357682,1.9672000000477965,1.9832000000476455,1.9999000000357228,2.0165000000001783,2.0334000000357264,2.0499000000359047,2.066500000000133,2.083200000047782,2.099700000047733,2.1165000000000873,2.1331000000238873,2.1499000000358137,2.1664000000357646,2.183200000047691,2.199800000011919,2.2172000000477965,2.2332000000476455,2.249800000012101,2.2665000000001783,2.283700000047702,2.2999000000359047,2.316500000000133,2.3338000000119337,2.3503000000118845,2.3665000000000873,2.3832000000477365,2.3997000000476874,2.416500000000042,2.4329999999999927,2.4506000000239965,2.467400000035923,2.4838000000120246,2.5007000000478,2.5165000000001783,2.5331000000239783,2.5498000000120555,2.5664000000358556,2.583200000047782,2.59980000001201,2.616999999999962,2.633000000000038,2.6499000000358137,2.6664000000357646,2.683900000035919,2.7007000000478456,2.7171000000239474,2.733500000000049,2.749800000012101,2.7666000000240274,2.7831000000239783,2.7998000000120555,2.816700000047831,2.833200000047782,2.849900000035859,2.8665000000000873,2.8831000000238873,2.8999000000358137,2.917200000047842,2.933100000023842,2.9499000000357682,2.9666000000238455,2.9831000000240238,2.999800000012101,3.0166000000240274,3.0334000000357264,3.0499000000359047,3.0663000000120064]",0.016651087,0.000433764,185.0,left,0.0,,,,,,1.0,0.0,8.0,0.5,2.394043424,-1.0,1.977365228,0.726447115,7.0,-0.003490659,0.352071506,0.033456274,0.080650645,0.190019159,6.0,1.771823251,0.39130924,25.0,0.001745329,0.371739039,0.031180836,0.079221418,0.176784845,4.0,0.473484983,-0.811649254,13.0,0.012217305,0.36034398,0.040523863,0.087309629,0.214125832,4.0,2.451778777,0.981782869,11.0,-0.013089969,0.357861323,0.044486954,0.075207378,0.243622836,5.0,2.053154717,0.821887613,79.0,-0.004363323,0.40793127,0.02386995,0.059748747,0.165450333,7.0,2.791336253,0.644609815,16.0,0.017453293,0.363466057,0.031192723,0.069909496,0.180964939,5.0,0.837050175,-0.994668883,92.0,-0.000872665,0.422008311,0.023140698,0.057298337,0.164165775,6.0,2.798025182,0.634324909,79.0,-0.004363323,0.40793127,0.02386995,0.059748747,0.165450333,7.0,0.0,0.0,0.0,0.0,0.0,0.0,0.0,0.0,0.0,0.0,0.0,0.0,0.0,0.0,0.0,0.0,0.0,0.0,0.0,0.0,0.0,0.0,0.0,0.0,0.0,0.0,0.0,0.0,0.0,0.0,0.0,0.0,0.0,0.0,0.0,0.0,,,,,,,0.8686,,0.0,32.0,32.0,32.0,1.0,,,,,,,,,,,,,,,,,,,,,,,,,,,,0
S070,2,2024-11-21_13h14.36.924,MotivatedInference,2024.1.5,Win32,60.24096386,668be8e87e83611e680fb3ab,{{%SESSION_ID%},Chrome,,,,,,,,,,,,,,,,,,,,,,,,,,,,,,0.0,,,,,,,,12.0,,,,,,,,,conditions/conds_180.csv,2.0,0.0,,,,,,,,,1244.9444,1249.3774,"[0.004700000047705544,0.016300000011824523,0.03290000003585192,0.049900000035677294,0.06670000004760368,0.08290000003580644,0.0996000000238837,0.11630000001196095,0.1330000000000382,0.14960000002383822,0.1664000000357646,0.1829000000357155,0.19960000002379275,0.21630000001187,0.23299999999994725,0.2503000000119755,0.26640000003567366,0.28360000002385277,0.29960000002392917,0.3167000000476037,0.3330000000000837,0.34950000000003456,0.36630000001196095,0.3830000000000382,0.39970000004768735,0.41660000002389097,0.43340000003581736,0.4497000000476419,0.4659999999998945,0.48299999999994725,0.4997000000475964,0.5164000000356737,0.5329999999999018,0.5497000000475509,0.5662000000477292,0.5831000000239328,0.5996000000238837,0.616300000011961,0.6332000000477365,0.6497000000476874,0.6662000000476382,0.6829999999999927,0.6996000000237927,0.7169999999998709,0.7337000000477474,0.7502000000476983,0.7664000000356737,0.7829000000358519,0.7996000000239292,0.8163000000120064,0.8330000000000837,0.8496000000238837,0.866300000011961,0.882900000035761,0.8996000000238382,0.9163000000119155,0.9329000000357155,0.9494999999999436,0.96630000001187,0.98290000003567,0.9994999999998981,1.0164000000356737,1.033700000047702,1.0496000000239292,1.0663000000120064,1.0831000000239328,1.0996000000238837,1.116300000011961,1.1326000000237855,1.1496000000238382,1.166100000023789,1.1829000000357155,1.1994999999999436,1.21630000001187,1.23290000003567,1.2497000000475964,1.267200000047751,1.2835000000000036,1.2996000000239292,1.3163000000120064,1.33270000004768,1.3496000000238837,1.3662000000476837,1.3830000000000382,1.4007000000476637,1.4162000000476382,1.4329000000357155,1.4496000000237927,1.4659999999998945,1.4829999999999472,1.4996000000237473,1.5163000000118245,1.5328000000120028,1.54950000000008,1.5662000000477292,1.5831000000239328,1.5996000000238837,1.616300000011961,1.6330000000000382,1.6496000000238382,1.6662000000476382,1.6829000000357155,1.6996000000237927,1.7162000000475928,1.7329999999999472,1.7512000000476746,1.7661000000239255,1.7829999999999018,1.7996000000239292,1.8162000000477292,1.8329000000358064,1.84980000001201,1.866300000011961,1.882900000035761,1.8996000000238382,1.9171000000237655,1.9329000000357155,1.9494999999999436,1.9664000000357191,1.9829999999999472,1.9996000000237473,2.0162000000477747,2.033100000023751,2.049700000047551,2.0663000000120064,2.0828000000119573,2.099700000047733,2.116300000011961,2.132800000011912,2.149600000023838,2.1662000000476382,2.1829000000357155,2.1994999999999436,2.2162000000475928,2.23290000003567,2.2496000000237473,2.2664000000356737,2.282900000035852,2.29950000000008,2.3172000000477055,2.3336000000238073,2.35140000003571,2.3683000000119137,2.3826000000237855,2.3997000000476874,2.4162000000476382,2.4329000000357155,2.4494999999999436,2.46630000001187,2.482800000011821,2.4996000000237473,2.5163000000118245,2.532900000035852,2.54950000000008,2.566200000047729,2.5829000000358064,2.5994000000357573,2.6162000000476837,2.632900000035761,2.6493000000118627,2.6662000000476382,2.683100000023842,2.7007000000476182,2.7164999999999964,2.732800000011821,2.7496000000237473,2.7666000000238,2.7829999999999018,2.799700000047551,2.816200000047729,2.833300000011832,2.8495000000000346,2.866300000011961,2.882900000035761,2.9010000000000673,2.9162000000476382,2.9336000000237163,2.95049999999992,2.9659999999998945,2.98290000003567,2.9996000000237473,3.0183000000120046,3.034600000023829,3.0492000000476764,3.066000000000031,3.083900000035783,3.0995000000000346,3.1162000000476837,3.133000000000038,3.149499999999989,3.1662000000476382,3.1829000000357155,3.2000000000000455,3.2162000000475928,3.23290000003567,3.2496000000237473,3.2661000000239255,3.285100000023931,3.299400000035803,3.3163000000120064,3.3338000000119337,3.3504000000357337,3.3662000000476837,3.382800000011912,3.4001000000237127,3.4163000000119155,3.4329000000357155,3.4494999999999436,3.466400000035719,3.48290000003567,3.4996000000237473,3.5162000000477747,3.532900000035852,3.549600000023929,3.566200000047729,3.5829000000358064,3.5995000000000346,3.616300000011961,3.632900000035761,3.649499999999989,3.6672000000476146,3.6844000000357937,3.6994999999999436,3.7162000000475928,3.732800000011821,3.749499999999898,3.7669000000357755,3.7842000000475764,3.799600000023929,3.8171000000238564,3.8336000000238073,3.8496000000238837,3.8662000000476837,3.883000000000038,3.899600000023838,3.9162000000476382,3.9328000000118664,3.9494999999999436,3.96630000001187,3.983500000000049,3.999499999999898,4.0169000000357755,4.033700000047702,4.049400000035803,4.06610000002388,4.083499999999958,4.099500000000035,4.116300000011961,4.132900000035761,4.149499999999989,4.166200000047638,4.182800000011866,4.199400000035666,4.21630000001187,4.232800000011821,4.250900000035699,4.267800000011903,4.283600000023853,4.299400000035803,4.316200000047729,4.333700000047656,4.350500000000011,4.366700000047558,4.383000000000038,4.399300000011863,4.416200000047638,4.4329000000357155]",0.016647368,0.000614007,267.0,right,1.0,,,,,,2.0,0.0,12.0,0.5,-4.838102213,1.0,0.112693256,-0.223483115,88.0,0.001745329,0.416906428,0.03407937,0.068935353,0.194962658,5.0,1.639425549,0.136827861,46.0,-8.92894e-14,0.385892478,0.022689461,0.062794509,0.135276835,6.0,0.103300722,-0.20513481,75.0,-0.006981317,0.404601252,0.036318328,0.07284169,0.209916045,6.0,0.300911034,-0.566145353,29.0,-0.000872665,0.374372435,0.035828607,0.080766738,0.158410304,4.0,0.449732962,-0.782994811,75.0,-0.006981317,0.404601252,0.036318328,0.07284169,0.209916045,6.0,0.473505617,-0.811673359,97.0,0.006981317,0.43254107,0.031598025,0.077611504,0.241207486,6.0,1.06484708,-0.847840052,77.0,0.006108652,0.406238369,0.034151794,0.067462161,0.265706452,7.0,1.392883712,-0.34836402,11.0,-0.013089969,0.357861323,0.044486954,0.075207378,0.243622836,5.0,1.398964462,-0.336938845,2.0,0.008726646,0.338473989,0.032964075,0.086271212,0.185208292,4.0,1.332488477,-0.45877468,99.0,-0.003490659,0.442500629,0.032492338,0.059723416,0.160754516,4.0,2.870305669,0.516342002,62.0,-0.006981317,0.395568746,0.03641844,0.082091507,0.288170754,7.0,0.571549228,-0.909923031,32.0,0.007853982,0.376580194,0.027808234,0.064839678,0.152904525,6.0,,,,,,,0.6351,,0.0,33.0,33.0,33.0,1.0,,,,,,,,,,,,,,,,,,,,,,,,,,,,0
S070,2,2024-11-21_13h14.36.924,MotivatedInference,2024.1.5,Win32,60.24096386,668be8e87e83611e680fb3ab,{{%SESSION_ID%},Chrome,,,,,,,,,,,,,,,,,,,,,,,,,,,,,,0.0,,,,,,,,4.0,,,,,,,,,conditions/conds_180.csv,2.0,0.0,,,,,,,,,1251.0108,1252.7283,"[0.0015000000000782165,0.016399999976329127,0.03309999996440638,0.049800000012055534,0.06630000001200642,0.08300000000008367,0.10030000001211192,0.11639999997623818,0.13309999996431543,0.14980000001196458,0.16739999997616906,0.18389999997634732,0.19980000001214648,0.2163999999763746,0.23309999996445185,0.25,0.26700000000005275,0.2833999999763819,0.29950000000008004,0.31639999997628365,0.33289999997623454,0.34950000000003456,0.3665000000000873,0.38309999996431543,0.3998999999762418,0.4163999999761927,0.43309999996426995,0.4498000000121465,0.4663999999763746,0.48309999996445185,0.499800000012101,0.5163999999763291,0.5331999999882555,0.54950000000008,0.5665000000001328,0.5830999999643609,0.6006999999881373,0.6175999999643409,0.6336999999882664,0.6496999999881155,0.6663999999761927,0.68309999996427,0.6998000000121465,0.7165000000002237,0.7330999999644519,0.7496999999882519,0.7673000000120282,0.7830000000001291,0.8000000000001819,0.8163999999762837,0.8330000000000837,0.8498000000120101,0.8665000000000873,0.8830999999643154,0.8995999999642663,0.9161999999882937,0.9330000000002201,0.9496999999882973,0.9663000000120974,0.9835000000000491,1.0001999999881264,1.0163999999763291,1.0335000000000036,1.0496999999882064,1.0663999999762837,1.083099999964361,1.099699999988161,1.1165999999643645,1.1330000000000382,1.1498000000119646,1.166599999964319,1.18380000001207,1.1998999999761963,1.2163999999763746,1.2330000000001746,1.2496999999882519,1.2665000000001783,1.2830999999644064,1.2998000000120555,1.3165000000001328,1.333099999964361,1.34980000001201,1.3663999999762382,1.3830999999643154,1.3998000000119646,1.4163999999761927,1.43309999996427,1.4498000000121465,1.4663999999763746,1.4830999999644519,1.499800000012101,1.5161999999882028,1.5330999999644064,1.5498000000120555,1.5670000000000073,1.583099999964361,1.5995999999643118,1.6170000000001892,1.6330000000000382,1.6498000000119646,1.6663000000121428,1.683199999988119,1.6998000000121465,1.7173000000120737]",0.016658252,0.000375596,104.0,right,1.0,,,,,,2.0,0.0,4.0,0.5,-0.976527067,1.0,0.465291037,-0.801967789,18.0,-0.008726646,0.365457086,0.031782524,0.075683607,0.153768306,4.0,2.0627243,0.832639041,36.0,0.002617994,0.379263044,0.03913601,0.077664539,0.168574417,3.0,1.381080916,-0.370391833,97.0,0.006981317,0.43254107,0.031598025,0.077611504,0.241207486,6.0,0.345174615,-0.636806486,2.0,0.008726646,0.338473989,0.032964075,0.086271212,0.185208292,4.0,0.0,0.0,0.0,0.0,0.0,0.0,0.0,0.0,0.0,0.0,0.0,0.0,0.0,0.0,0.0,0.0,0.0,0.0,0.0,0.0,0.0,0.0,0.0,0.0,0.0,0.0,0.0,0.0,0.0,0.0,0.0,0.0,0.0,0.0,0.0,0.0,0.0,0.0,0.0,0.0,0.0,0.0,0.0,0.0,0.0,0.0,0.0,0.0,0.0,0.0,0.0,0.0,0.0,0.0,0.0,0.0,0.0,0.0,0.0,0.0,0.0,0.0,0.0,0.0,0.0,0.0,0.0,0.0,0.0,0.0,0.0,0.0,,,,,,,0.5503,,0.0,34.0,34.0,34.0,1.0,,,,,,,,,,,,,,,,,,,,,,,,,,,,0
S070,2,2024-11-21_13h14.36.924,MotivatedInference,2024.1.5,Win32,60.24096386,668be8e87e83611e680fb3ab,{{%SESSION_ID%},Chrome,,,,,,,,,,,,,,,,,,,,,,,,,,,,,,0.0,,,,,,,,10.0,,,,,,,,,conditions/conds_180.csv,2.0,0.0,,,,,,,,,1254.2942,1258.7939,"[0.003600000023652683,0.016400000035673656,0.032999999999901775,0.049900000035677294,0.06669999998803178,0.0829999999998563,0.09969999998793355,0.11619999998788444,0.13290000003576097,0.14969999998788808,0.1664000000357646,0.18299999999999272,0.19960000002379275,0.21630000001187,0.23310000002379638,0.24960000002374727,0.2669999999998254,0.28380000001175176,0.2996000000237018,0.31630000001177905,0.33369999998785715,0.3501000000237582,0.3664000000355827,0.3826999999880627,0.3996000000238382,0.41630000001191547,0.4329000000357155,0.44960000002379275,0.46630000001187,0.48440000003574823,0.49980000001187364,0.5163000000118245,0.5338000000117518,0.5504000000355518,0.5671999999879063,0.5844000000356573,0.5996999999879336,0.6164999999998599,0.6333000000117863,0.6496000000238382,0.6669999999999163,0.6831999999878917,0.6996000000237927,0.7164000000357191,0.7331000000237964,0.7496999999880245,0.7664000000356737,0.7829000000356245,0.7996000000237018,0.816300000011779,0.8329999999998563,0.8496000000236563,0.8671999999878608,0.8839000000357373,0.8996000000238382,0.91599999999994,0.9333000000117408,0.94969999998807,0.96630000001187,0.98290000003567,0.9996999999880245,1.0163000000118245,1.0338000000117518,1.049699999987979,1.0664000000356282,1.082900000035579,1.1001000000237582,1.1163000000117336,1.1336000000237618,1.150300000011839,1.1666000000236636,1.1833000000117408,1.1996000000237927,1.21710000002372,1.2333000000119227,1.2496000000237473,1.2669999999998254,1.2833000000118773,1.2996000000237018,1.31699999999978,1.3336000000238073,1.3496999999879336,1.3663000000117336,1.382900000035761,1.4004000000356882,1.416900000035639,1.4329999999999927,1.4496000000237927,1.4664000000357191,1.4833000000119227,1.5003000000117481,1.5163000000118245,1.5329999999999018,1.5496000000237018,1.566300000011779,1.5834999999999582,1.5996000000236563,1.6163000000117336,1.6329999999998108,1.6496000000238382,1.6669999999999163,1.6836000000237163,1.7004000000356427,1.7169999999998709,1.7333000000119227,1.7504999999998745,1.7664999999999509,1.7828000000117754,1.7996000000237018,1.8159999999998035,1.8329999999998563,1.8496000000236563,1.8663000000117336,1.882900000035761,1.8996000000238382,1.9171000000237655,1.9336999999879936,1.9496000000237927,1.96630000001187,1.98290000003567,1.9994999999998981,2.0163000000118245,2.0329000000356245,2.0494999999998527,2.0664999999999054,2.0831999999879827,2.0996999999879336,2.1161999999878844,2.132900000035761,2.149600000023838,2.1669999999999163,2.1836999999879936,2.1996000000237927,2.21630000001187,2.23290000003567,2.2496000000237473,2.2671000000236745,2.283100000023751,2.3003000000117027,2.31619999998793,2.3339000000355554,2.3496999999879336,2.3663000000117336,2.383199999987937,2.399499999999989,2.4164000000357646,2.4329000000357155,2.44969999998807,2.46630000001187,2.4831000000237964,2.4996999999880245,2.5163000000118245,2.5329999999999018,2.5494999999998527,2.566300000011779,2.582900000035579,2.5996000000236563,2.6163000000117336,2.633800000011888,2.649499999999989,2.6661999999880663,2.6829000000357155,2.699900000035541,2.7174000000356955,2.7333000000119227,2.7496999999880245,2.7661999999879754,2.7829000000356245,2.799600000023702,2.816300000011779,2.832900000035579,2.8496000000236563,2.8661999999878844,2.882900000035761,2.899600000023838,2.9171000000237655,2.9329000000357155,2.9496000000237927,2.966199999988021,2.9831000000237964,2.9996000000237473,3.0161999999879754,3.0329000000356245,3.049600000023702,3.06619999998793,3.082900000035579,3.0996000000236563,3.1163000000117336,3.132900000035761,3.149600000023838,3.1664000000357646,3.1829000000357155,3.1996000000237927,3.21630000001187,3.23290000003567,3.2496999999880245,3.2661999999879754,3.2829000000356245,3.300499999999829,3.31619999998793,3.3329999999998563,3.3496999999879336,3.36649999999986,3.382900000035761,3.399499999999989,3.41599999999994,3.4329000000357155,3.4496000000237927,3.46630000001187,3.48290000003567,3.5,3.5163000000118245,3.5329999999999018,3.549600000023702,3.56619999998793,3.582900000035579,3.599499999999807,3.6163000000117336,3.632900000035761,3.650400000035688,3.6661999999880663,3.6829000000357155,3.69969999998807,3.716199999988021,3.7331000000237964,3.7496000000237473,3.766100000023698,3.7826999999879263,3.799600000023702,3.816300000011779,3.8329999999998563,3.849499999999807,3.8661999999878844,3.882900000035761,3.899699999987888,3.9161999999880663,3.9329000000357155,3.9494999999999436,3.9664999999999964,3.9829999999999472,3.9996000000237473,4.0163000000118245,4.0329000000356245,4.049600000023702,4.067100000023629,4.083199999987983,4.099600000023656,4.116100000023835,4.132900000035761,4.15019999998799,4.1663000000119155,4.182800000011866,4.199600000023793,4.216100000023744,4.233600000023671,4.250300000011748,4.2663000000118245,4.283900000035601,4.300400000035552,4.31619999998793,4.332900000035579,4.349499999999807,4.366900000035685,4.382999999999811,4.399699999987888,4.417199999988043,4.432999999999993,4.450100000023667,4.466199999988021,4.4826000000236945,4.499499999999898]",0.016651481,0.000472481,271.0,left,1.0,,,,,,1.0,0.0,12.0,0.5,3.428188959,1.0,0.838453634,-0.994375514,68.0,0.009599311,0.399449425,0.031951263,0.065393928,0.165147664,5.0,2.483457259,0.967782868,28.0,0.006108652,0.373747518,0.036497013,0.082304542,0.218348002,5.0,1.404880128,-0.325776009,83.0,0.005235988,0.41175896,0.032251087,0.065012348,0.244231929,6.0,1.716187986,0.286702747,28.0,0.006108652,0.373747518,0.036497013,0.082304542,0.218348002,5.0,0.908404664,-0.969891117,97.0,0.006981317,0.43254107,0.031598025,0.077611504,0.241207486,6.0,0.11299596,-0.224073169,68.0,0.009599311,0.399449425,0.031951263,0.065393928,0.165147664,5.0,2.617253474,0.866764858,69.0,-0.001745329,0.400311091,0.03773135,0.078132351,0.241087639,6.0,2.462907159,0.977311133,59.0,0.006981317,0.393731017,0.031135395,0.06163787,0.205460115,5.0,1.697735243,0.25115937,95.0,-0.003490659,0.427246221,0.028411926,0.064304978,0.203029515,6.0,2.232549221,0.969579196,75.0,-0.006981317,0.404601252,0.036318328,0.07284169,0.209916045,6.0,2.704012694,0.767646001,67.0,0.000872665,0.398829923,0.040120187,0.066830121,0.198372452,4.0,2.083917661,0.855358597,78.0,0.004363323,0.407032945,0.030231373,0.057417546,0.211999481,6.0,,,,,,,0.4682,,0.0,35.0,35.0,35.0,1.0,,,,,,,,,,,,,,,,,,,,,,,,,,,,0
S070,2,2024-11-21_13h14.36.924,MotivatedInference,2024.1.5,Win32,60.24096386,668be8e87e83611e680fb3ab,{{%SESSION_ID%},Chrome,,,,,,,,,,,,,,,,,,,,,,,,,,,,,,-1.0,,,,,,,,2.0,,,,,,,,,conditions/conds_121.csv,3.0,0.0,,,,,,,,,1314.7265,1316.4458,"[0.002200000047650974,0.01940000003583009,0.033700000047701906,0.049400000035802805,0.06710000002385641,0.08790000003591558,0.10050000000001091,0.12149999999996908,0.13290000003576097,0.15450000000009823,0.17120000004774738,0.183200000047691,0.20440000003577552,0.21630000001187,0.2338000000120246,0.25390000003585556,0.2669000000357755,0.28610000002390734,0.3005000000000564,0.3202000000476346,0.33349999999995816,0.3548000000118918,0.3668000000120628,0.38710000002379275,0.3999000000358137,0.4210000000000491,0.433200000047691,0.4504000000358701,0.47110000002385277,0.4838000000120246,0.5031000000240056,0.5164999999999509,0.5372000000477328,0.5506000000239055,0.5703000000119118,0.5839000000357828,0.6038000000119155,0.6172000000476601,0.6373000000119191,0.650000000000091,0.6712000000477474,0.6862000000478474,0.7026000000239492,0.71630000001187,0.7372000000477783,0.7504000000358246,0.7671000000239019,0.7863000000120337,0.803000000000111,0.8164000000358556,0.8361000000238619,0.8539000000357646,0.8669999999999618,0.8873000000119191,0.8994999999999891,0.9207000000476455,0.933200000047691,0.9527000000477983,0.9664000000357191,0.986200000047802,0.9997000000478238,1.0211000000238073,1.0360000000000582,1.0543000000120628,1.0671000000238564,1.0863000000119882,1.100500000000011,1.1195000000000164,1.1339000000357373,1.1548000000120737,1.1712000000477474,1.1834000000358174,1.2050000000001546,1.2166000000238455,1.2374999999999545,1.2501000000238491,1.2706000000239328,1.2834000000357264,1.2998000000120555,1.3215000000000146,1.3339000000357828,1.35349999999994,1.367100000023811,1.3862000000476655,1.40010000002394,1.4208000000119227,1.433200000047691,1.4525000000001,1.471800000012081,1.4871000000239292,1.4997000000478238,1.5199999999999818,1.533700000047702,1.5540000000000873,1.566800000011881,1.5877000000477892,1.6000000000001364,1.6195000000000164,1.6330000000000382,1.6497000000476874,1.6664000000357646,1.6857000000477456,1.6996000000237927,1.7193000000120264]",0.016670874,0.003398904,104.0,right,0.0,,,,,,1.0,0.0,4.0,0.5,2.385765962,1.0,1.846253913,0.523467218,40.0,0.001745329,0.381763748,0.031902579,0.075140032,0.211660484,6.0,1.646401099,0.150633986,26.0,-8.92894e-14,0.37233788,0.03804093,0.07765862,0.260457405,6.0,2.52655431,0.942514431,75.0,-0.006981317,0.404601252,0.036318328,0.07284169,0.209916045,6.0,2.702837385,0.769150328,78.0,0.004363323,0.407032945,0.030231373,0.057417546,0.211999481,6.0,0.0,0.0,0.0,0.0,0.0,0.0,0.0,0.0,0.0,0.0,0.0,0.0,0.0,0.0,0.0,0.0,0.0,0.0,0.0,0.0,0.0,0.0,0.0,0.0,0.0,0.0,0.0,0.0,0.0,0.0,0.0,0.0,0.0,0.0,0.0,0.0,0.0,0.0,0.0,0.0,0.0,0.0,0.0,0.0,0.0,0.0,0.0,0.0,0.0,0.0,0.0,0.0,0.0,0.0,0.0,0.0,0.0,0.0,0.0,0.0,0.0,0.0,0.0,0.0,0.0,0.0,0.0,0.0,0.0,0.0,0.0,0.0,,,,,,,0.9427,,0.0,0.0,0.0,0.0,1.0,1259.6135,1312.4269,,,,,,,,,,,,,,,,,,,,,,,,,,0
S070,2,2024-11-21_13h14.36.924,MotivatedInference,2024.1.5,Win32,60.24096386,668be8e87e83611e680fb3ab,{{%SESSION_ID%},Chrome,,,,,,,,,,,,,,,,,,,,,,,,,,,,,,-1.0,,,,,,,,9.0,,,,,,,,,conditions/conds_121.csv,3.0,0.0,,,,,,,,,1318.3939,1322.8594,"[0.0039000000358555553,0.015400000035697303,0.032100000023774555,0.04880000001185181,0.06630000001200642,0.08260000002383094,0.09890000003588284,0.11590000003570822,0.13210000002391098,0.148700000047711,0.16530000001193912,0.18230000001199187,0.19880000001194276,0.21540000003574278,0.23210000002382003,0.24880000001189728,0.26549999999997453,0.28210000002377456,0.2988000000118518,0.3162000000477292,0.3330000000000837,0.3496000000238837,0.3654000000358337,0.382100000023911,0.3999000000358137,0.41620000004763824,0.4329000000357155,0.4486000000238164,0.46550000000002,0.48210000002382003,0.4984000000358719,0.5154999999999745,0.5319000000358756,0.5488000000118518,0.5661000000238801,0.5822000000478056,0.5988000000120337,0.6154000000358337,0.6322000000477601,0.648700000047711,0.6654000000357883,0.6822000000477146,0.6987000000476655,0.71550000000002,0.7319999999999709,0.7488000000118973,0.7664999999999509,0.7828000000120028,0.7988000000118518,0.8153000000120301,0.8321000000239565,0.8487000000477565,0.8654000000358337,0.8820000000000618,0.8988000000119882,0.9155000000000655,0.9321000000238655,0.9488000000119428,0.9654000000357428,0.98210000002382,0.9988000000118973,1.0154999999999745,1.0322000000476237,1.04950000000008,1.06610000002388,1.0830000000000837,1.0988000000120337,1.1154000000358337,1.1331000000238873,1.149499999999989,1.1655000000000655,1.1820000000000164,1.1988000000119428,1.2154000000357428,1.231999999999971,1.24870000004762,1.2654999999999745,1.2819999999999254,1.298700000047802,1.3154000000358792,1.3320000000001073,1.3487000000477565,1.3653000000119846,1.3830000000000382,1.3996000000238382,1.4155000000000655,1.4329000000357155,1.4488000000119428,1.46550000000002,1.4824000000357955,1.49870000004762,1.5151000000239492,1.5319999999999254,1.5488000000118518,1.5654000000358792,1.5820000000001073,1.5994000000357573,1.6159000000357082,1.632100000023911,1.6488000000119882,1.6654000000357883,1.6828000000118664,1.6987000000476655,1.7154000000357428,1.73210000002382,1.7488000000118973,1.7654000000356973,1.782900000035852,1.798900000035701,1.8156000000237782,1.8322000000478056,1.8487000000477565,1.8662000000476837,1.8820000000000618,1.899499999999989,1.9173000000118918,1.932400000035841,1.9488000000119428,1.9664999999999964,1.98210000002382,1.99870000004762,2.0154000000356973,2.032300000011901,2.049400000035803,2.066200000047729,2.083100000023933,2.098900000035883,2.11560000002396,2.13220000004776,2.1488000000119882,2.1656000000239146,2.1820000000000164,2.1987000000476655,2.2153000000118936,2.23210000002382,2.24870000004762,2.2654000000356973,2.2822000000476237,2.298600000023953,2.316200000047729,2.3328000000119573,2.3495000000000346,2.3654000000358337,2.382800000011912,2.398700000047711,2.4155000000000655,2.4325000000001182,2.4488000000119428,2.466000000000122,2.4818000000118445,2.49870000004762,2.5154000000356973,2.5319999999999254,2.548600000023953,2.56530000001203,2.5830000000000837,2.5996000000238837,2.6153000000119846,2.632100000023911,2.648600000023862,2.6654000000357883,2.6821000000238655,2.6987000000476655,2.71620000004782,2.731999999999971,2.74870000004762,2.7654999999999745,2.7822000000476237,2.7998000000120555,2.815600000023778,2.8320000000001073,2.8495000000000346,2.865800000011859,2.882800000011912,2.8988000000119882,2.9154000000357883,2.9321000000238655,2.9487000000476655,2.965400000035743,2.981999999999971,2.999100000023873,3.0161000000239255,3.032800000012003,3.048800000011852,3.06530000001203,3.0820000000001073,3.0987000000477565,3.1153000000119846,3.1324000000358865,3.1488000000119882,3.1663000000119155,3.1820000000000164,3.1986000000238164,3.2153000000118936,3.23210000002382,3.24870000004762,3.265300000011848,3.2821000000237746,3.298700000047802,3.31530000001203,3.332600000023831,3.3488000000120337,3.3653000000119846,3.382000000000062,3.398700000047711,3.4154000000357883,3.4322000000477146,3.4487000000476655,3.4659000000358446,3.4819000000356937,3.4988000000118973,3.515300000011848,3.5319000000358756,3.548800000011852,3.56530000001203,3.5820000000001073,3.5994000000357573,3.6161000000238346,3.632800000011912,3.648700000047711,3.6654000000357883,3.6821000000238655,3.6987000000476655,3.715400000035743,3.73210000002382,3.74870000004762,3.765300000011848,3.782300000011901,3.798600000023953,3.815400000035879,3.833200000047782,3.849300000011908,3.8653000000119846,3.882000000000062,3.898700000047711,3.915300000011939,3.9325000000001182,3.9487000000476655,3.9653000000118936,3.98210000002382,3.99870000004762,4.015300000011848,4.0321000000237746,4.049300000011954,4.065700000047627,4.082000000000107,4.098500000000058,4.115700000047809,4.132700000047635,4.148900000035837,4.165200000047662,4.182000000000016,4.19840000003569,4.215300000011894,4.23210000002382,4.249200000047722,4.265400000035697,4.2821000000237746,4.298800000011852,4.31530000001203,4.3321000000239565,4.3487000000477565,4.366200000047684,4.382000000000062,4.398700000047711,4.416100000023789,4.4321000000238655,4.448600000023816,4.465400000035743]",0.016647388,0.000535,269.0,right,1.0,,,,,,1.0,0.0,12.0,0.5,4.859915625,-1.0,2.341844994,0.999588212,52.0,0.004363323,0.389522306,0.03388387,0.067083277,0.213395069,6.0,1.840384968,0.513430165,9.0,0.01134464,0.355140301,0.038458273,0.073668072,0.274720221,7.0,2.745625514,0.711713376,71.0,0.013962634,0.401673071,0.031502829,0.073976735,0.151529972,4.0,2.592966331,0.889957809,83.0,0.005235988,0.41175896,0.032251087,0.065012348,0.244231929,6.0,1.04741006,-0.865812817,88.0,0.001745329,0.416906428,0.03407937,0.068935353,0.194962658,5.0,1.245800149,-0.605180319,87.0,0.006108652,0.415699595,0.038834066,0.066745096,0.25903141,5.0,2.737321359,0.723281523,5.0,-0.004363323,0.3477587,0.034233339,0.078408596,0.194188261,5.0,1.597316568,0.053015615,24.0,-0.000872665,0.370951047,0.044446314,0.068882508,0.271498611,5.0,3.032321991,0.216805874,34.0,-0.01134464,0.377900669,0.035623555,0.066078969,0.222301383,5.0,2.040749282,0.807502604,34.0,-0.01134464,0.377900669,0.035623555,0.066078969,0.222301383,5.0,2.926475969,0.417082915,70.0,0.007853982,0.401012824,0.032375196,0.060909739,0.168550131,4.0,2.329086444,0.998530668,69.0,-0.001745329,0.400311091,0.03773135,0.078132351,0.241087639,6.0,,,,,,,0.5176,,0.0,1.0,1.0,1.0,1.0,,,,,,,,,,,,,,,,,,,,,,,,,,,,0
S070,2,2024-11-21_13h14.36.924,MotivatedInference,2024.1.5,Win32,60.24096386,668be8e87e83611e680fb3ab,{{%SESSION_ID%},Chrome,,,,,,,,,,,,,,,,,,,,,,,,,,,,,,-1.0,,,,,,,,4.0,,,,,,,,,conditions/conds_121.csv,3.0,0.0,,,,,,,,,1324.3936,1326.1103,"[0.0017999999522544385,0.01589999997599989,0.03229999995210164,0.04899999999997817,0.06559999996420629,0.08229999995228354,0.09989999997605992,0.11629999995216167,0.13229999995223807,0.14899999999988722,0.16559999996411534,0.1822999999521926,0.19899999999984175,0.21559999996406987,0.23229999995214712,0.24899999999979627,0.2655999999640244,0.28229999995210164,0.29889999997612904,0.3156999999880554,0.3326999999878808,0.3489999999999327,0.36569999998800995,0.38219999998796084,0.3988999999760381,0.41619999998806634,0.4325999999641681,0.44899999999984175,0.46559999996406987,0.48299999999994725,0.4990999999640735,0.5156999999878735,0.5323999999759508,0.548899999976129,0.5656999999880554,0.5822999999522835,0.5996999999879336,0.6166999999879863,0.6322999999522381,0.6489999999998872,0.6655999999641153,0.6821999999879154,0.6988999999759926,0.7155999999640699,0.7321999999878699,0.7488999999759471,0.7654999999999745,0.7821999999880518,0.7989999999999782,0.8156999999880554,0.8322999999522835,0.8489999999999327,0.8655999999641608,0.8829999999998108,0.8997999999521653,0.9162999999521162,0.9329999999999927,0.9489999999998417,0.9655999999640699,0.9821999999878699,0.9988999999759471,1.0155999999640244,1.0321999999880518,1.048899999976129,1.0655999999642063,1.0821999999880063,1.0988999999760836,1.1162999999521617,1.1323999999760872,1.1490999999641645,1.165499999999838,1.1831999999878917,1.1992999999522453,1.215699999987919,1.2321999999878699,1.2491999999879226,1.265999999999849,1.2821999999880518,1.2989999999999782,1.3156999999880554,1.3322999999522835,1.3488999999760836,1.3654999999998836,1.3829999999998108,1.3989999999998872,1.4156999999879645,1.4322999999521926,1.4488999999759926,1.465699999987919,1.482799999952249,1.498799999952098,1.5155999999640244,1.5321999999880518,1.548899999976129,1.5656999999880554,1.5820999999641572,1.5996999999879336,1.6162999999521617,1.6324999999999363,1.648899999976038,1.6656999999879645,1.6822999999521926,1.6988999999759926,1.7163999999761472]",0.016646602,0.000432607,104.0,right,0.0,,,,,,2.0,0.0,4.0,0.5,0.621158266,-1.0,1.659606271,0.176687411,32.0,0.007853982,0.376580194,0.027808234,0.064839678,0.152904525,6.0,0.907746086,-0.970211055,67.0,0.000872665,0.398829923,0.040120187,0.066830121,0.198372452,4.0,1.784908591,0.415256303,81.0,-0.006981317,0.409724184,0.034267936,0.062711279,0.215248408,5.0,2.339246811,0.999425607,82.0,0.004363323,0.410673221,0.022643594,0.062174001,0.106425045,4.0,0.0,0.0,0.0,0.0,0.0,0.0,0.0,0.0,0.0,0.0,0.0,0.0,0.0,0.0,0.0,0.0,0.0,0.0,0.0,0.0,0.0,0.0,0.0,0.0,0.0,0.0,0.0,0.0,0.0,0.0,0.0,0.0,0.0,0.0,0.0,0.0,0.0,0.0,0.0,0.0,0.0,0.0,0.0,0.0,0.0,0.0,0.0,0.0,0.0,0.0,0.0,0.0,0.0,0.0,0.0,0.0,0.0,0.0,0.0,0.0,0.0,0.0,0.0,0.0,0.0,0.0,0.0,0.0,0.0,0.0,0.0,0.0,,,,,,,1.1499,,0.0,2.0,2.0,2.0,1.0,,,,,,,,,,,,,,,,,,,,,,,,,,,,0
S070,2,2024-11-21_13h14.36.924,MotivatedInference,2024.1.5,Win32,60.24096386,668be8e87e83611e680fb3ab,{{%SESSION_ID%},Chrome,,,,,,,,,,,,,,,,,,,,,,,,,,,,,,-1.0,,,,,,,,10.0,,,,,,,,,conditions/conds_121.csv,3.0,0.0,,,,,,,,,1328.2769,1332.7594,"[0.0036000000238800567,0.015800000011950033,0.03220000004762369,0.049100000023827306,0.0656000000237782,0.08230000001185545,0.09910000002378183,0.11560000002373272,0.13249999999993634,0.1492000000475855,0.16599999999993997,0.18220000004771464,0.19880000001194276,0.21649999999999636,0.2357000000477001,0.24900000000002365,0.26560000002382367,0.2823000000119009,0.29899999999997817,0.3156000000237782,0.3322000000475782,0.34980000001201006,0.36570000004758185,0.3822000000477601,0.39910000002373636,0.41590000003566274,0.43200000000001637,0.4490000000000691,0.46560000002386914,0.48299999999994725,0.49930000001199915,0.5156000000238237,0.5321000000237746,0.5489999999999782,0.5657000000476273,0.5823000000118554,0.5989000000356555,0.6156000000237327,0.6330000000000382,0.6497000000476874,0.6656000000239146,0.68260000002374,0.6993000000118172,0.7156000000238691,0.7323000000119464,0.7489000000357464,0.7656000000238237,0.7822000000476237,0.7988000000118518,0.8156000000237782,0.8322000000475782,0.8494000000357573,0.8657000000475819,0.8822000000477601,0.8989999999998872,0.9155000000000655,0.9333000000119682,0.9497000000476419,0.9659000000358446,0.9822000000476692,0.9998000000118736,1.0160000000000764,1.032300000011901,1.048900000035701,1.0663000000120064,1.082600000023831,1.0989000000356555,1.1156000000237327,1.132900000035761,1.1496000000238382,1.1657000000477638,1.1823000000119919,1.1988000000119428,1.2164999999999964,1.2329999999999472,1.2499000000357228,1.26580000001195,1.2819000000356482,1.2989999999999782,1.3156000000237782,1.3323000000118554,1.3489000000356555,1.3656000000237327,1.38230000001181,1.3989000000358374,1.4155000000000655,1.4323000000119919,1.448900000035792,1.4664999999999964,1.4829999999999472,1.4990000000000236,1.5164999999999509,1.5325000000000273,1.5488000000118518,1.565499999999929,1.5822000000475782,1.5989000000356555,1.6156000000237327,1.632100000023911,1.6498000000119646,1.6691000000239455,1.6829999999999927,1.6990000000000691,1.71550000000002,1.7323000000119464,1.7490000000000236,1.7657000000476728,1.783100000023751,1.7989999999999782,1.8156000000237782,1.8323000000118554,1.8489000000356555,1.8656000000237327,1.8822000000477601,1.8989000000358374,1.9163000000119155,1.9329000000357155,1.9490000000000691,1.9656000000238691,1.98290000003567,1.9998000000118736,2.0163000000118245,2.0326000000238764,2.0492000000476764,2.065499999999929,2.0823000000118554,2.0989999999999327,2.1154999999998836,2.132900000035761,2.1493000000118627,2.1655000000000655,2.182300000011992,2.198900000035792,2.21550000000002,2.2329999999999472,2.2496000000237473,2.2654000000356973,2.2827000000477256,2.299400000035803,2.316000000000031,2.3320000000001073,2.3489999999999327,2.3656000000237327,2.38220000004776,2.3989000000358374,2.4155000000000655,2.4322000000477146,2.448900000035792,2.46550000000002,2.48210000002382,2.4996000000237473,2.5156000000238237,2.532300000011901,2.5499000000356773,2.565499999999929,2.5830000000000837,2.5989999999999327,2.6154999999998836,2.63220000004776,2.6488000000119882,2.6655000000000655,2.6822000000477146,2.699000000000069,2.715600000023869,2.7332000000476455,2.7489000000357464,2.7656000000238237,2.7822000000476237,2.798900000035701,2.815499999999929,2.832200000047578,2.8489000000356555,2.8661000000238346,2.882100000023911,2.8988000000119882,2.9154000000357883,2.9320000000000164,2.9488000000119428,2.96630000001187,2.9829999999999472,2.9989000000357464,3.0162000000477747,3.0322000000476237,3.048999999999978,3.065499999999929,3.082100000023729,3.0995000000000346,3.1156000000237327,3.13220000004776,3.1488000000119882,3.1663000000119155,3.1829000000357155,3.1988000000119428,3.21550000000002,3.2329999999999472,3.249300000011999,3.2654000000356973,3.28240000003575,3.298900000035701,3.315499999999929,3.332200000047578,3.3489000000356555,3.3654999999998836,3.38220000004776,3.3989000000358374,3.4155000000000655,3.4322000000477146,3.448900000035792,3.46550000000002,3.482200000047669,3.4988000000118973,3.5156000000238237,3.532300000011901,3.548900000035701,3.565499999999929,3.582200000047578,3.5989000000356555,3.6154999999998836,3.632100000023911,3.648700000047711,3.6655000000000655,3.6822000000477146,3.6988000000119428,3.715400000035743,3.732200000047669,3.7488000000118973,3.7656000000238237,3.782300000011901,3.798800000011852,3.815499999999929,3.832200000047578,3.8489000000356555,3.8654999999998836,3.8824999999999363,3.8988000000119882,3.9163000000119155,3.932300000011992,3.9488000000119428,3.965600000023869,3.982200000047669,3.9989000000357464,4.015400000035697,4.032999999999902,4.048800000011852,4.065499999999929,4.082100000023729,4.0989000000356555,4.115499999999884,4.133000000000038,4.149600000023838,4.1655000000000655,4.182200000047715,4.198900000035792,4.215400000035743,4.232300000011946,4.249200000047722,4.2654999999999745,4.2821000000237746,4.298800000011852,4.316300000012006,4.332100000023729,4.348800000011806,4.365499999999884,4.382100000023911,4.398800000011988,4.4155000000000655,4.432200000047715,4.449600000023793,4.465900000035845,4.48210000002382]",0.016648699,0.000595622,270.0,left,1.0,,,,,,1.0,0.0,12.0,0.5,1.378176377,1.0,1.052418147,-0.860757697,99.0,-0.003490659,0.442500629,0.032492338,0.059723416,0.160754516,4.0,3.081365672,0.120162894,30.0,-0.009599311,0.375182725,0.031494597,0.070464671,0.19533995,5.0,1.600883988,0.060139012,68.0,0.009599311,0.399449425,0.031951263,0.065393928,0.165147664,5.0,2.528988326,0.940876541,77.0,0.006108652,0.406238369,0.034151794,0.067462161,0.265706452,7.0,2.933914979,0.40351509,59.0,0.006981317,0.393731017,0.031135395,0.06163787,0.205460115,5.0,1.968184868,0.713707482,55.0,-0.003490659,0.391280598,0.028194872,0.063513844,0.18961797,6.0,0.231194979,-0.446088365,84.0,-0.002617994,0.412727296,0.032139903,0.078825818,0.191863964,5.0,0.277800452,-0.527453913,45.0,0.006108652,0.385245638,0.032702855,0.065559913,0.166419284,5.0,2.701186487,0.771256204,29.0,-0.000872665,0.374372435,0.035828607,0.080766738,0.158410304,4.0,1.738367888,0.328904333,10.0,-0.004363323,0.356575755,0.034939804,0.084929929,0.233599272,6.0,1.270299235,-0.56546273,84.0,-0.002617994,0.412727296,0.032139903,0.078825818,0.191863964,5.0,2.914139848,0.439377526,54.0,-0.000872665,0.390632361,0.034931933,0.073298853,0.195852464,4.0,,,,,,,0.483,,0.0,3.0,3.0,3.0,1.0,,,,,,,,,,,,,,,,,,,,,,,,,,,,0
S070,2,2024-11-21_13h14.36.924,MotivatedInference,2024.1.5,Win32,60.24096386,668be8e87e83611e680fb3ab,{{%SESSION_ID%},Chrome,,,,,,,,,,,,,,,,,,,,,,,,,,,,,,-1.0,,,,,,,,11.0,,,,,,,,,conditions/conds_121.csv,3.0,0.0,,,,,,,,,1334.2428,1338.7426,"[0.00359999996408078,0.016300000011824523,0.03289999997605264,0.05039999997597988,0.06609999996408078,0.08289999997600717,0.09959999996408442,0.11630000001173357,0.1328999999759617,0.14949999999998909,0.16739999997616906,0.1828999999761436,0.19959999996422084,0.21630000001187,0.23299999999994725,0.2503000000117481,0.26689999997597624,0.2829999999999018,0.29949999999985266,0.31630000001177905,0.33280000001172994,0.3495999999640844,0.3663000000117336,0.3828999999759617,0.3994999999999891,0.41630000001191547,0.4329999999999927,0.4494999999999436,0.46630000001187,0.4828999999760981,0.4996999999880245,0.5166999999880773,0.5339999999998781,0.5495999999641299,0.5659999999998035,0.5828000000117299,0.5995999999640844,0.6163000000117336,0.6329999999998108,0.6495999999640389,0.6663000000119155,0.6828999999761436,0.6994999999999436,0.71630000001187,0.733599999964099,0.7494999999998981,0.7663000000118245,0.7828000000117754,0.7995999999641299,0.8161999999879299,0.8328999999760072,0.8494999999998072,0.8661999999878844,0.8831999999879372,0.8994999999999891,0.9161999999880663,0.9328000000118664,0.9494999999999436,0.9658999999760454,0.9828999999760981,0.9994999999998981,1.0173000000118009,1.0328000000117754,1.0494999999998527,1.0668999999761581,1.082599999964259,1.0994999999998072,1.1163000000117336,1.1328000000119118,1.149499999999989,1.1663000000119155,1.1834999999998672,1.2003000000117936,1.2163999999761472,1.2334999999998217,1.250199999987899,1.2660999999641263,1.2825999999640771,1.29959999996413,1.31619999998793,1.3326999999878808,1.3496999999879336,1.3668000000118354,1.3825999999642136,1.4023000000117918,1.41599999999994,1.4333000000117408,1.4495999999642208,1.4671999999879972,1.48580000001175,1.5003000000117481,1.5161999999879754,1.5328000000117754,1.54959999996413,1.5658999999761818,1.5833000000118318,1.5995999999640844,1.6169999999999618,1.6328999999759617,1.649599999964039,1.6661999999880663,1.6828999999761436,1.6995999999642208,1.7161999999880209,1.7329999999999472,1.7494999999998981,1.7661999999879754,1.7828000000117754,1.7999999999999545,1.816300000011779,1.8331999999879827,1.8496999999879336,1.8659999999999854,1.8828999999759617,1.899499999999989,1.9161999999880663,1.9328000000118664,1.9495999999642208,1.9661999999880209,1.983699999987948,1.9996999999880245,2.0161999999879754,2.0328999999760526,2.0494999999998527,2.06619999998793,2.082899999976007,2.0995999999640844,2.1161999999878844,2.1328999999759617,2.149599999964039,2.16680000001179,2.1828999999761436,2.1994999999999436,2.21630000001187,2.232899999976098,2.25009999996405,2.2671999999879517,2.2828000000117754,2.30030000001193,2.316300000011779,2.33280000001173,2.349499999999807,2.3661999999878844,2.382800000011912,2.399599999964039,2.4161999999880663,2.4328999999761436,2.449599999964221,2.466199999988021,2.482899999976098,2.500199999987899,2.5168999999759762,2.5335000000000036,2.5494999999998527,2.565899999976182,2.58280000001173,2.5995999999640844,2.6161999999878844,2.632800000011912,2.649499999999989,2.666099999964217,2.6828999999761436,2.699599999964221,2.716199999988021,2.732800000011821,2.7503999999760254,2.7661999999879754,2.7828999999760526,2.7999999999999545,2.81619999998793,2.832899999976007,2.849499999999807,2.8661999999878844,2.883199999987937,2.899599999964039,2.9161999999880663,2.9328999999761436,2.9494999999999436,2.966199999988021,2.9834999999998217,2.999499999999898,3.0160999999641263,3.0328999999760526,3.04959999996413,3.06619999998793,3.082899999976007,3.100500000000011,3.1168999999761127,3.132800000011912,3.149599999964039,3.1661999999880663,3.1829999999999927,3.199599999964221,3.216199999988021,3.2333000000119227,3.249499999999898,3.2663999999761018,3.2835000000000036,3.2994999999998527,3.3164999999999054,3.332899999976007,3.3493999999761854,3.3666999999879863,3.383199999987937,3.399499999999989,3.4161999999880663,3.4328000000118664,3.4494999999999436,3.466199999988021,3.48419999998805,3.499399999976049,3.5160999999641263,3.5328000000117754,3.5494999999998527,3.566099999964081,3.582899999976007,3.599499999999807,3.6161999999878844,3.6328999999759617,3.649499999999989,3.6661999999880663,3.6828000000118664,3.6994999999999436,3.7160999999641717,3.733599999964099,3.750300000011748,3.7660999999641263,3.7828999999760526,3.799699999987979,3.816300000011779,3.832899999976007,3.8493999999761854,3.8668999999761127,3.882800000011912,3.899599999964039,3.9161999999880663,3.9328999999761436,3.9493999999760945,3.9658999999760454,3.9829999999999472,3.999499999999898,4.016099999964126,4.032800000011775,4.049499999999853,4.06619999998793,4.083399999976109,4.099300000011908,4.116099999964263,4.132899999975962,4.149899999976014,4.1663000000119155,4.182800000011866,4.199499999999944,4.21630000001187,4.232899999976098,4.249499999999898,4.266099999964126,4.283199999988028,4.299499999999853,4.316099999964081,4.332999999999856,4.349399999976185,4.366099999964263,4.38359999996419,4.399599999964039,4.416099999964217,4.432899999976144,4.4493999999760945,4.466099999964172,4.482800000011821,4.499399999976049]",0.016651111,0.000559678,271.0,right,1.0,,,,,,2.0,0.0,12.0,0.5,-0.410209908,1.0,0.396602173,-0.712604986,11.0,-0.013089969,0.357861323,0.044486954,0.075207378,0.243622836,5.0,2.960662994,0.354013754,98.0,-0.003490659,0.436582054,0.033239272,0.083554428,0.196244723,5.0,1.229431061,-0.630913864,49.0,-0.003490659,0.387690152,0.036925942,0.073283012,0.194967171,5.0,0.80875129,-0.998909461,82.0,0.004363323,0.410673221,0.022643594,0.062174001,0.106425045,4.0,0.907661611,-0.970251971,31.0,0.004363323,0.375872077,0.0344646,0.07529372,0.228193104,6.0,0.671295169,-0.974073822,85.0,0.003490659,0.413672168,0.024690997,0.064801949,0.114487367,4.0,1.935422602,0.666312468,18.0,-0.008726646,0.365457086,0.031782524,0.075683607,0.153768306,4.0,2.036678866,0.802673915,41.0,0.013089969,0.382506884,0.032100804,0.075836611,0.218324429,6.0,1.873668029,0.56937337,96.0,0.002617994,0.429744758,0.028375272,0.064697354,0.217313714,7.0,1.405641352,-0.324336239,95.0,-0.003490659,0.427246221,0.028411926,0.064304978,0.203029515,6.0,2.59914806,0.884251669,91.0,0.001745329,0.420659204,0.046109782,0.086244352,0.261967492,5.0,2.552052539,0.924255258,10.0,-0.004363323,0.356575755,0.034939804,0.084929929,0.233599272,6.0,,,,,,,0.5417,,0.0,4.0,4.0,4.0,1.0,,,,,,,,,,,,,,,,,,,,,,,,,,,,0
S070,2,2024-11-21_13h14.36.924,MotivatedInference,2024.1.5,Win32,60.24096386,668be8e87e83611e680fb3ab,{{%SESSION_ID%},Chrome,,,,,,,,,,,,,,,,,,,,,,,,,,,,,,-1.0,,,,,,,,5.0,,,,,,,,,conditions/conds_121.csv,3.0,0.0,,,,,,,,,1340.2786,1343.3295,"[0.0026999999879535608,0.016699999988077252,0.032999999999901775,0.04729999995220169,0.0672999999521835,0.08029999995233084,0.09699999999997999,0.11759999996411352,0.1334999999999127,0.14699999999993452,0.16669999998794083,0.18109999996408987,0.20019999998794447,0.21689999997602172,0.23129999995217077,0.2505999999641517,0.26439999997614905,0.2833999999761545,0.29779999995230355,0.31739999997603263,0.3310999999641808,0.3497999999522108,0.3683999999759635,0.380899999976009,0.40189999997596715,0.414599999964139,0.4334999999998672,0.4470999999641663,0.4636999999879663,0.4853999999761527,0.5021999999880791,0.5139999999998963,0.5302999999521489,0.5500999999642318,0.566799999952309,0.5802999999523308,0.597199999987879,0.6168999999761127,0.6329999999998108,0.6469999999999345,0.6636999999880118,0.6801999999879627,0.696999999999889,0.7180999999641244,0.7310999999640444,0.7506999999880009,0.7646999999878972,0.7833999999761545,0.7972999999522017,0.8136999999878753,0.8300999999642045,0.8514999999999873,0.8638999999759562,0.8802999999522854,0.8996999999878881,0.9136999999880118,0.9301999999879627,0.946999999999889,0.9646999999879426,0.9851999999880263,0.9976999999880718,1.0166999999880773,1.0308999999761,1.0515999999640826,1.0644999999999527,1.08329999995226,1.097799999952258,1.1177999999522399,1.1341999999879135,1.1471999999880609,1.1666999999879408,1.1802999999522399,1.196999999999889,1.214299999952118,1.2332999999521235,1.2469999999998436,1.2646999999878972,1.2832999999523054,1.296999999999798,1.3187999999522617,1.3310999999641808,1.3519999999998618,1.3638999999759562,1.3802999999522854,1.4014999999999418,1.4144999999998618,1.430399999976089,1.4477999999521671,1.4674999999999727,1.4810999999640444,1.5011999999878753,1.5140999999641735,1.5335999999640535,1.5471999999879245,1.5684999999998581,1.5807999999522053,1.599999999999909,1.6136999999880572,1.633099999964088,1.6467999999522362,1.666799999952218,1.6810999999640899,1.696999999999889,1.7136999999879663,1.7351999999880263,1.748599999964199,1.7635999999640717,1.7801999999878717,1.7970999999640753,1.8142999999522544,1.8345999999642117,1.847199999987879,1.8683999999759635,1.8802999999522854,1.899599999964039,1.9136999999880118,1.9302999999522399,1.94969999998807,1.9644999999998163,1.9833999999759726,1.9977999999521217,2.0175999999642045,2.0310999999642263,2.0499999999999545,2.0671999999879063,2.080299999952331,2.0967999999522817,2.114299999952209,2.1340999999640644,2.1469999999999345,2.167599999964068,2.185199999988072,2.1971999999880154,2.217799999952149,2.230699999988019,2.2510999999642536,2.264399999976149,2.284799999952156,2.2974999999999,2.3165999999641826,2.3301999999880536,2.34699999999998,2.36649999999986,2.3833999999760636,2.3997999999521653,2.4135999999641626,2.433399999976018,2.446999999999889,2.4672999999522744,2.4838999999760745,2.4968999999759944,2.5182999999522053,2.5319999999999254,2.549699999987979,2.5635999999642536,2.580299999952331,2.601299999952289,2.613599999964208,2.6359999999999673,2.652499999999918,2.6636999999880118,2.683299999952169,2.6978999999760163,2.7172999999522744,2.7347999999522017,2.747099999964121,2.7668999999759762,2.783199999988028,2.800199999988081,2.8135999999642536,2.8329999999998563,2.8509999999998854,2.866599999964137,2.8803999999761345,2.9004999999999654,2.9143999999760126,2.930399999976089,2.9507999999523236,2.9645999999640935,2.984299999952327,2.9973999999760963,3.0166999999880773,3.030299999952149,3.0507999999522326]",0.016656284,0.002917696,184.0,left,1.0,,,,,,1.0,0.0,8.0,0.5,4.402607407,1.0,0.166029314,-0.325989891,81.0,-0.006981317,0.409724184,0.034267936,0.062711279,0.215248408,5.0,2.586959261,0.895372412,81.0,-0.006981317,0.409724184,0.034267936,0.062711279,0.215248408,5.0,2.721915904,0.744211449,3.0,0.001745329,0.342027877,0.030569748,0.094119191,0.219456558,8.0,1.958994026,0.700712295,1.0,-0.007853982,0.332308035,0.049961894,0.10302439,0.316973442,6.0,2.929706274,0.411202407,2.0,0.008726646,0.338473989,0.032964075,0.086271212,0.185208292,4.0,1.796053009,0.435427734,99.0,-0.003490659,0.442500629,0.032492338,0.059723416,0.160754516,4.0,1.995322964,0.750655245,40.0,0.001745329,0.381763748,0.031902579,0.075140032,0.211660484,6.0,2.685358902,0.791015755,5.0,-0.004363323,0.3477587,0.034233339,0.078408596,0.194188261,5.0,0.0,0.0,0.0,0.0,0.0,0.0,0.0,0.0,0.0,0.0,0.0,0.0,0.0,0.0,0.0,0.0,0.0,0.0,0.0,0.0,0.0,0.0,0.0,0.0,0.0,0.0,0.0,0.0,0.0,0.0,0.0,0.0,0.0,0.0,0.0,0.0,,,,,,,0.6179,,0.0,5.0,5.0,5.0,1.0,,,,,,,,,,,,,,,,,,,,,,,,,,,,0
S070,2,2024-11-21_13h14.36.924,MotivatedInference,2024.1.5,Win32,60.24096386,668be8e87e83611e680fb3ab,{{%SESSION_ID%},Chrome,,,,,,,,,,,,,,,,,,,,,,,,,,,,,,1.0,,,,,,,,9.0,,,,,,,,,conditions/conds_121.csv,3.0,0.0,,,,,,,,,1351.3965,1355.8426,"[0.003300000011904558,0.015600000023823668,0.031600000023900066,0.04549999999994725,0.06710000002385641,0.07889999997610175,0.09939999997618543,0.11300000000005639,0.13200000000006185,0.14560000002370543,0.16219999998816093,0.17899999999985994,0.19869999998809362,0.2128999999761163,0.23239999997622363,0.24580000001196822,0.2676000000237764,0.27889999997614723,0.2983999999760272,0.31260000002384913,0.3324999999999818,0.3503999999761618,0.3661999999881118,0.382100000023911,0.3983999999761636,0.4128999999761618,0.43100000000004,0.4463000000118882,0.4628000000118391,0.48160000002371817,0.4954999999999927,0.5168000000119264,0.5288999999761472,0.5456000000237964,0.5650000000000546,0.5798000000118009,0.6003000000118845,0.6123000000118282,0.6331000000238873,0.6458000000118318,0.6665000000000418,0.6789999999998599,0.7001999999879445,0.7156000000238691,0.7288999999761927,0.7456999999881191,0.7649999999998727,0.7789999999999964,0.7956000000237964,0.8151000000239037,0.8296000000239019,0.849999999999909,0.8631000000239055,0.8820000000000618,0.8956000000237054,0.9151000000238128,0.9288999999762382,0.9483000000118409,0.9629999999999654,0.9816999999879954,0.9954999999999927,1.01219999998807,1.0341999999880045,1.050199999988081,1.0623000000118736,1.0788999999761018,1.1003000000118845,1.112699999988081,1.1321999999879608,1.1463000000119337,1.1656999999879645,1.179100000023709,1.1988000000119428,1.2145000000000437,1.2290000000000418,1.2496000000237473,1.262300000011919,1.281800000011799,1.2961000000238982,1.31610000002388,1.3293999999762036,1.34989999997606,1.3661000000238346,1.3789999999999054,1.3991999999880136,1.41310000002386,1.4341000000238182,1.4463999999761654,1.4621999999881155,1.4788000000119155,1.4956000000238419,1.51219999998807,1.52960000002372,1.5489999999999782,1.5671000000238564,1.5796000000239019,1.598399999976209,1.612199999987979,1.6318000000119355,1.6461000000238073,1.667399999976169,1.6793999999761127,1.695399999976189,1.714899999976069,1.7318999999761218,1.7488000000118973,1.7648999999760235,1.7788999999761472,1.7956000000237964,1.8166999999880318,1.8289999999999509,1.8454999999999018,1.8631000000239055,1.8826000000237855,1.8959999999999582,1.91519999998809,1.92899999999986,1.9494999999999436,1.9629999999999654,1.9818999999761218,1.995899999976018,2.012300000011919,2.0329999999999018,2.0456999999880736,2.0648999999762054,2.0831000000237054,2.0961000000238528,2.1154999999998836,2.1288999999760563,2.1455000000000837,2.1648000000118373,2.178899999976238,2.1996000000237927,2.212399999976242,2.2316999999879954,2.2454999999999927,2.26219999998807,2.282800000012003,2.2963999999760745,2.3156999999880554,2.3293000000119264,2.3481999999880827,2.362199999987979,2.3788999999760563,2.4003999999761163,2.4153999999762163,2.428899999976238,2.448399999976118,2.4651000000237673,2.4788999999761927,2.4953999999761436,2.5126000000238946,2.5326000000238764,2.5456000000237964,2.5653000000118027,2.583300000011832,2.596499999999878,2.6148000000118827,2.6298000000119828,2.6455000000000837,2.6663999999761927,2.679699999988088,2.700399999976071,2.7126000000237127,2.7318999999761218,2.7454999999999927,2.767300000011801,2.77960000002372,2.7991999999881045,2.8129999999998745,2.83199999999988,2.84619999998813,2.8630000000000564,2.8788999999760563,2.8961999999880845,2.916100000023789,2.929499999999962,2.948399999976118,2.9628999999761163,2.981600000023718,2.99639999997612,3.015100000023722,3.028699999988021,3.0483000000119773,3.0628999999760254,3.0828000000119573,3.0993999999761854,3.11200000000008,3.132800000011912,3.1463000000119337,3.1649999999999636,3.178899999976238,3.1988000000119428,3.2173000000118464,3.2294999999999163,3.2488999999761745,3.2626999999879445,3.2818999999760763,3.296199999987948,3.3151999999879536,3.3291999999880773,3.348300000011932,3.3716999999880954,3.3788000000120064,3.3988000000119882,3.4123000000117827,3.4329999999999927,3.449000000000069,3.4651000000237673,3.4788000000119155,3.4983999999760726,3.512300000011919,3.5341000000237273,3.5454999999999472,3.5653000000118027,3.579600000023902,3.598300000011932,3.6128999999762073,3.6318999999762127,3.6456999999879827,3.665899999976091,3.6800000000000637,3.699199999987968,3.7124999999998636,3.7316999999879954,3.745699999988119,3.767100000023902,3.783899999976029,3.7956000000237964,3.8148999999762054,3.829600000023902,3.8481999999880827,3.8656000000237327,3.8818000000119355,3.8956000000237054,3.916699999987941,3.929600000023811,3.949000000000069,3.9628999999761163,3.9826999999879718,3.9961999999879936,4.015399999976125,4.029800000011846,4.049399999976231,4.062300000011874,4.0791000000238,4.098800000011806,4.112600000023804,4.133300000011786,4.145899999976109,4.164199999988114,4.178800000011961,4.195399999976189,4.2158000000119955,4.233500000000049,4.245600000023842,4.26219999998807,4.281899999976076,4.295499999999947,4.3121999999880245,4.329600000023902,4.34619999998813,4.365300000011985,4.379699999988134,4.399800000011965,4.412899999976162,4.433100000023842,4.445999999999913]",0.016639326,0.003007704,268.0,right,1.0,,,,,,1.0,0.0,12.0,0.5,4.859915625,-1.0,2.341844994,0.999588212,52.0,0.004363323,0.389522306,0.03388387,0.067083277,0.213395069,6.0,1.840384968,0.513430165,9.0,0.01134464,0.355140301,0.038458273,0.073668072,0.274720221,7.0,2.745625514,0.711713376,71.0,0.013962634,0.401673071,0.031502829,0.073976735,0.151529972,4.0,2.592966331,0.889957809,83.0,0.005235988,0.41175896,0.032251087,0.065012348,0.244231929,6.0,1.04741006,-0.865812817,88.0,0.001745329,0.416906428,0.03407937,0.068935353,0.194962658,5.0,1.245800149,-0.605180319,87.0,0.006108652,0.415699595,0.038834066,0.066745096,0.25903141,5.0,2.737321359,0.723281523,5.0,-0.004363323,0.3477587,0.034233339,0.078408596,0.194188261,5.0,1.597316568,0.053015615,24.0,-0.000872665,0.370951047,0.044446314,0.068882508,0.271498611,5.0,3.032321991,0.216805874,34.0,-0.01134464,0.377900669,0.035623555,0.066078969,0.222301383,5.0,2.040749282,0.807502604,34.0,-0.01134464,0.377900669,0.035623555,0.066078969,0.222301383,5.0,2.926475969,0.417082915,70.0,0.007853982,0.401012824,0.032375196,0.060909739,0.168550131,4.0,2.329086444,0.998530668,69.0,-0.001745329,0.400311091,0.03773135,0.078132351,0.241087639,6.0,,,,,,,0.5508,,0.0,6.0,6.0,6.0,1.0,,,,,,,,,,,,,,,,,,,,,,,,,,,,0
S070,2,2024-11-21_13h14.36.924,MotivatedInference,2024.1.5,Win32,60.24096386,668be8e87e83611e680fb3ab,{{%SESSION_ID%},Chrome,,,,,,,,,,,,,,,,,,,,,,,,,,,,,,1.0,,,,,,,,2.0,,,,,,,,,conditions/conds_121.csv,3.0,0.0,,,,,,,,,1357.3929,1359.1422,"[0.0019999999999527063,0.018899999976156323,0.032500000000027285,0.053399999976136314,0.06689999997615814,0.08459999996421175,0.09939999997618543,0.12000000000011823,0.13309999996431543,0.15219999998817002,0.16569999998819185,0.18650000000002365,0.1998000000119191,0.22019999998815365,0.23250000000007276,0.2523000000119282,0.26839999997628183,0.2825000000000273,0.30349999999998545,0.3165000000001328,0.3326999999881082,0.3530000000000655,0.37030000001186636,0.38259999996421357,0.40119999998819367,0.41659999996431907,0.43650000000002365,0.4540999999642281,0.4660999999643991,0.48250000000007276,0.5023999999762054,0.5158999999762273,0.5325000000000273,0.5490999999642554,0.5658000000119046,0.5850000000000364,0.5991999999880591,0.6165999999643645,0.6360999999642445,0.6501999999882173,0.6690000000000964,0.68309999996427,0.7023999999762509,0.7203000000120028,0.7331999999880736,0.7520999999642299,0.76580000001195,0.7825999999643045,0.8010000000001583,0.8201999999880627,0.8326999999881082,0.8523999999761145,0.8708999999762455,0.8831999999881646,0.9020999999643209,0.9163000000119155,0.9355999999643245,0.9491999999881955,0.9685999999642263,0.9825000000000728,1.0030000000001564,1.0160000000000764,1.0354999999999563,1.0491999999881045,1.0686999999882119,1.08319999998821,1.1043999999762946,1.1161999999881118,1.1325000000001637,1.1520999999643209,1.16880000001197,1.1823000000119919,1.2021999999881245,1.219000000000051,1.2353999999761527,1.2490999999643009,1.26580000001195,1.2825999999643045,1.3040999999643645,1.3165000000001328,1.3358000000118864,1.3528000000119391,1.365800000011859,1.3825000000001637,1.4026999999880445,1.4205999999642245,1.435300000011921,1.4490999999643464,1.46630000001187,1.4833000000119227,1.5040999999641826,1.5160000000000764,1.5320999999642027,1.5520999999641845,1.5658000000119046,1.5824999999999818,1.6043000000120173,1.6165000000000873,1.6359999999999673,1.6493000000118627,1.66599999999994,1.6825999999643955,1.6991999999881955,1.7158999999762727,1.7353999999761527,1.74919999998815]",0.01664,0.002820084,106.0,left,1.0,,,,,,1.0,0.0,4.0,0.5,2.385765962,1.0,1.846253913,0.523467218,40.0,0.001745329,0.381763748,0.031902579,0.075140032,0.211660484,6.0,1.646401099,0.150633986,26.0,-8.92894e-14,0.37233788,0.03804093,0.07765862,0.260457405,6.0,2.52655431,0.942514431,75.0,-0.006981317,0.404601252,0.036318328,0.07284169,0.209916045,6.0,2.702837385,0.769150328,78.0,0.004363323,0.407032945,0.030231373,0.057417546,0.211999481,6.0,0.0,0.0,0.0,0.0,0.0,0.0,0.0,0.0,0.0,0.0,0.0,0.0,0.0,0.0,0.0,0.0,0.0,0.0,0.0,0.0,0.0,0.0,0.0,0.0,0.0,0.0,0.0,0.0,0.0,0.0,0.0,0.0,0.0,0.0,0.0,0.0,0.0,0.0,0.0,0.0,0.0,0.0,0.0,0.0,0.0,0.0,0.0,0.0,0.0,0.0,0.0,0.0,0.0,0.0,0.0,0.0,0.0,0.0,0.0,0.0,0.0,0.0,0.0,0.0,0.0,0.0,0.0,0.0,0.0,0.0,0.0,0.0,,,,,,,0.6166,,0.0,7.0,7.0,7.0,1.0,,,,,,,,,,,,,,,,,,,,,,,,,,,,0
S070,2,2024-11-21_13h14.36.924,MotivatedInference,2024.1.5,Win32,60.24096386,668be8e87e83611e680fb3ab,{{%SESSION_ID%},Chrome,,,,,,,,,,,,,,,,,,,,,,,,,,,,,,1.0,,,,,,,,7.0,,,,,,,,,conditions/conds_121.csv,3.0,0.0,,,,,,,,,1360.7632,1363.8625,"[0.0025000000000545697,0.015499999999974534,0.028699999988248237,0.048199999988128184,0.062100000023974644,0.08140000003572823,0.09560000002397828,0.11510000002385823,0.131300000012061,0.14540000003580644,0.16519999998808998,0.18150000000014188,0.19849999999996726,0.21250000000009095,0.23169999998822277,0.24619999998822095,0.2648000000119737,0.2791000000238455,0.2986000000239528,0.3119000000358483,0.32869999998820276,0.3485000000000582,0.36710000002381094,0.37890000003585556,0.3996000000238382,0.4121999999881609,0.4326999999882446,0.44619999998803905,0.46510000002399465,0.4795000000001437,0.49960000002397464,0.5166000000238,0.5291000000238455,0.548100000023851,0.5618000000119991,0.5836000000238073,0.5959000000357264,0.6130000000000564,0.6339000000357373,0.6485000000000127,0.6621000000238837,0.6814000000358647,0.695400000035761,0.7153000000118936,0.7286999999880663,0.7503000000119755,0.7626999999881718,0.7826000000238764,0.7963000000120246,0.8154000000358792,0.8319000000358301,0.8479999999999563,0.8621000000239292,0.8818000000119355,0.8978000000120119,0.9121000000238837,0.9286999999881118,0.9455000000000382,0.966900000035821,0.9796999999880427,0.9983000000120228,1.0121000000240201,1.0318000000120264,1.0496000000239292,1.0629000000358246,1.08190000003583,1.0953000000120028,1.116300000011961,1.1296000000238564,1.149499999999989,1.1656000000239146,1.1791000000239364,1.1990000000000691,1.2170000000000982,1.2290000000000418,1.2491000000238728,1.2626999999881718,1.2818000000120264,1.2958000000119227,1.314699999988079,1.3286999999882028,1.3494000000357573,1.362699999988081,1.3819000000357846,1.3991000000239637,1.4119000000357573,1.4286999999881118,1.4453000000119118,1.4670000000000982,1.4838000000120246,1.4981999999881737,1.51219999998807,1.5313000000119246,1.5451999999881991,1.564699999988079,1.5786999999882028,1.5956000000239783,1.6159999999999854,1.6290000000001328,1.6459999999999582,1.6648000000120646,1.6786999999881118,1.69600000000014,1.7150000000001455,1.7314000000358192,1.7494000000358483,1.7626999999881718,1.7816000000239,1.7956000000237964,1.814699999988079,1.8286000000239255,1.849199999988059,1.86769999998819,1.8788000000120064,1.8981999999880372,1.9120000000000346,1.932400000035841,1.9456999999881646,1.9664000000357191,1.9835000000000491,1.9954000000357155,2.01210000002402,2.0286999999882482,2.0454000000358974,2.0650000000000546,2.081699999988132,2.095400000035852,2.112100000023929,2.1323000000120373,2.1455000000000837,2.1620000000000346,2.1820000000000164,2.196199999988039,2.216100000023971,2.2316000000239455,2.2458000000119682,2.264900000035823,2.279300000011972,2.2996999999882064,2.312600000023849,2.332699999988108,2.3496000000238837,2.3624000000359047,2.3816999999880863,2.3953000000119573,2.4121000000238837,2.431699999988041,2.44600000000014,2.46550000000002,2.4794000000358665,2.4981999999881737,2.5130000000001473,2.532199999988052,2.545900000035772,2.564800000011928,2.5786999999882028,2.5981999999880827,2.614900000035732,2.6288000000120064,2.6454000000358064,2.6620000000000346,2.6813000000120155,2.695300000011912,2.7119000000359392,2.7315000000000964,2.75,2.765900000035799,2.7814000000357737,2.7954000000358974,2.814600000023802,2.8286999999882028,2.8481999999880827,2.862100000023929,2.881600000023809,2.8954000000358064,2.9148000000120646,2.9313000000120155,2.94600000000014,2.9671999999882246,2.9788000000119155,2.9996000000239746,3.012699999988172,3.0319000000358756,3.046000000000049,3.0650000000000546,3.0794000000357755,3.099100000024009]",0.016648387,0.002807617,187.0,left,1.0,,,,,,2.0,0.0,8.0,0.5,-2.366298596,-1.0,1.584506234,0.027416379,86.0,-0.01134464,0.414570186,0.03611148,0.064685839,0.099529567,3.0,2.667961309,0.811820212,22.0,-0.006108652,0.369173441,0.034771665,0.081264392,0.215269419,6.0,0.317458606,-0.593110862,4.0,0.001745329,0.345391377,0.044661649,0.086491224,0.292502374,6.0,1.611146047,0.080611877,60.0,0.008726646,0.394321176,0.024708435,0.063628191,0.162696287,6.0,1.582052793,0.022511031,34.0,-0.01134464,0.377900669,0.035623555,0.066078969,0.222301383,5.0,1.00095433,-0.908501488,11.0,-0.013089969,0.357861323,0.044486954,0.075207378,0.243622836,5.0,0.642437187,-0.959402031,36.0,0.002617994,0.379263044,0.03913601,0.077664539,0.168574417,3.0,1.065032163,-0.847643713,4.0,0.001745329,0.345391377,0.044661649,0.086491224,0.292502374,6.0,0.0,0.0,0.0,0.0,0.0,0.0,0.0,0.0,0.0,0.0,0.0,0.0,0.0,0.0,0.0,0.0,0.0,0.0,0.0,0.0,0.0,0.0,0.0,0.0,0.0,0.0,0.0,0.0,0.0,0.0,0.0,0.0,0.0,0.0,0.0,0.0,,,,,,,0.5939,,0.0,8.0,8.0,8.0,1.0,,,,,,,,,,,,,,,,,,,,,,,,,,,,0
S070,2,2024-11-21_13h14.36.924,MotivatedInference,2024.1.5,Win32,60.24096386,668be8e87e83611e680fb3ab,{{%SESSION_ID%},Chrome,,,,,,,,,,,,,,,,,,,,,,,,,,,,,,1.0,,,,,,,,12.0,,,,,,,,,conditions/conds_121.csv,3.0,0.0,,,,,,,,,1365.4756,1369.9586,"[0.004399999976158142,0.016199999988202762,0.03369999998813,0.04989999997610539,0.06609999996430815,0.0835999999642354,0.10019999998803542,0.11619999998811181,0.13359999996418992,0.15029999995226717,0.16619999998806634,0.1828999999761436,0.20069999998804633,0.21639999997614723,0.23329999995235084,0.2502999999524036,0.26700000000005275,0.28319999998802814,0.3001999999880809,0.3166999999880318,0.33289999997623454,0.3495999999643118,0.3661999999881118,0.3835999999641899,0.40019999998798994,0.4163999999761927,0.4328999999761436,0.45039999997607083,0.4668999999762491,0.4835000000000491,0.5002999999524036,0.5164999999999509,0.5326999999881536,0.54950000000008,0.5661999999881573,0.5827999999523854,0.6002999999523126,0.617099999964239,0.6330000000000382,0.6494999999999891,0.6661999999880663,0.6835999999641444,0.7002999999522217,0.7161999999880209,0.7335000000000491,0.7500999999642772,0.7661999999882028,0.7827999999524309,0.7999999999999545,0.8166999999880318,0.832599999964259,0.8495999999643118,0.8661999999881118,0.8834999999999127,0.9002999999522672,0.9165999999643191,0.9327999999522945,0.9495999999642208,0.9660999999641717,0.9828999999760981,1.0002999999524036,1.0168999999762036,1.0337999999524072,1.0495999999643573,1.0671999999881336,1.0830000000000837,1.0995000000000346,1.1168999999761127,1.13359999996419,1.1497999999523927,1.1661999999880663,1.1835000000000946,1.2001999999881718,1.2170000000000982,1.2335999999643263,1.2495999999641754,1.2662999999522526,1.2827999999524309,1.3000999999642318,1.3170999999642845,1.3331999999879827,1.3516999999881136,1.366299999952389,1.38279999995234,1.399499999999989,1.4168999999760672,1.433199999988119,1.4495999999642208,1.466299999952298,1.482799999952249,1.4995999999641754,1.5161999999882028,1.5335999999642809,1.5502999999523581,1.5660999999643082,1.5828999999762345,1.6002999999523126,1.6163999999762382,1.6331999999881646,1.64939999997614,1.6657999999522417,1.6828999999761436,1.6993999999760945,1.716899999976249,1.7331999999880736,1.7495000000001255,1.7660999999643536,1.7827999999524309,1.799399999976231,1.816799999952309,1.8334999999999582,1.8502999999523126,1.8661999999881118,1.8826999999880627,1.9003999999761163,1.916599999964319,1.93309999996427,1.9503999999760708,1.9663999999761472,1.9828999999760981,2.0001999999881264,2.0167999999523545,2.033199999988028,2.0496999999882064,2.066099999964308,2.0828999999762345,2.099699999988161,2.116399999976238,2.132899999976189,2.15019999998799,2.1661999999880663,2.182599999964168,2.1991999999881955,2.216199999988021,2.23259999996435,2.2493999999762764,2.2660999999643536,2.283599999964281,2.2995999999643573,2.3161999999881573,2.3327999999523854,2.3501999999880354,2.3667999999522635,2.382899999976189,2.3995999999642663,2.416099999964217,2.4327999999522945,2.45049999999992,2.4665999999642736,2.4836999999881755,2.5000999999642772,2.516499999999951,2.532799999952431,2.54950000000008,2.566899999976158,2.583099999964361,2.5995000000000346,2.616199999988112,2.6326999999880627,2.65019999998799,2.666599999964319,2.6829999999999927,2.700199999988172,2.716899999976249,2.732799999952249,2.7500999999642772,2.7668999999762036,2.782799999952431,2.79950000000008,2.816099999964308,2.833499999999958,2.8500999999641863,2.8667999999522635,2.8833999999760636,2.899899999976242,2.916099999964217,2.9327999999522945,2.9493999999760945,2.9660999999641717,2.9836999999881755,2.9995999999641754,3.0168999999762036,3.03369999998813,3.04950000000008,3.0670000000000073,3.0827999999523854,3.099599999964312,3.1165000000000873,3.1324999999999363,3.1495999999642663,3.166099999964217,3.1827999999522945,3.1993999999760945,3.216000000000122,3.233500000000049,3.2501999999881264,3.2660000000000764,3.2829999999999018,3.299399999976231,3.316099999964308,3.3327999999523854,3.3495000000000346,3.3660999999642627,3.382899999976189,3.399499999999989,3.4161999999880663,3.4325000000001182,3.4493999999760945,3.4660999999641717,3.483299999952351,3.4993999999762764,3.5168999999762036,3.532799999952431,3.54950000000008,3.566099999964308,3.582699999988108,3.5993999999761854,3.6160999999642627,3.632899999976189,3.649499999999989,3.666099999964217,3.6827999999522945,3.700199999988172,3.716199999988021,3.732799999952249,3.7493999999762764,3.766499999999951,3.782799999952431,3.799399999976231,3.816099999964308,3.8327999999523854,3.8495000000000346,3.8667999999522635,3.88279999995234,3.899499999999989,3.91599999999994,3.932599999964168,3.9494999999999436,3.9660999999641717,3.982799999952249,3.9993999999762764,4.016099999964354,4.032799999952431,4.04950000000008,4.066199999988157,4.083000000000084,4.099500000000035,4.116099999964263,4.13279999995234,4.149499999999989,4.166199999988066,4.182699999988017,4.200099999964323,4.216099999964172,4.233599999964326,4.250199999988126,4.266199999988203,4.282799999952431,4.299599999964357,4.316199999988157,4.332799999952385,4.349500000000035,4.366199999988112,4.38279999995234,4.399899999976242,4.416099999964217,4.432699999988017,4.4493999999760945,4.466000000000122,4.482699999988199]",0.016647955,0.000550604,270.0,right,1.0,,,,,,2.0,0.0,12.0,0.5,-3.669902254,1.0,2.709969722,0.759956289,14.0,-0.004363323,0.361562951,0.033827978,0.08680928,0.200727788,5.0,1.667267885,0.191748225,60.0,0.008726646,0.394321176,0.024708435,0.063628191,0.162696287,6.0,0.995137876,-0.913301087,80.0,0.000872665,0.408817555,0.034279956,0.069360427,0.160822937,4.0,0.43558462,-0.765082372,16.0,0.017453293,0.363466057,0.031192723,0.069909496,0.180964939,5.0,0.547359516,-0.888799517,50.0,-0.003490659,0.388365859,0.031859869,0.061653869,0.235670302,6.0,1.192543977,-0.686383722,54.0,-0.000872665,0.390632361,0.034931933,0.073298853,0.195852464,4.0,0.244907054,-0.470461861,54.0,-0.000872665,0.390632361,0.034931933,0.073298853,0.195852464,4.0,1.227859719,-0.633349005,35.0,0.01134464,0.378665605,0.034694997,0.068673497,0.233172687,6.0,1.475610082,-0.189224667,56.0,0.002617994,0.391878159,0.037400891,0.06461151,0.256914973,6.0,1.383825296,-0.365287905,49.0,-0.003490659,0.387690152,0.036925942,0.073283012,0.194967171,5.0,2.629797908,0.853981145,45.0,0.006108652,0.385245638,0.032702855,0.065559913,0.166419284,5.0,1.271368413,-0.563697778,34.0,-0.01134464,0.377900669,0.035623555,0.066078969,0.222301383,5.0,,,,,,,0.8661,,0.0,9.0,9.0,9.0,1.0,,,,,,,,,,,,,,,,,,,,,,,,,,,,0
S070,2,2024-11-21_13h14.36.924,MotivatedInference,2024.1.5,Win32,60.24096386,668be8e87e83611e680fb3ab,{{%SESSION_ID%},Chrome,,,,,,,,,,,,,,,,,,,,,,,,,,,,,,1.0,,,,,,,,5.0,,,,,,,,,conditions/conds_121.csv,3.0,0.0,,,,,,,,,1371.842,1374.9418,"[0.0031000000237781933,0.016300000011824523,0.03289999997605264,0.04969999998797903,0.06630000001177905,0.08310000002370543,0.0996000000238837,0.11630000001196095,0.13389999997616542,0.1503999999761163,0.16710000002376546,0.18299999999999272,0.19960000002379275,0.21639999997614723,0.23310000002379638,0.24980000001187364,0.26639999997610175,0.2829999999999018,0.299699999987979,0.31719999998790627,0.33319999998798266,0.34969999998793355,0.3661999999881118,0.3830000000000382,0.39969999998811545,0.41630000001191547,0.43310000002384186,0.44969999998807,0.46630000001187,0.48299999999994725,0.4996999999880245,0.5171000000236745,0.5329999999999018,0.5503999999759799,0.566300000011779,0.5829999999998563,0.5996999999879336,0.6163999999760108,0.6330000000000382,0.6503000000118391,0.6669999999999163,0.6828999999761436,0.7008999999761727,0.7163999999761472,0.7329999999999472,0.7496000000237473,0.7661999999879754,0.7833000000118773,0.7996000000237018,0.8176000000237309,0.8331000000237054,0.8496000000238837,0.8661999999881118,0.8838000000118882,0.8998999999760144,0.9171000000237655,0.9328999999761436,0.94969999998807,0.96630000001187,0.9828999999760981,0.9996000000237473,1.0163000000118245,1.0328999999760526,1.049699999987979,1.0663999999760563,1.0831000000237054,1.0996999999879336,1.1163999999760108,1.1330000000000382,1.1496000000238382,1.1663000000119155,1.1829999999999927,1.19969999998807,1.21710000002372,1.2333000000119227,1.2496000000237473,1.2663000000118245,1.2829999999999018,1.299699999987979,1.31610000002388,1.3329999999998563,1.3503999999761618,1.3666999999879863,1.3836000000237618,1.3996999999881155,1.4163999999761927,1.4331000000238419,1.4496000000237927,1.46630000001187,1.4829999999999472,1.4994999999998981,1.5163000000118245,1.5336999999879026,1.549699999987979,1.5663999999760563,1.5829999999998563,1.6001000000237582,1.616300000011961,1.6330000000000382,1.6496999999881155,1.6671999999880427,1.6836999999879936,1.6996000000237927,1.71630000001187,1.7331999999880736,1.7496999999880245,1.7663999999761018,1.7829999999999018,1.7998999999761054,1.816300000011779,1.8334999999999582,1.8496999999879336,1.8666999999879863,1.8836000000237618,1.8996999999881155,1.9163999999761927,1.9331000000238419,1.94969999998807,1.96630000001187,1.9829999999999472,1.9996000000237473,2.0163999999761018,2.0336000000238528,2.049600000023702,2.066300000011779,2.083300000011832,2.0996999999879336,2.116300000011961,2.1331000000238873,2.1504999999999654,2.1663000000119155,2.183199999988119,2.2003000000117936,2.2163999999761472,2.232800000011821,2.2496000000237473,2.266100000023698,2.2828999999760526,2.299600000023702,2.31619999998793,2.3329999999998563,2.3496999999879336,2.366300000011961,2.3831000000238873,2.3996999999881155,2.4171000000237655,2.4336999999879936,2.4496000000237927,2.46630000001187,2.483699999987948,2.499499999999898,2.5163999999761018,2.5368999999761854,2.5493000000119537,2.56610000002388,2.5831999999879827,2.5996000000238837,2.616300000011961,2.633000000000038,2.6503999999761163,2.6663000000119155,2.6829999999999927,2.69969999998807,2.716199999988021,2.7331000000237964,2.7496999999880245,2.7661999999879754,2.7829999999999018,2.799600000023702,2.81619999998793,2.832899999976007,2.850500000000011,2.867399999975987,2.8843000000117627,2.899600000023838,2.9161999999880663,2.933999999999969,2.95049999999992,2.9664999999999964,2.983600000023671,2.9996000000237473,3.0163000000118245,3.0326000000238764,3.0494999999998527,3.066300000011779,3.0829999999998563,3.0996000000238837]",0.016647849,0.000649334,187.0,right,0.0,,,,,,1.0,0.0,8.0,0.5,4.402607407,1.0,0.166029314,-0.325989891,81.0,-0.006981317,0.409724184,0.034267936,0.062711279,0.215248408,5.0,2.586959261,0.895372412,81.0,-0.006981317,0.409724184,0.034267936,0.062711279,0.215248408,5.0,2.721915904,0.744211449,3.0,0.001745329,0.342027877,0.030569748,0.094119191,0.219456558,8.0,1.958994026,0.700712295,1.0,-0.007853982,0.332308035,0.049961894,0.10302439,0.316973442,6.0,2.929706274,0.411202407,2.0,0.008726646,0.338473989,0.032964075,0.086271212,0.185208292,4.0,1.796053009,0.435427734,99.0,-0.003490659,0.442500629,0.032492338,0.059723416,0.160754516,4.0,1.995322964,0.750655245,40.0,0.001745329,0.381763748,0.031902579,0.075140032,0.211660484,6.0,2.685358902,0.791015755,5.0,-0.004363323,0.3477587,0.034233339,0.078408596,0.194188261,5.0,0.0,0.0,0.0,0.0,0.0,0.0,0.0,0.0,0.0,0.0,0.0,0.0,0.0,0.0,0.0,0.0,0.0,0.0,0.0,0.0,0.0,0.0,0.0,0.0,0.0,0.0,0.0,0.0,0.0,0.0,0.0,0.0,0.0,0.0,0.0,0.0,,,,,,,0.8857,,0.0,10.0,10.0,10.0,1.0,,,,,,,,,,,,,,,,,,,,,,,,,,,,0
S070,2,2024-11-21_13h14.36.924,MotivatedInference,2024.1.5,Win32,60.24096386,668be8e87e83611e680fb3ab,{{%SESSION_ID%},Chrome,,,,,,,,,,,,,,,,,,,,,,,,,,,,,,1.0,,,,,,,,3.0,,,,,,,,,conditions/conds_121.csv,3.0,0.0,,,,,,,,,1376.8254,1378.5592,"[0.0016000000236999767,0.01620000004754729,0.032900000035624544,0.04949999999985266,0.06720000004747817,0.08390000003555542,0.10090000003560817,0.11690000003568457,0.1338000000118882,0.14999999999986358,0.1666000000236636,0.18249999999989086,0.19960000002379275,0.21620000004759277,0.23280000001182088,0.2497000000475964,0.26690000003554815,0.2829999999999018,0.2996000000237018,0.31690000003573005,0.3344999999999345,0.34999999999990905,0.3662000000476837,0.38290000003576097,0.40020000004756184,0.4183000000118682,0.43249999999989086,0.4503000000117936,0.46710000002372,0.48330000001192275,0.49960000002374727,0.5162000000475473,0.5329999999999018,0.5496000000237018,0.5681000000238328,0.5828000000117299,0.5997000000475055,0.6162000000476837,0.6339000000357373,0.6508000000117136,0.6669000000356391,0.6832000000474636,0.6997000000476419,0.7166000000238455,0.7334000000355445,0.75,0.7669999999998254,0.7831000000237509,0.7999999999999545,0.8166000000237545,0.8329000000355791,0.8496000000236563,0.8664999999998599,0.883700000047611,0.9004000000356882,0.9169999999999163,0.9328000000118664,0.9504000000356427,0.9669000000355936,0.9826000000236945,0.9992000000474945,1.0163000000118245,1.0329000000356245,1.0503000000117027,1.0662000000475018,1.0831000000237054,1.0996000000236563,1.1159000000357082,1.1329999999998108,1.1496000000238382,1.1662000000476382,1.1829000000357155,1.1994999999999436,1.21630000001187,1.2338000000117972,1.2497000000475964,1.2664999999999509,1.282600000023649,1.2996000000237018,1.3162000000475018,1.332900000035579,1.3497000000475055,1.3662000000476837,1.382900000035761,1.3996000000238382,1.416100000023789,1.4337000000475655,1.45049999999992,1.4669000000355936,1.4829999999999472,1.4998000000118736,1.5163000000118245,1.5341000000237273,1.5499999999999545,1.5662000000475018,1.582900000035579,1.5996000000236563,1.6163000000117336,1.6328000000119118,1.6507000000476637,1.6664000000357646,1.6829000000357155,1.6994999999999436,1.7162000000475928,1.7336000000236709]",0.016653846,0.000645088,105.0,right,1.0,,,,,,2.0,0.0,4.0,0.5,-1.555878208,1.0,3.040264234,0.201272506,96.0,0.002617994,0.429744758,0.028375272,0.064697354,0.217313714,7.0,0.04900547,-0.097854098,63.0,0.002617994,0.396190386,0.03208284,0.060740902,0.237954322,6.0,0.863886106,-0.987704565,89.0,0.014835299,0.418022232,0.039220845,0.067729576,0.134251055,3.0,0.368177723,-0.67159205,23.0,0.001745329,0.370048297,0.033576258,0.089212406,0.165879093,5.0,0.0,0.0,0.0,0.0,0.0,0.0,0.0,0.0,0.0,0.0,0.0,0.0,0.0,0.0,0.0,0.0,0.0,0.0,0.0,0.0,0.0,0.0,0.0,0.0,0.0,0.0,0.0,0.0,0.0,0.0,0.0,0.0,0.0,0.0,0.0,0.0,0.0,0.0,0.0,0.0,0.0,0.0,0.0,0.0,0.0,0.0,0.0,0.0,0.0,0.0,0.0,0.0,0.0,0.0,0.0,0.0,0.0,0.0,0.0,0.0,0.0,0.0,0.0,0.0,0.0,0.0,0.0,0.0,0.0,0.0,0.0,0.0,,,,,,,1.0163,,0.0,11.0,11.0,11.0,1.0,,,,,,,,,,,,,,,,,,,,,,,,,,,,0
S070,2,2024-11-21_13h14.36.924,MotivatedInference,2024.1.5,Win32,60.24096386,668be8e87e83611e680fb3ab,{{%SESSION_ID%},Chrome,,,,,,,,,,,,,,,,,,,,,,,,,,,,,,0.0,,,,,,,,9.0,,,,,,,,,conditions/conds_121.csv,3.0,0.0,,,,,,,,,1381.942,1386.4251,"[0.0036000000238800567,0.016300000012051896,0.03369999998813,0.04989999997610539,0.06619999998815729,0.08410000002390916,0.10019999998803542,0.11669999998821368,0.13289999997618906,0.14960000002383822,0.1661000000237891,0.1828999999761436,0.19939999997609448,0.21649999999999636,0.23289999997609812,0.24960000002397464,0.26610000002392553,0.28289999997628,0.29960000002392917,0.3170000000000073,0.33369999998808453,0.34950000000003456,0.36630000001196095,0.38319999998816456,0.4003000000118391,0.4175000000000182,0.4336000000239437,0.4494999999999436,0.466100000023971,0.4828999999760981,0.49960000002397464,0.5161999999882028,0.53289999997628,0.5506999999881828,0.5670000000000073,0.5828999999762345,0.5996000000238837,0.616300000011961,0.6328999999761891,0.6494999999999891,0.6668999999762946,0.6828999999761436,0.6994999999999436,0.716100000023971,0.7329999999999472,0.7505000000001019,0.7668999999762036,0.7835000000000036,0.7996000000239292,0.8163000000120064,0.8336999999880845,0.8493999999761854,0.866300000011961,0.8828999999761891,0.8996999999881155,0.9169999999999163,0.9335000000000946,0.9494999999999436,0.9661999999880209,0.9829999999999472,0.9995000000001255,1.0161999999882028,1.0335000000000036,1.0499999999999545,1.06610000002388,1.0830000000000837,1.099699999988161,1.1169999999999618,1.1333000000120137,1.1496999999881155,1.1661999999880663,1.1828999999761436,1.1994999999999436,1.2161999999880209,1.2328000000120483,1.25,1.2668000000119264,1.28289999997628,1.29950000000008,1.3163000000120064,1.3334999999999582,1.3501999999880354,1.3668999999761127,1.3828000000119118,1.3996000000238382,1.416100000023789,1.4338000000118427,1.4500000000000455,1.4660000000001219,1.4828999999760981,1.4995000000001255,1.5161000000239255,1.5328000000120028,1.54950000000008,1.5670000000000073,1.5828000000119573,1.5993999999761854,1.6163999999762382,1.632899999976189,1.6503999999761163,1.6669999999999163,1.6828999999761436,1.6996000000237927,1.7161999999880209,1.7328999999760981,1.7503000000119755,1.767399999976078,1.7831999999880281,1.7996999999882064,1.81610000002388,1.8328000000119573,1.8501999999880354,1.8661999999881118,1.8830000000000382,1.899499999999989,1.9168999999762946,1.9333000000119682,1.9496000000237927,1.966100000023971,1.9828000000120483,1.9993999999762764,2.0161999999882028,2.032800000012003,2.049399999976231,2.0671999999881336,2.0838000000119337,2.0995000000000346,2.1161000000238346,2.1338999999761654,2.150300000011839,2.1668999999762946,2.183199999988119,2.1993999999760945,2.216100000023971,2.232899999976098,2.2495000000001255,2.2661999999882028,2.282800000012003,2.299600000023929,2.3163999999762837,2.3336999999880845,2.3495000000000346,2.366999999999962,2.382899999976189,2.399600000023838,2.4161999999880663,2.4328999999761436,2.4494999999999436,2.466100000023971,2.483500000000049,2.499899999976151,2.5161999999882028,2.532800000012003,2.5499999999999545,2.566500000000133,2.582499999999982,2.5995000000000346,2.6168000000118354,2.6340000000000146,2.649499999999989,2.666500000000042,2.6828999999761436,2.7000000000000455,2.716100000023971,2.7328000000120483,2.7495000000001255,2.7668999999762036,2.783800000011979,2.799600000023929,2.81610000002388,2.8328999999762345,2.850399999976162,2.8673999999762145,2.882800000011912,2.899499999999989,2.916500000000042,2.9328999999761436,2.9494999999999436,2.9658000000119955,2.9828000000120483,2.9996000000239746,3.0161000000239255,3.033000000000129,3.05030000001193,3.066899999976158,3.0828000000119573,3.0996000000238837,3.1161000000238346,3.132899999976189,3.1496999999881155,3.1671999999880427,3.1828999999761436,3.1993999999760945,3.2163999999761472,3.232899999976098,3.2496999999880245,3.2668000000119264,3.2831000000239783,3.299399999976231,3.3170000000000073,3.3328999999762345,3.3495000000000346,3.366199999988112,3.383000000000038,3.4001999999882173,3.417399999976169,3.433199999988119,3.4496000000237927,3.466100000023971,3.4828000000120483,3.4995000000001255,3.5161999999882028,3.532800000012003,3.5505000000000564,3.566899999976158,3.5830000000000837,3.5995000000000346,3.61769999998819,3.633399999976291,3.64939999997614,3.666100000023789,3.6828000000118664,3.6993999999760945,3.716100000023971,3.7329999999999472,3.7501999999881264,3.7666000000238,3.782800000012003,3.799600000023929,3.816899999976158,3.8328000000119573,3.8495000000000346,3.8661000000238346,3.882899999976189,3.900300000011839,3.91599999999994,3.9328000000118664,3.9493999999760945,3.9673000000118464,3.9838000000120246,3.9996000000239746,4.015899999976227,4.032500000000027,4.049600000023929,4.067100000023856,4.082800000011957,4.099500000000035,4.116199999988112,4.133600000023762,4.150199999988217,4.167199999988043,4.183600000023944,4.200300000012021,4.216100000023971,4.232899999976098,4.249600000023975,4.266899999976204,4.283800000011979,4.300399999976207,4.31610000002388,4.332800000011957,4.3503000000118845,4.365899999976136,4.382800000011912,4.399499999999989,4.418399999976145,4.432999999999993,4.449499999999944,4.466100000023971,4.482800000012048]",0.016651301,0.000570762,270.0,right,1.0,,,,,,1.0,0.0,12.0,0.5,4.859915625,-1.0,2.341844994,0.999588212,52.0,0.004363323,0.389522306,0.03388387,0.067083277,0.213395069,6.0,1.840384968,0.513430165,9.0,0.01134464,0.355140301,0.038458273,0.073668072,0.274720221,7.0,2.745625514,0.711713376,71.0,0.013962634,0.401673071,0.031502829,0.073976735,0.151529972,4.0,2.592966331,0.889957809,83.0,0.005235988,0.41175896,0.032251087,0.065012348,0.244231929,6.0,1.04741006,-0.865812817,88.0,0.001745329,0.416906428,0.03407937,0.068935353,0.194962658,5.0,1.245800149,-0.605180319,87.0,0.006108652,0.415699595,0.038834066,0.066745096,0.25903141,5.0,2.737321359,0.723281523,5.0,-0.004363323,0.3477587,0.034233339,0.078408596,0.194188261,5.0,1.597316568,0.053015615,24.0,-0.000872665,0.370951047,0.044446314,0.068882508,0.271498611,5.0,3.032321991,0.216805874,34.0,-0.01134464,0.377900669,0.035623555,0.066078969,0.222301383,5.0,2.040749282,0.807502604,34.0,-0.01134464,0.377900669,0.035623555,0.066078969,0.222301383,5.0,2.926475969,0.417082915,70.0,0.007853982,0.401012824,0.032375196,0.060909739,0.168550131,4.0,2.329086444,0.998530668,69.0,-0.001745329,0.400311091,0.03773135,0.078132351,0.241087639,6.0,,,,,,,1.2005,,0.0,12.0,12.0,12.0,1.0,,,,,,,,,,,,,,,,,,,,,,,,,,,,0
S070,2,2024-11-21_13h14.36.924,MotivatedInference,2024.1.5,Win32,60.24096386,668be8e87e83611e680fb3ab,{{%SESSION_ID%},Chrome,,,,,,,,,,,,,,,,,,,,,,,,,,,,,,0.0,,,,,,,,10.0,,,,,,,,,conditions/conds_121.csv,3.0,0.0,,,,,,,,,1388.6252,1393.1094,"[0.003400000035753692,0.016400000035673656,0.03290000003585192,0.049500000000080036,0.06619999998815729,0.08290000003580644,0.0993000000119082,0.11610000002383458,0.13360000002376182,0.15030000001183907,0.1661000000237891,0.18299999999999272,0.19990000003576824,0.21680000001197186,0.23280000001182088,0.2504999999998745,0.2666000000238,0.2829000000358519,0.29960000002392917,0.3160000000000309,0.3330000000000837,0.3496000000238837,0.36630000001196095,0.3849999999999909,0.3996000000238382,0.41630000001191547,0.43360000002371635,0.45019999998817184,0.4689000000357737,0.48360000002389825,0.5006999999880009,0.5166999999880773,0.5328000000120028,0.5498000000118282,0.5660000000000309,0.5831000000239328,0.5995000000000346,0.616300000011961,0.632900000035761,0.6504999999999654,0.6661999999880663,0.6828000000118664,0.6996000000237927,0.7161999999880209,0.73290000003567,0.7496000000237473,0.7666999999880773,0.7836000000238528,0.7999000000356773,0.8161999999881573,0.8328000000119573,0.8501000000237582,0.8669000000356846,0.8826999999880627,0.8994999999999891,0.9169000000356391,0.9329000000357155,0.9496000000237927,0.9661999999880209,0.9828000000118209,0.9996000000237473,1.0161999999879754,1.032900000035852,1.0496000000239292,1.0661999999881573,1.08400000000006,1.1004000000357337,1.1169000000356846,1.1331000000238873,1.1496000000238382,1.166900000035639,1.1829000000357155,1.1996000000237927,1.21630000001187,1.23290000003567,1.2494999999998981,1.2663000000118245,1.282900000035852,1.29950000000008,1.3161999999881573,1.3330000000000837,1.3495000000000346,1.3661999999881118,1.3838000000118882,1.4004000000356882,1.4161999999880663,1.4329000000357155,1.4509000000357446,1.4661999999880209,1.4828000000118209,1.4996000000237473,1.5163000000118245,1.5326999999881536,1.54950000000008,1.5663000000120064,1.5828000000119573,1.5995000000000346,1.616300000011961,1.6339000000357373,1.6504000000356882,1.6661999999880663,1.6828000000118664,1.6994999999999436,1.7161999999880209,1.73290000003567,1.7503000000119755,1.7661999999879754,1.782900000035852,1.80030000001193,1.8173000000119828,1.8331000000239328,1.8495000000000346,1.8661999999881118,1.8826999999880627,1.8996999999881155,1.9161999999880663,1.9329000000357155,1.9496000000237927,1.9661999999880209,1.98290000003567,1.9996999999880245,2.017100000023902,2.032800000012003,2.049600000023929,2.06610000002388,2.0836000000238073,2.0996000000238837,2.116999999999962,2.133699999988039,2.1499000000358137,2.166600000023891,2.1834000000358174,2.1994999999999436,2.21630000001187,2.23290000003567,2.24919999998815,2.2663000000118245,2.282900000035852,2.299600000023929,2.3161999999881573,2.3330000000000837,2.3496000000238837,2.366199999988112,2.382800000011912,2.399499999999989,2.416100000023789,2.4336000000237163,2.4496000000237927,2.4661000000237436,2.4831000000237964,2.4996999999880245,2.5176999999880536,2.532800000012003,2.5506000000239055,2.5664000000358556,2.5829000000358064,2.5996000000238837,2.616300000011961,2.6334999999999127,2.65019999998799,2.6663000000119155,2.6829999999999927,2.7004000000356427,2.716199999988021,2.73290000003567,2.749499999999898,2.7670000000000528,2.7834000000357264,2.799800000011828,2.8163000000120064,2.8329000000358064,2.849699999988161,2.8669000000356846,2.8826999999880627,2.899499999999989,2.9169999999999163,2.9336000000237163,2.9496000000237927,2.9661000000237436,2.98290000003567,2.9996000000237473,3.017300000011801,3.032800000012003,3.04950000000008,3.06610000002388,3.0836000000238073,3.0996000000238837,3.116300000011961,3.1339000000357373,3.149400000035712,3.166900000035639,3.182499999999891,3.19969999998807,3.216199999988021,3.232800000011821,3.249499999999898,3.2661000000239255,3.282800000012003,3.29950000000008,3.31610000002388,3.3328000000119573,3.3494000000357573,3.367100000023811,3.383800000011888,3.400300000011839,3.4161999999880663,3.4328000000118664,3.4494999999999436,3.4661000000237436,3.4831999999880736,3.499499999999898,3.5161999999879754,3.532900000035852,3.549600000023929,3.5661999999881573,3.5836000000238073,3.5995000000000346,3.616199999988112,3.633800000011888,3.6496999999881155,3.6668000000120173,3.6826999999880172,3.6994999999999436,3.71630000001187,3.7336000000238982,3.749499999999898,3.7661000000239255,3.78369999998813,3.7999999999999545,3.8161999999881573,3.8336000000238073,3.8503000000118845,3.867100000023811,3.883600000023762,3.90010000002394,3.916600000023891,3.9329000000357155,3.9494000000356664,3.9661000000237436,3.982800000011821,3.999499999999898,4.016199999987975,4.032800000012003,4.0491999999881045,4.066300000012006,4.082800000011957,4.099500000000035,4.116100000023835,4.132900000035761,4.149600000023838,4.166199999988066,4.182800000011866,4.19969999998807,4.21630000001187,4.233400000035772,4.249499999999898,4.2661000000239255,4.282800000012003,4.299400000035803,4.316199999988157,4.332800000011957,4.349300000011908,4.366900000035685,4.382900000035761,4.399499999999989,4.4163000000119155,4.4329000000357155,4.449499999999944,4.466100000023744,4.483900000035646]",0.016656134,0.000576692,270.0,left,1.0,,,,,,1.0,0.0,12.0,0.5,1.378176377,1.0,1.052418147,-0.860757697,99.0,-0.003490659,0.442500629,0.032492338,0.059723416,0.160754516,4.0,3.081365672,0.120162894,30.0,-0.009599311,0.375182725,0.031494597,0.070464671,0.19533995,5.0,1.600883988,0.060139012,68.0,0.009599311,0.399449425,0.031951263,0.065393928,0.165147664,5.0,2.528988326,0.940876541,77.0,0.006108652,0.406238369,0.034151794,0.067462161,0.265706452,7.0,2.933914979,0.40351509,59.0,0.006981317,0.393731017,0.031135395,0.06163787,0.205460115,5.0,1.968184868,0.713707482,55.0,-0.003490659,0.391280598,0.028194872,0.063513844,0.18961797,6.0,0.231194979,-0.446088365,84.0,-0.002617994,0.412727296,0.032139903,0.078825818,0.191863964,5.0,0.277800452,-0.527453913,45.0,0.006108652,0.385245638,0.032702855,0.065559913,0.166419284,5.0,2.701186487,0.771256204,29.0,-0.000872665,0.374372435,0.035828607,0.080766738,0.158410304,4.0,1.738367888,0.328904333,10.0,-0.004363323,0.356575755,0.034939804,0.084929929,0.233599272,6.0,1.270299235,-0.56546273,84.0,-0.002617994,0.412727296,0.032139903,0.078825818,0.191863964,5.0,2.914139848,0.439377526,54.0,-0.000872665,0.390632361,0.034931933,0.073298853,0.195852464,4.0,,,,,,,0.7492,,0.0,13.0,13.0,13.0,1.0,,,,,,,,,,,,,,,,,,,,,,,,,,,,0
S070,2,2024-11-21_13h14.36.924,MotivatedInference,2024.1.5,Win32,60.24096386,668be8e87e83611e680fb3ab,{{%SESSION_ID%},Chrome,,,,,,,,,,,,,,,,,,,,,,,,,,,,,,0.0,,,,,,,,8.0,,,,,,,,,conditions/conds_121.csv,3.0,0.0,,,,,,,,,1394.8584,1397.9582,"[0.0026000000239037035,0.016800000011926386,0.03290000003585192,0.04920000004767644,0.06620000004772919,0.08300000000008367,0.09970000004773283,0.11620000004768372,0.13310000002388733,0.15030000001183907,0.16630000001191547,0.18360000002394372,0.20049999999991996,0.216900000035821,0.23290000003567002,0.24960000002374727,0.2663000000118245,0.2829000000358519,0.30070000004775466,0.31660000002375455,0.33290000003580644,0.35030000001188455,0.3664000000358101,0.3830000000000382,0.3996000000238382,0.41620000004763824,0.4337000000475655,0.45080000001189546,0.46680000001197186,0.48299999999994725,0.49949999999989814,0.5162000000477747,0.5329000000358519,0.5496000000239292,0.5662000000477292,0.5829000000358064,0.5996000000238837,0.616300000011961,0.6338000000118882,0.6494999999999891,0.6664000000357646,0.6839999999999691,0.6997000000476419,0.7159999999998945,0.73290000003567,0.7494999999998981,0.7662000000477747,0.7829999999999018,0.79950000000008,0.8162000000477292,0.8330000000000837,0.8496000000238837,0.8662000000476837,0.8828000000119118,0.9003000000118391,0.9171000000237655,0.93260000002374,0.9496000000237927,0.9662000000475928,0.98290000003567,0.9997000000475964,1.0164000000356737,1.033100000023751,1.04950000000008,1.0663000000120064,1.0829000000358064,1.0996000000238837,1.1169999999999618,1.133700000047611,1.1498000000119646,1.1671000000237655,1.1829999999999927,1.1997000000476419,1.21630000001187,1.23290000003567,1.2496000000237473,1.2671000000239019,1.2829999999999018,1.2996000000239292,1.3163000000120064,1.3328000000119573,1.3495000000000346,1.3659000000357082,1.3830000000000382,1.4002000000475618,1.4163000000119155,1.4328000000118664,1.4504000000356427,1.4674999999999727,1.4832000000476455,1.4997000000475964,1.5163000000118245,1.532900000035852,1.5498000000118282,1.5672000000477055,1.5830000000000837,1.5997000000477328,1.617100000023811,1.6332000000477365,1.6494000000357119,1.6663000000119155,1.6829000000357155,1.70049999999992,1.7176000000238218,1.7338000000120246,1.7501000000238491,1.7663000000118245,1.782900000035852,1.7996000000239292,1.8162000000477292,1.83400000000006,1.8496000000238837,1.8662000000476837,1.883700000047611,1.9004000000356882,1.9162000000476382,1.9329999999999927,1.9494999999999436,1.9670000000000982,1.98290000003567,1.9996000000237473,2.0169000000357755,2.0329999999999018,2.04950000000008,2.066200000047729,2.083100000023933,2.0995000000000346,2.116999999999962,2.1339000000357373,2.1497000000476874,2.1669999999999163,2.1828000000118664,2.1994999999999436,2.21630000001187,2.232800000011821,2.2497000000475964,2.2664000000356737,2.2833000000118773,2.29950000000008,2.316200000047729,2.3329000000358064,2.3496000000238837,2.366300000011961,2.382800000011912,2.400200000047562,2.4169999999999163,2.4329000000357155,2.4494999999999436,2.466400000035719,2.482800000011821,2.499499999999898,2.5162000000477747,2.532900000035852,2.549600000023929,2.5672000000477055,2.5838000000119337,2.599999999999909,2.6173000000119373,2.632900000035761,2.6498000000119646,2.666600000023891,2.684100000023818,2.699800000011919,2.7162000000475928,2.73290000003567,2.749499999999898,2.7664000000356737,2.782800000012003,2.800400000035779,2.8170000000000073,2.8336000000238073,2.84980000001201,2.8662000000476837,2.882800000011912,2.899600000023838,2.9169999999999163,2.9329000000357155,2.949800000011919,2.9662000000475928,2.98290000003567,3.0004000000358246,3.016700000047649,3.032800000012003,3.0492000000476764,3.066200000047729,3.0828000000119573,3.0996000000238837]",0.016650538,0.000507497,187.0,left,1.0,,,,,,2.0,0.0,8.0,0.5,-0.3564058,-1.0,1.320369617,-0.480174311,23.0,0.001745329,0.370048297,0.033576258,0.089212406,0.165879093,5.0,0.414996788,-0.737927036,77.0,0.006108652,0.406238369,0.034151794,0.067462161,0.265706452,7.0,2.368474256,0.99969843,55.0,-0.003490659,0.391280598,0.028194872,0.063513844,0.18961797,6.0,2.687883584,0.787916504,8.0,-0.008726646,0.353798062,0.040824325,0.088208322,0.256820315,6.0,1.877880498,0.576279047,12.0,0.006981317,0.359228273,0.039160557,0.080955667,0.284615847,7.0,0.401951122,-0.720069341,67.0,0.000872665,0.398829923,0.040120187,0.066830121,0.198372452,4.0,1.553754371,-0.034077312,92.0,-0.000872665,0.422008311,0.023140698,0.057298337,0.164165775,6.0,0.422560774,-0.748051782,29.0,-0.000872665,0.374372435,0.035828607,0.080766738,0.158410304,4.0,0.0,0.0,0.0,0.0,0.0,0.0,0.0,0.0,0.0,0.0,0.0,0.0,0.0,0.0,0.0,0.0,0.0,0.0,0.0,0.0,0.0,0.0,0.0,0.0,0.0,0.0,0.0,0.0,0.0,0.0,0.0,0.0,0.0,0.0,0.0,0.0,,,,,,,1.4586,,0.0,14.0,14.0,14.0,1.0,,,,,,,,,,,,,,,,,,,,,,,,,,,,0
S070,2,2024-11-21_13h14.36.924,MotivatedInference,2024.1.5,Win32,60.24096386,668be8e87e83611e680fb3ab,{{%SESSION_ID%},Chrome,,,,,,,,,,,,,,,,,,,,,,,,,,,,,,0.0,,,,,,,,3.0,,,,,,,,,conditions/conds_121.csv,3.0,0.0,,,,,,,,,1400.4248,1402.158,"[0.002300000011928205,0.019399999976030813,0.033099999964179005,0.04959999996412989,0.06639999997605628,0.0875999999641408,0.09980000001178269,0.11930000001189,0.13309999996408806,0.15369999998802086,0.16730000001189183,0.186899999976049,0.20009999996409533,0.221399999976029,0.23299999999994725,0.2504999999998745,0.27149999999983265,0.28409999996415536,0.30289999997603445,0.31630000001177905,0.33309999996413353,0.34969999998793355,0.3706999999878917,0.38369999998803905,0.40249999999991815,0.41649999999981446,0.4329999999999927,0.45249999999987267,0.46630000001187,0.4839999999999236,0.5040999999641826,0.5173000000118009,0.5381999999879099,0.55030000001193,0.5695999999641117,0.5834999999999582,0.6023999999761145,0.617099999964239,0.6375999999640953,0.6529999999997926,0.6663999999759653,0.6838000000118427,0.7033000000117227,0.7164999999999964,0.7374999999999545,0.7504999999998745,0.770899999976109,0.7883999999760363,0.8006999999879554,0.8195999999641117,0.8338000000117063,0.8523999999761145,0.8671999999880882,0.8866999999879681,0.9003999999761163,0.9209999999998217,0.9338000000118427,0.94969999998807,0.9693000000117991,0.9830999999642245,0.9996999999880245,1.0163999999761018,1.0329999999999018,1.0528000000117572,1.0703999999759617,1.0838000000117063,1.1033000000118136,1.117099999964239,1.1358999999761181,1.1506999999878644,1.1695999999642481,1.1838000000118427,1.19969999998807,1.21630000001187,1.23580000001175,1.2504999999998745,1.2698999999761327,1.2828999999760526,1.29959999996413,1.3170000000000073,1.337800000011839,1.352999999999838,1.3663000000117336,1.3858999999761181,1.4033000000117681,1.4193000000118445,1.4328000000118664,1.449800000011919,1.4673000000118464,1.487999999999829,1.5003999999760254,1.5198000000118554,1.5329999999999018,1.549699999987979,1.5693999999759853,1.5838000000117063,1.6038999999759653,1.6195999999640662,1.6329999999998108,1.649699999987888,1.66599999999994,1.6829999999999927,1.69969999998807,1.7163999999761472,1.7329999999999472]",0.016641346,0.002750686,105.0,right,1.0,,,,,,2.0,0.0,4.0,0.5,-1.555878208,1.0,3.040264234,0.201272506,96.0,0.002617994,0.429744758,0.028375272,0.064697354,0.217313714,7.0,0.04900547,-0.097854098,63.0,0.002617994,0.396190386,0.03208284,0.060740902,0.237954322,6.0,0.863886106,-0.987704565,89.0,0.014835299,0.418022232,0.039220845,0.067729576,0.134251055,3.0,0.368177723,-0.67159205,23.0,0.001745329,0.370048297,0.033576258,0.089212406,0.165879093,5.0,0.0,0.0,0.0,0.0,0.0,0.0,0.0,0.0,0.0,0.0,0.0,0.0,0.0,0.0,0.0,0.0,0.0,0.0,0.0,0.0,0.0,0.0,0.0,0.0,0.0,0.0,0.0,0.0,0.0,0.0,0.0,0.0,0.0,0.0,0.0,0.0,0.0,0.0,0.0,0.0,0.0,0.0,0.0,0.0,0.0,0.0,0.0,0.0,0.0,0.0,0.0,0.0,0.0,0.0,0.0,0.0,0.0,0.0,0.0,0.0,0.0,0.0,0.0,0.0,0.0,0.0,0.0,0.0,0.0,0.0,0.0,0.0,,,,,,,0.8841,,0.0,15.0,15.0,15.0,1.0,,,,,,,,,,,,,,,,,,,,,,,,,,,,0
S070,2,2024-11-21_13h14.36.924,MotivatedInference,2024.1.5,Win32,60.24096386,668be8e87e83611e680fb3ab,{{%SESSION_ID%},Chrome,,,,,,,,,,,,,,,,,,,,,,,,,,,,,,0.0,,,,,,,,1.0,,,,,,,,,conditions/conds_121.csv,3.0,0.0,,,,,,,,,1404.0622,1405.7795,"[0.0016000000239273504,0.015600000023823668,0.028999999999996362,0.0496999999882064,0.06319999998822823,0.08310000002393281,0.09600000000000364,0.11230000001205553,0.1330000000000382,0.14630000001193366,0.16300000000001091,0.18400000000019645,0.19660000002386369,0.21569999998814637,0.22960000002399283,0.24869999998827552,0.26300000000014734,0.28180000001202643,0.29580000001192275,0.31290000003582463,0.33260000002383094,0.34580000001210465,0.36510000002385823,0.3799000000358319,0.40000000000009095,0.4124000000358592,0.43230000001199187,0.4458000000120137,0.46510000002399465,0.4789000000357646,0.49990000003595014,0.5131000000239965,0.5319000000358756,0.5494000000358028,0.5625,0.5796999999881791,0.5995000000000346,0.612600000024031,0.6340000000000146,0.6489000000358374,0.66310000002386,0.6831999999881191,0.6990000000000691,0.7121999999881155,0.7296000000239928,0.7504000000358246,0.7630000000001473,0.7789999999999964,0.7994000000358028,0.8130000000001019,0.8328000000119573,0.8455000000001291,0.8625000000001819,0.882900000035761,0.8961999999880845,0.916600000023891,0.9295000000001892,0.9493000000120446,0.9623000000119646,0.9841999999882773,0.996199999988221,1.0166000000240274,1.0334000000359538,1.0459000000357719,1.0661999999881573,1.0796999999881791,1.0955000000001291,1.1123000000120555,1.1326000000240128,1.14569999998821,1.16719999998827,1.1826999999882446,1.1961999999882664,1.2171000000239474,1.2296000000239928,1.2505000000001019,1.26290000003587,1.282300000011901,1.2963000000120246,1.3130000000001019,1.3333000000120592,1.3463000000119791,1.365500000000111,1.3830000000000382,1.39569999998821,1.413000000000011,1.4329999999999927,1.4459000000358628,1.4666999999881227,1.4793000000120173,1.4959000000358174,1.516400000035901,1.5288000000120974,1.5463000000120246,1.5668000000121083,1.5796000000239019,1.5958000000121046,1.61640000003581,1.6296000000238564,1.6455000000000837,1.663000000000011,1.6826000000239674,1.69600000000014,1.7171999999882246]",0.016656311,0.003186765,104.0,right,1.0,,,,,,1.0,0.0,4.0,0.5,0.591837133,-1.0,2.648811023,0.833583364,53.0,-0.003490659,0.390095866,0.043303837,0.083823939,0.349451294,6.0,1.697334574,0.250383637,70.0,0.007853982,0.401012824,0.032375196,0.060909739,0.168550131,4.0,0.443436827,-0.775100193,18.0,-0.008726646,0.365457086,0.031782524,0.075683607,0.153768306,4.0,2.998147853,0.282970325,92.0,-0.000872665,0.422008311,0.023140698,0.057298337,0.164165775,6.0,0.0,0.0,0.0,0.0,0.0,0.0,0.0,0.0,0.0,0.0,0.0,0.0,0.0,0.0,0.0,0.0,0.0,0.0,0.0,0.0,0.0,0.0,0.0,0.0,0.0,0.0,0.0,0.0,0.0,0.0,0.0,0.0,0.0,0.0,0.0,0.0,0.0,0.0,0.0,0.0,0.0,0.0,0.0,0.0,0.0,0.0,0.0,0.0,0.0,0.0,0.0,0.0,0.0,0.0,0.0,0.0,0.0,0.0,0.0,0.0,0.0,0.0,0.0,0.0,0.0,0.0,0.0,0.0,0.0,0.0,0.0,0.0,,,,,,,1.1924,,0.0,16.0,16.0,16.0,1.0,,,,,,,,,,,,,,,,,,,,,,,,,,,,0
S070,2,2024-11-21_13h14.36.924,MotivatedInference,2024.1.5,Win32,60.24096386,668be8e87e83611e680fb3ab,{{%SESSION_ID%},Chrome,,,,,,,,,,,,,,,,,,,,,,,,,,,,,,0.0,,,,,,,,2.0,,,,,,,,,conditions/conds_121.csv,3.0,0.0,,,,,,,,,1407.9757,1409.7246,"[0.0018000000118263415,0.01530000001184817,0.03199999999992542,0.048699999988002673,0.0653000000118027,0.08199999999987995,0.0986999999879572,0.11560000002373272,0.13190000003578461,0.1486999999881391,0.16530000001193912,0.18190000003573914,0.1986000000238164,0.2151999999880445,0.2319999999999709,0.24860000002377092,0.2654000000356973,0.2828000000120028,0.29860000002372544,0.3153000000118027,0.3319000000358301,0.3493000000119082,0.3654000000358337,0.382100000023911,0.39860000002386187,0.41599999999994,0.43280000001186636,0.4486000000238164,0.46530000001189364,0.4819999999999709,0.4989000000357464,0.5160000000000764,0.5319000000356482,0.5486000000237254,0.5653000000118027,0.58199999999988,0.5986000000239073,0.6151000000238582,0.6320000000000618,0.6488000000119882,0.6654000000357883,0.6820000000000164,0.6986999999880936,0.7159999999998945,0.7319000000356937,0.7494999999998981,0.7659000000357992,0.7821000000237746,0.7991999999881045,0.8154000000356518,0.8324000000357046,0.8486999999879572,0.8653000000119846,0.882900000035761,0.8989999999998872,0.9153000000119391,0.9319000000357391,0.9486999999880936,0.9653000000118936,0.9819999999999709,0.9986000000237709,1.015199999987999,1.0319999999999254,1.0486999999880027,1.0653000000118027,1.081800000011981,1.1031000000239146,1.11569999998801,1.1320000000000618,1.1493000000118627,1.16519999998809,1.1820000000000164,1.1986000000238164,1.2151999999880445,1.2319000000356937,1.2486999999880481,1.2660000000000764,1.2819999999999254,1.2986999999880027,1.316000000000031,1.33199999999988,1.3486000000239073,1.3653000000119846,1.3819000000357846,1.3989999999998872,1.4153000000119391,1.4324999999998909,1.4486000000238164,1.4661000000237436,1.481999999999971,1.498600000023771,1.5153000000118482,1.5328000000120028,1.5484999999998763,1.56610000002388,1.58199999999988,1.5986000000239073,1.6151999999881355,1.6320000000000618,1.648699999988139,1.6654000000357883,1.6819000000357391,1.6986000000238164,1.7161000000237436,1.7319000000356937,1.748600000023771]",0.01663619,0.000796077,106.0,left,1.0,,,,,,1.0,0.0,4.0,0.5,2.385765962,1.0,1.846253913,0.523467218,40.0,0.001745329,0.381763748,0.031902579,0.075140032,0.211660484,6.0,1.646401099,0.150633986,26.0,-8.92894e-14,0.37233788,0.03804093,0.07765862,0.260457405,6.0,2.52655431,0.942514431,75.0,-0.006981317,0.404601252,0.036318328,0.07284169,0.209916045,6.0,2.702837385,0.769150328,78.0,0.004363323,0.407032945,0.030231373,0.057417546,0.211999481,6.0,0.0,0.0,0.0,0.0,0.0,0.0,0.0,0.0,0.0,0.0,0.0,0.0,0.0,0.0,0.0,0.0,0.0,0.0,0.0,0.0,0.0,0.0,0.0,0.0,0.0,0.0,0.0,0.0,0.0,0.0,0.0,0.0,0.0,0.0,0.0,0.0,0.0,0.0,0.0,0.0,0.0,0.0,0.0,0.0,0.0,0.0,0.0,0.0,0.0,0.0,0.0,0.0,0.0,0.0,0.0,0.0,0.0,0.0,0.0,0.0,0.0,0.0,0.0,0.0,0.0,0.0,0.0,0.0,0.0,0.0,0.0,0.0,,,,,,,0.6872,,0.0,17.0,17.0,17.0,1.0,,,,,,,,,,,,,,,,,,,,,,,,,,,,0
S070,2,2024-11-21_13h14.36.924,MotivatedInference,2024.1.5,Win32,60.24096386,668be8e87e83611e680fb3ab,{{%SESSION_ID%},Chrome,,,,,,,,,,,,,,,,,,,,,,,,,,,,,,-1.0,,,,,,,,8.0,,,,,,,,,conditions/conds_121.csv,3.0,0.0,,,,,,,,,1412.5914,1415.6581,"[0.003200000047627327,0.01950000000010732,0.03290000003585192,0.052400000035731864,0.06720000004770554,0.08699999999998909,0.10030000001188455,0.11980000001199187,0.13770000004774374,0.15030000001206645,0.1694999999999709,0.18370000004779286,0.20280000001207554,0.21630000001187,0.23680000001195367,0.25020000004769827,0.2692000000477037,0.2829000000358519,0.29950000000008004,0.3171000000238564,0.3374000000358137,0.3522000000477874,0.36630000001196095,0.38599999999996726,0.4035000000001219,0.41710000002399283,0.4364000000357464,0.4504000000358701,0.46930000001202643,0.4869000000358028,0.5023000000119282,0.5194000000358301,0.5329000000358519,0.5523000000118827,0.5662000000477292,0.5828000000119573,0.6004000000357337,0.6204000000357155,0.6337000000478383,0.6537000000478201,0.6669000000358665,0.6828000000118664,0.7027000000477983,0.7190000000000509,0.7329000000358974,0.7519999999999527,0.7663000000120519,0.7830000000001291,0.8047000000476601,0.8208000000120137,0.8324999999999818,0.8530000000000655,0.8695000000000164,0.882900000035761,0.8996000000238382,0.9162000000476382,0.9327000000478165,0.9536000000239255,0.9710000000000036,0.9829999999999472,1.0001000000238491,1.0197000000478056,1.0357000000476546,1.0523000000118827,1.0662000000477292,1.0856000000239874,1.0994000000357573,1.1189000000358647,1.1354000000358155,1.1539999999999964,1.1663000000119155,1.1857000000477456,1.1999000000357682,1.2189000000357737,1.232700000047771,1.252200000047651,1.266300000012052,1.2825000000000273,1.2996000000239292,1.3199999999999363,1.3329000000358064,1.3528000000119391,1.3659000000357082,1.3859999999999673,1.4006000000238146,1.41670000004774,1.4329000000357155,1.4494999999999436,1.4700000000000273,1.4871000000239292,1.5026000000239037,1.5162000000477747,1.5364000000358828,1.5498000000120555,1.57100000000014,1.5829000000358064,1.604100000023891,1.616900000035912,1.6330000000000382,1.6526000000239947,1.6669000000358665,1.6856000000238964,1.700300000012021,1.7191000000239,1.7337000000477474,1.7527000000477528,1.766300000012052,1.7861000000239073,1.79950000000008,1.8197000000477601,1.8328000000119573,1.8521000000239383,1.8695000000000164,1.8828000000119118,1.899499999999989,1.916100000023789,1.9336000000239437,1.9539999999999509,1.9666000000238455,1.985600000023851,2.0025000000000546,2.0168000000119264,2.0357000000476546,2.052500000000009,2.066200000047729,2.087700000047789,2.0996000000238837,2.119100000023991,2.1337000000478383,2.1527000000476164,2.1662000000476382,2.183700000047793,2.203900000035901,2.217700000047671,2.2332000000476455,2.254200000047831,2.266499999999951,2.2863000000120337,2.30310000002396,2.31610000002388,2.336999999999989,2.3496000000238837,2.369000000000142,2.382900000035761,2.399499999999989,2.4184000000357173,2.436600000023873,2.4494999999999436,2.469200000047749,2.4828000000120483,2.5024000000357773,2.5192000000477037,2.532900000035852,2.5534999999999854,2.566200000047729,2.587100000023838,2.601900000035812,2.6166000000239364,2.6383000000118955,2.6503000000120664,2.6698000000119464,2.683700000047793,2.7022000000476964,2.7211000000238528,2.733500000000049,2.752700000047753,2.7662000000477747,2.782800000012003,2.803000000000111,2.8164000000358556,2.8359000000357355,2.8495000000000346,2.866300000011961,2.8874000000357682,2.9039999999999964,2.9172000000476146,2.9369000000358483,2.9509000000357446,2.966000000000122,2.9880000000000564,2.9996000000239746,3.02020000004768,3.0334000000357264,3.0521000000239837,3.066500000000133]",0.01664837,0.002852992,185.0,left,1.0,,,,,,2.0,0.0,8.0,0.5,-0.3564058,-1.0,1.320369617,-0.480174311,23.0,0.001745329,0.370048297,0.033576258,0.089212406,0.165879093,5.0,0.414996788,-0.737927036,77.0,0.006108652,0.406238369,0.034151794,0.067462161,0.265706452,7.0,2.368474256,0.99969843,55.0,-0.003490659,0.391280598,0.028194872,0.063513844,0.18961797,6.0,2.687883584,0.787916504,8.0,-0.008726646,0.353798062,0.040824325,0.088208322,0.256820315,6.0,1.877880498,0.576279047,12.0,0.006981317,0.359228273,0.039160557,0.080955667,0.284615847,7.0,0.401951122,-0.720069341,67.0,0.000872665,0.398829923,0.040120187,0.066830121,0.198372452,4.0,1.553754371,-0.034077312,92.0,-0.000872665,0.422008311,0.023140698,0.057298337,0.164165775,6.0,0.422560774,-0.748051782,29.0,-0.000872665,0.374372435,0.035828607,0.080766738,0.158410304,4.0,0.0,0.0,0.0,0.0,0.0,0.0,0.0,0.0,0.0,0.0,0.0,0.0,0.0,0.0,0.0,0.0,0.0,0.0,0.0,0.0,0.0,0.0,0.0,0.0,0.0,0.0,0.0,0.0,0.0,0.0,0.0,0.0,0.0,0.0,0.0,0.0,,,,,,,0.7176,,0.0,18.0,18.0,18.0,1.0,,,,,,,,,,,,,,,,,,,,,,,,,,,,0
S070,2,2024-11-21_13h14.36.924,MotivatedInference,2024.1.5,Win32,60.24096386,668be8e87e83611e680fb3ab,{{%SESSION_ID%},Chrome,,,,,,,,,,,,,,,,,,,,,,,,,,,,,,-1.0,,,,,,,,7.0,,,,,,,,,conditions/conds_121.csv,3.0,0.0,,,,,,,,,1417.3751,1420.4935,"[0.0029999999999290594,0.018399999976281833,0.03239999997617815,0.0490999999642554,0.06579999995233266,0.08239999997613268,0.10209999996436636,0.11650000000008731,0.1352999999523945,0.14979999995239268,0.16859999996427177,0.18250000000011823,0.20199999999999818,0.21569999998814637,0.23259999996435,0.254299999952309,0.2690999999642827,0.2825000000000273,0.29919999998810454,0.3201999999880627,0.3330000000000837,0.3523999999761145,0.3687999999524436,0.38509999996426814,0.39909999996416445,0.4157999999522417,0.43739999997615087,0.4535000000000764,0.4656999999881464,0.48500000000012733,0.49900000000002365,0.5188999999761563,0.5330000000001291,0.5520000000001346,0.5657999999523327,0.58529999995244,0.5996999999881609,0.6196999999881427,0.6324999999999363,0.6491999999880136,0.6694999999999709,0.6832999999523963,0.7023999999762509,0.720599999964179,0.732799999952249,0.7533999999761818,0.7664999999999509,0.7855999999642336,0.7990999999642554,0.8165000000001328,0.8369999999999891,0.8492999999523363,0.8685999999643172,0.8823999999760872,0.9035999999641717,0.9161999999880663,0.9363999999761745,0.9491999999881955,0.9710000000000036,0.9860999999641535,0.9990999999643009,1.020599999964361,1.0325000000000273,1.05319999998801,1.0688999999761108,1.0851999999881627,1.09909999996421,1.1183999999761909,1.1331999999881646,1.1516999999880682,1.1656999999881918,1.1853999999761982,1.1997999999523472,1.2201999999881536,1.2357999999524054,1.252199999988079,1.265699999988101,1.2872999999524382,1.2991999999881045,1.3165999999641826,1.3373999999762418,1.3497999999524382,1.3691999999880409,1.3830000000000382,1.4028999999761709,1.4193999999761218,1.4348999999760963,1.4490000000000691,1.4708999999761545,1.4861999999880027,1.4990000000000236,1.5188999999761563,1.5325000000000273,1.5532999999522872,1.5658999999761818,1.5851999999881627,1.6036999999880663,1.6165999999643645,1.6355000000000928,1.6497999999523927,1.6685999999642718,1.6828999999761436,1.7029999999999745,1.7156999999881464,1.7329999999999472,1.754299999952309,1.7690999999642827,1.7854999999999563,1.8015000000000327,1.8156999999880554,1.8323999999761327,1.84909999996421,1.8653999999762618,1.88639999997622,1.8997999999523927,1.9188999999762473,1.93309999996427,1.952699999987999,1.9672999999522744,1.9852999999523036,1.9988999999761745,2.015699999988101,2.036699999988059,2.048899999976129,2.06819999998811,2.0823999999761327,2.1020999999643664,2.120699999988119,2.1324999999999363,2.15219999998817,2.1683999999761454,2.185299999952349,2.199000000000069,2.219699999988052,2.2331999999880736,2.252999999999929,2.266499999999951,2.285099999964359,2.298999999999978,2.3156999999880554,2.3327999999523854,2.3543999999762946,2.3702999999522945,2.3830999999643154,2.4018999999761945,2.415699999988192,2.4372999999523017,2.4533999999762273,2.4657999999524236,2.4875999999642318,2.5022999999523563,2.515699999988101,2.53659999996421,2.5491999999881045,2.5685999999643627,2.58319999998821,2.6021999999882155,2.6165000000000873,2.636299999952371,2.649499999999989,2.67009999996435,2.683199999988119,2.699000000000069,2.7156999999881464,2.7351999999880263,2.7487999999523254,2.768599999964181,2.782299999952329,2.801699999988159,2.8156999999880554,2.8360000000000127,2.849799999952438,2.8686999999881664,2.8830999999643154,2.9018999999761945,2.915699999988192,2.93229999995242,2.9490999999643464,2.9655999999642972,2.9860999999641535,2.999899999976151,3.020899999976109,3.0325000000000273,3.0518999999762855,3.0656999999880554,3.0865999999641645,3.09909999996421,3.1182999999523418]",0.016659358,0.002991138,188.0,left,1.0,,,,,,2.0,0.0,8.0,0.5,-2.366298596,-1.0,1.584506234,0.027416379,86.0,-0.01134464,0.414570186,0.03611148,0.064685839,0.099529567,3.0,2.667961309,0.811820212,22.0,-0.006108652,0.369173441,0.034771665,0.081264392,0.215269419,6.0,0.317458606,-0.593110862,4.0,0.001745329,0.345391377,0.044661649,0.086491224,0.292502374,6.0,1.611146047,0.080611877,60.0,0.008726646,0.394321176,0.024708435,0.063628191,0.162696287,6.0,1.582052793,0.022511031,34.0,-0.01134464,0.377900669,0.035623555,0.066078969,0.222301383,5.0,1.00095433,-0.908501488,11.0,-0.013089969,0.357861323,0.044486954,0.075207378,0.243622836,5.0,0.642437187,-0.959402031,36.0,0.002617994,0.379263044,0.03913601,0.077664539,0.168574417,3.0,1.065032163,-0.847643713,4.0,0.001745329,0.345391377,0.044661649,0.086491224,0.292502374,6.0,0.0,0.0,0.0,0.0,0.0,0.0,0.0,0.0,0.0,0.0,0.0,0.0,0.0,0.0,0.0,0.0,0.0,0.0,0.0,0.0,0.0,0.0,0.0,0.0,0.0,0.0,0.0,0.0,0.0,0.0,0.0,0.0,0.0,0.0,0.0,0.0,,,,,,,0.5951,,0.0,19.0,19.0,19.0,1.0,,,,,,,,,,,,,,,,,,,,,,,,,,,,0
S070,2,2024-11-21_13h14.36.924,MotivatedInference,2024.1.5,Win32,60.24096386,668be8e87e83611e680fb3ab,{{%SESSION_ID%},Chrome,,,,,,,,,,,,,,,,,,,,,,,,,,,,,,-1.0,,,,,,,,1.0,,,,,,,,,conditions/conds_121.csv,3.0,0.0,,,,,,,,,1422.0911,1423.8076,"[0.0018999999761035724,0.016099999964126255,0.032999999999901775,0.04959999996412989,0.06619999998792991,0.0829999999998563,0.09959999996408442,0.11629999995216167,0.13309999996408806,0.14969999998788808,0.16619999998806634,0.18299999999999272,0.19979999995211983,0.21649999999999636,0.23289999997609812,0.24949999999989814,0.2662999999522526,0.28289999997605264,0.300499999999829,0.3166999999880318,0.3329999999998563,0.34969999998793355,0.36629999995216167,0.3828999999759617,0.40049999999996544,0.4162999999521162,0.4328999999761436,0.44969999998807,0.4662999999522981,0.4828999999760981,0.4996999999880245,0.5164999999999509,0.5335999999640535,0.5495999999641299,0.5671999999879063,0.5828999999760072,0.5996999999879336,0.6162999999521617,0.6329999999998108,0.6498999999760144,0.6662999999521162,0.6830999999640426,0.6995999999642208,0.7169999999998709,0.7328999999760981,0.7496999999880245,0.7663999999761018,0.7829999999999018,0.7995999999641299,0.8162999999522071,0.8328999999760072,0.8496999999879336,0.8667999999522635,0.8828999999759617,0.8995999999640389,0.9161999999880663,0.9329999999999927,0.9501999999879445,0.9662999999522981,0.9837999999522253,1,1.0161999999879754,1.0328999999760526,1.04959999996413,1.0662999999522071,1.0828999999760072,1.0996999999879336,1.1161999999878844,1.1328999999759617,1.1503999999761163,1.1662999999521162,1.1830999999640426,1.199999999999818,1.2164999999999964,1.2328999999760981,1.2496999999880245,1.2663999999761018,1.2829999999999018,1.299699999987979,1.3162999999522071,1.3329999999998563,1.3495999999640844,1.3662999999521617,1.3829999999998108,1.399599999964039,1.4169999999999163,1.4329999999999927,1.4500999999640953,1.466299999952298,1.4830999999642245,1.4996999999880245,1.5165999999642281,1.5328999999760526,1.549699999987979,1.5662999999522071,1.5828999999760072,1.5994999999998072,1.6161999999878844,1.6329999999998108,1.649499999999989,1.6669999999999163,1.6836999999879936,1.6995999999642208,1.716299999952298]",0.01664466,0.000438605,104.0,left,0.0,,,,,,1.0,0.0,4.0,0.5,0.591837133,-1.0,2.648811023,0.833583364,53.0,-0.003490659,0.390095866,0.043303837,0.083823939,0.349451294,6.0,1.697334574,0.250383637,70.0,0.007853982,0.401012824,0.032375196,0.060909739,0.168550131,4.0,0.443436827,-0.775100193,18.0,-0.008726646,0.365457086,0.031782524,0.075683607,0.153768306,4.0,2.998147853,0.282970325,92.0,-0.000872665,0.422008311,0.023140698,0.057298337,0.164165775,6.0,0.0,0.0,0.0,0.0,0.0,0.0,0.0,0.0,0.0,0.0,0.0,0.0,0.0,0.0,0.0,0.0,0.0,0.0,0.0,0.0,0.0,0.0,0.0,0.0,0.0,0.0,0.0,0.0,0.0,0.0,0.0,0.0,0.0,0.0,0.0,0.0,0.0,0.0,0.0,0.0,0.0,0.0,0.0,0.0,0.0,0.0,0.0,0.0,0.0,0.0,0.0,0.0,0.0,0.0,0.0,0.0,0.0,0.0,0.0,0.0,0.0,0.0,0.0,0.0,0.0,0.0,0.0,0.0,0.0,0.0,0.0,0.0,,,,,,,0.6657,,0.0,20.0,20.0,20.0,1.0,,,,,,,,,,,,,,,,,,,,,,,,,,,,0
S070,2,2024-11-21_13h14.36.924,MotivatedInference,2024.1.5,Win32,60.24096386,668be8e87e83611e680fb3ab,{{%SESSION_ID%},Chrome,,,,,,,,,,,,,,,,,,,,,,,,,,,,,,-1.0,,,,,,,,3.0,,,,,,,,,conditions/conds_121.csv,3.0,0.0,,,,,,,,,1425.4908,1427.2076,"[0.0015999999643554474,0.01650000000017826,0.0340000000001055,0.05059999996433362,0.06739999997626,0.0833999999763364,0.09959999996431179,0.11719999998808817,0.1333000000120137,0.14989999997624182,0.16659999996431907,0.1831999999881191,0.2000999999643227,0.2165999999642736,0.23319999998807361,0.24989999997615087,0.26650000000017826,0.2830999999644064,0.3005999999643336,0.3165000000001328,0.33409999996433726,0.3498999999762873,0.3665000000000873,0.3838999999761654,0.4006999999880918,0.41650000000004184,0.4331999999881191,0.44989999997619634,0.4666999999881227,0.4831999999880736,0.499800000012101,0.5173999999763055,0.5331999999882555,0.5498999999763328,0.5665000000001328,0.5830999999643609,0.5998999999762873,0.6173000000119373,0.6331999999881646,0.6498999999762418,0.6665999999643191,0.6840999999642463,0.7000000000000455,0.7165999999642736,0.734000000000151,0.75,0.7665999999642281,0.7835999999642809,0.7998000000120555,0.8163000000120064,0.8330999999643609,0.8498999999762873,0.8665999999643645,0.8833999999762909,0.8998000000119646,0.9166999999881682,0.9333000000119682,0.9498999999761963,0.9664999999999964,0.9831999999880736,0.9998999999761509,1.0165000000001783,1.034300000012081,1.0505999999643336,1.0663999999762837,1.0833999999763364,1.1003999999761618,1.1170000000001892,1.1331999999881646,1.1496999999881155,1.1665000000000418,1.183199999988119,1.199800000011919,1.2165999999642736,1.2331999999880736,1.2498999999761509,1.2663999999763291,1.2831999999882555,1.3005999999643336,1.31659999996441,1.3333000000120592,1.34980000001201,1.367099999964239,1.3830999999643154,1.3998999999762418,1.4165000000000418,1.433199999988119,1.449800000011919,1.4663999999761472,1.4831999999880736,1.4998999999761509,1.5173999999763055,1.5333999999761545,1.5498999999763328,1.5665000000001328,1.58319999998821,1.59980000001201,1.617099999964239,1.63350000000014,1.6498999999762418,1.667099999964421,1.68309999996427,1.6998999999761963,1.7165999999642736]",0.016650485,0.000470049,104.0,right,1.0,,,,,,2.0,0.0,4.0,0.5,-1.555878208,1.0,3.040264234,0.201272506,96.0,0.002617994,0.429744758,0.028375272,0.064697354,0.217313714,7.0,0.04900547,-0.097854098,63.0,0.002617994,0.396190386,0.03208284,0.060740902,0.237954322,6.0,0.863886106,-0.987704565,89.0,0.014835299,0.418022232,0.039220845,0.067729576,0.134251055,3.0,0.368177723,-0.67159205,23.0,0.001745329,0.370048297,0.033576258,0.089212406,0.165879093,5.0,0.0,0.0,0.0,0.0,0.0,0.0,0.0,0.0,0.0,0.0,0.0,0.0,0.0,0.0,0.0,0.0,0.0,0.0,0.0,0.0,0.0,0.0,0.0,0.0,0.0,0.0,0.0,0.0,0.0,0.0,0.0,0.0,0.0,0.0,0.0,0.0,0.0,0.0,0.0,0.0,0.0,0.0,0.0,0.0,0.0,0.0,0.0,0.0,0.0,0.0,0.0,0.0,0.0,0.0,0.0,0.0,0.0,0.0,0.0,0.0,0.0,0.0,0.0,0.0,0.0,0.0,0.0,0.0,0.0,0.0,0.0,0.0,,,,,,,0.6394,,0.0,21.0,21.0,21.0,1.0,,,,,,,,,,,,,,,,,,,,,,,,,,,,0
S070,2,2024-11-21_13h14.36.924,MotivatedInference,2024.1.5,Win32,60.24096386,668be8e87e83611e680fb3ab,{{%SESSION_ID%},Chrome,,,,,,,,,,,,,,,,,,,,,,,,,,,,,,-1.0,,,,,,,,6.0,,,,,,,,,conditions/conds_121.csv,3.0,0.0,,,,,,,,,1428.8575,1431.9241,"[0.0026999999879535608,0.016499999999950887,0.032999999999901775,0.04980000001182816,0.06719999998813364,0.08349999999995816,0.09980000001178269,0.11719999998808817,0.1338000000118882,0.14989999997601444,0.16650000000004184,0.18310000002384186,0.20049999999991996,0.21689999997602172,0.23330000001192275,0.24980000001187364,0.26719999998795174,0.28489999997600535,0.29980000001182816,0.31689999997615814,0.33339999997610903,0.3498999999760599,0.36710000002381094,0.3834999999999127,0.3998000000119646,0.4176000000238673,0.43389999997611994,0.44989999997619634,0.46649999999999636,0.4831999999880736,0.49980000001187364,0.5173000000118009,0.5336000000238528,0.5515000000000327,0.5668000000118809,0.5831000000237054,0.5998000000117827,0.6164999999998599,0.6331999999879372,0.6498000000119646,0.6665000000000418,0.6831000000238419,0.6998000000119191,0.7173000000118464,0.7331000000237964,0.7496999999880245,0.7663000000118245,0.783899999976029,0.8001999999880809,0.8164999999999054,0.8343000000118082,0.849999999999909,0.8671000000238109,0.8834999999999127,0.8998000000119646,0.9163999999761927,0.9338999999761199,0.9498999999761963,0.9664999999999964,0.9831000000237964,1.0006000000237236,1.0171999999879517,1.033100000023751,1.049699999987979,1.0671999999881336,1.0834999999999582,1.0996999999879336,1.1163999999760108,1.1361999999880936,1.15019999998799,1.1663999999761927,1.1831000000238419,1.199800000011919,1.2173000000118464,1.2333000000119227,1.2504999999998745,1.2664999999999509,1.283100000023751,1.3003999999762073,1.3173999999760326,1.333899999976211,1.3501999999880354,1.3668999999761127,1.3830000000000382,1.3998000000119646,1.4171000000237655,1.4334999999998672,1.449800000011919,1.4664999999999964,1.4831000000237964,1.4998999999761509,1.5171999999879517,1.5333000000118773,1.549699999987979,1.5671999999881336,1.5831000000237054,1.5998000000117827,1.617100000023811,1.6338999999761654,1.6498999999760144,1.6665000000000418,1.6829999999999927,1.7003000000117936,1.7171999999879972,1.7335000000000491,1.7494999999998981,1.7664999999999509,1.783100000023751,1.7998000000118282,1.8171999999881336,1.8333000000118318,1.850500000000011,1.867100000023811,1.8838000000118882,1.8998000000119646,1.9171999999880427,1.9336999999879936,1.9501000000238946,1.9666999999881227,1.9831999999880736,2.0004999999998745,2.0168999999762036,2.033800000011979,2.050199999988081,2.0664999999999054,2.0831000000237054,2.0998000000117827,2.116399999976011,2.133699999988039,2.1504999999999654,2.1671999999880427,2.183100000023842,2.199800000011919,2.2168999999760217,2.233699999987948,2.250100000023849,2.2663999999761018,2.283100000023751,2.3005000000000564,2.3171000000238564,2.3336999999880845,2.350500000000011,2.3666999999879863,2.3831000000238873,2.3998000000119646,2.416500000000042,2.433100000023842,2.450600000023769,2.467199999987997,2.4838999999760745,2.4996999999880245,2.517100000023902,2.5336000000238528,2.549800000011828,2.567699999988008,2.583399999976109,2.5996999999879336,2.616300000011961,2.633800000011888,2.6498999999760144,2.6671999999880427,2.683199999988119,2.7006999999880463,2.7173000000118464,2.7331000000237964,2.7498000000118736,2.7670000000000528,2.7833999999761545,2.799699999987979,2.8171000000238564,2.833300000011832,2.8498000000117827,2.8673000000119373,2.8833999999760636,2.8996999999881155,2.9171000000237655,2.933199999988119,2.949800000011919,2.96710000002372,2.9829999999999472,2.9998000000118736,3.017100000023902,3.0341000000237273,3.0503999999762073,3.0663999999760563]",0.016650543,0.000636737,185.0,left,0.0,,,,,,1.0,0.0,8.0,0.5,1.208725868,-1.0,2.554187598,0.922616612,35.0,0.01134464,0.378665605,0.034694997,0.068673497,0.233172687,6.0,0.937425934,-0.954130142,54.0,-0.000872665,0.390632361,0.034931933,0.073298853,0.195852464,4.0,0.011221631,-0.022441377,19.0,-8.92894e-14,0.366380653,0.037711395,0.069882825,0.280007013,7.0,1.265944603,-0.572624366,96.0,0.002617994,0.429744758,0.028375272,0.064697354,0.217313714,7.0,3.091179749,0.100655066,56.0,0.002617994,0.391878159,0.037400891,0.06461151,0.256914973,6.0,2.369500864,0.999645902,8.0,-0.008726646,0.353798062,0.040824325,0.088208322,0.256820315,6.0,1.560611389,-0.020368467,25.0,0.001745329,0.371739039,0.031180836,0.079221418,0.176784845,4.0,2.713481357,0.75537264,46.0,-8.92894e-14,0.385892478,0.022689461,0.062794509,0.135276835,6.0,0.0,0.0,0.0,0.0,0.0,0.0,0.0,0.0,0.0,0.0,0.0,0.0,0.0,0.0,0.0,0.0,0.0,0.0,0.0,0.0,0.0,0.0,0.0,0.0,0.0,0.0,0.0,0.0,0.0,0.0,0.0,0.0,0.0,0.0,0.0,0.0,,,,,,,0.5845,,0.0,22.0,22.0,22.0,1.0,,,,,,,,,,,,,,,,,,,,,,,,,,,,0
S070,2,2024-11-21_13h14.36.924,MotivatedInference,2024.1.5,Win32,60.24096386,668be8e87e83611e680fb3ab,{{%SESSION_ID%},Chrome,,,,,,,,,,,,,,,,,,,,,,,,,,,,,,-1.0,,,,,,,,12.0,,,,,,,,,conditions/conds_121.csv,3.0,0.0,,,,,,,,,1433.5075,1437.974,"[0.00460000002385641,0.01650000000017826,0.03300000000012915,0.05050000000005639,0.06730000001198277,0.08289999997623454,0.10000000000013642,0.11650000000008731,0.1330000000000382,0.1505000000001928,0.16680000001201734,0.18299999999999272,0.20050000000014734,0.21669999998812273,0.23300000000017462,0.24969999998825188,0.2663999999763291,0.2831000000239783,0.3006000000239055,0.3171000000238564,0.33289999997623454,0.3496000000238837,0.3668000000120628,0.38289999997618906,0.4003999999763437,0.41710000002399283,0.43339999997624545,0.44969999998807,0.46639999997614723,0.48389999997630184,0.49989999997615087,0.5171000000239019,0.5331999999882555,0.5496999999882064,0.5671999999881336,0.5833999999763364,0.5998000000120101,0.6175000000000637,0.6333000000120137,0.6496999999881155,0.6673000000121192,0.6831000000238419,0.69969999998807,0.7163999999761472,0.7330000000001746,0.7496999999882519,0.7671000000239019,0.7830000000001291,0.8006999999881828,0.8171000000238564,0.8330000000000837,0.8496999999881609,0.866300000011961,0.8833000000120137,0.9005000000001928,0.9171999999882701,0.9329999999999927,0.9496000000240201,0.9663999999761472,0.9830000000001746,0.9996999999882519,1.016300000012052,1.03289999997628,1.049399999976231,1.0663999999762837,1.0830000000000837,1.099699999988161,1.1163999999762382,1.1330000000000382,1.1496999999881155,1.1663000000119155,1.1836000000239437,1.19969999998807,1.2163999999761472,1.2328999999763255,1.2503999999762527,1.266300000012052,1.2836000000238528,1.2998000000120555,1.316000000000031,1.3330000000000837,1.349699999988161,1.3671999999880882,1.3833000000120137,1.399499999999989,1.4163000000119155,1.4329999999999927,1.44969999998807,1.4670000000000982,1.4835000000000491,1.4998999999761509,1.5163999999763291,1.53369999998813,1.5496999999882064,1.5661999999881573,1.5826999999881082,1.5996000000238837,1.6168000000120628,1.6330000000000382,1.6496999999881155,1.6663000000119155,1.6829999999999927,1.6996000000240201,1.7163000000120974,1.7330000000001746,1.7496999999882519,1.766300000012052,1.7841999999882319,1.8003999999762073,1.8163000000120064,1.8328999999762345,1.8523000000120646,1.8665000000000873,1.8830000000000382,1.8996999999881155,1.9163999999761927,1.9329999999999927,1.9496000000240201,1.9661999999882482,1.9830000000001746,1.9996000000239746,2.016300000012052,2.0331000000239783,2.0496999999882064,2.0663999999762837,2.0830000000000837,2.100399999976162,2.116300000011961,2.133000000000038,2.1498000000119646,2.1663999999761927,2.18380000001207,2.19969999998807,2.2163000000120974,2.2331000000240238,2.2493999999762764,2.2670000000000528,2.283000000000129,2.2996999999882064,2.3161999999881573,2.3328999999762345,2.3508000000119864,2.367000000000189,2.3831000000238873,2.3996999999881155,2.4163000000119155,2.4329999999999927,2.44969999998807,2.4663999999761472,2.4831000000240238,2.500500000000102,2.5173999999763055,2.5331000000239783,2.550000000000182,2.56610000002388,2.5830000000000837,2.599699999988161,2.616199999988112,2.633000000000038,2.6496999999881155,2.6663999999761927,2.6829999999999927,2.69960000002402,2.7163999999761472,2.7331000000240238,2.749699999988252,2.766300000012052,2.7836000000238528,2.799600000023929,2.8161999999881573,2.83319999998821,2.8500000000001364,2.866300000011961,2.883000000000038,2.899499999999989,2.9163000000119155,2.9328999999761436,2.950399999976298,2.9664999999999964,2.9830000000001746,3.0003999999762527,3.016300000012052,3.033000000000129,3.0496999999882064,3.0663999999762837,3.0836000000240347,3.099699999988161,3.116199999988112,3.132899999976189,3.1503999999763437,3.1668999999762946,3.183100000023842,3.19960000002402,3.2163000000120974,3.2328999999763255,3.2496000000239746,3.2668999999762036,3.28369999998813,3.29950000000008,3.3163999999762837,3.3330000000000837,3.3496000000238837,3.3671000000240383,3.383000000000038,3.399600000023838,3.4163000000119155,3.4329999999999927,3.449800000011919,3.4663000000120974,3.4828000000120483,3.499699999988252,3.517199999988179,3.533000000000129,3.5496999999882064,3.5663999999762837,3.583100000023933,3.599699999988161,3.6161000000238346,3.633000000000038,3.6496999999881155,3.6663999999761927,3.6829999999999927,3.69969999998807,3.7163000000120974,3.7330000000001746,3.7503999999762527,3.766300000012052,3.78289999997628,3.7996999999882064,3.8163000000120064,3.8330000000000837,3.8495000000000346,3.866199999988112,3.882899999976189,3.8998000000119646,3.9161999999880663,3.93380000001207,3.94969999998807,3.967399999976351,3.9830000000001746,3.9993999999762764,4.016300000012052,4.032800000012003,4.0491999999881045,4.066300000012006,4.0828999999762345,4.099600000023884,4.116800000012063,4.133399999976291,4.1496999999881155,4.166399999976193,4.182600000023967,4.199399999976322,4.216300000012097,4.233000000000175,4.249800000012101,4.26789999997618,4.28369999998813,4.299600000023929,4.316399999976284,4.333000000000084,4.349600000023884,4.366300000011961,4.383000000000038,4.399600000023838,4.416399999976193,4.432899999976144,4.44960000002402,4.466300000012097]",0.016648134,0.000577143,269.0,right,1.0,,,,,,2.0,0.0,12.0,0.5,-3.669902254,1.0,2.709969722,0.759956289,14.0,-0.004363323,0.361562951,0.033827978,0.08680928,0.200727788,5.0,1.667267885,0.191748225,60.0,0.008726646,0.394321176,0.024708435,0.063628191,0.162696287,6.0,0.995137876,-0.913301087,80.0,0.000872665,0.408817555,0.034279956,0.069360427,0.160822937,4.0,0.43558462,-0.765082372,16.0,0.017453293,0.363466057,0.031192723,0.069909496,0.180964939,5.0,0.547359516,-0.888799517,50.0,-0.003490659,0.388365859,0.031859869,0.061653869,0.235670302,6.0,1.192543977,-0.686383722,54.0,-0.000872665,0.390632361,0.034931933,0.073298853,0.195852464,4.0,0.244907054,-0.470461861,54.0,-0.000872665,0.390632361,0.034931933,0.073298853,0.195852464,4.0,1.227859719,-0.633349005,35.0,0.01134464,0.378665605,0.034694997,0.068673497,0.233172687,6.0,1.475610082,-0.189224667,56.0,0.002617994,0.391878159,0.037400891,0.06461151,0.256914973,6.0,1.383825296,-0.365287905,49.0,-0.003490659,0.387690152,0.036925942,0.073283012,0.194967171,5.0,2.629797908,0.853981145,45.0,0.006108652,0.385245638,0.032702855,0.065559913,0.166419284,5.0,1.271368413,-0.563697778,34.0,-0.01134464,0.377900669,0.035623555,0.066078969,0.222301383,5.0,,,,,,,0.4821,,0.0,23.0,23.0,23.0,1.0,,,,,,,,,,,,,,,,,,,,,,,,,,,,0
S070,2,2024-11-21_13h14.36.924,MotivatedInference,2024.1.5,Win32,60.24096386,668be8e87e83611e680fb3ab,{{%SESSION_ID%},Chrome,,,,,,,,,,,,,,,,,,,,,,,,,,,,,,1.0,,,,,,,,10.0,,,,,,,,,conditions/conds_121.csv,3.0,0.0,,,,,,,,,1440.6284,1445.1121,"[0.0036000000238800567,0.016400000035673656,0.028700000047592766,0.05010000002380366,0.0628000000119755,0.08220000004780559,0.09530000001200278,0.11560000002396009,0.12880000001200642,0.1492000000475855,0.16290000003573368,0.18160000002376364,0.19560000002388733,0.21280000001183907,0.2326000000239219,0.24530000001186636,0.2646000000238473,0.27870000004759277,0.2985000000001037,0.31210000002374727,0.32920000004764916,0.35030000001188455,0.3673000000119373,0.3816000000238091,0.39540000003580644,0.4172000000476146,0.4289000000358101,0.4487000000476655,0.4624000000358137,0.48360000002389825,0.4984999999999218,0.5119000000356664,0.5327000000477256,0.5454999999999472,0.5621000000237473,0.5786000000239255,0.5953000000120028,0.61200000000008,0.6286000000238801,0.6462000000476564,0.6661000000237891,0.6794000000356846,0.69840000003569,0.7168000000119719,0.7300000000000182,0.7454000000357155,0.7670000000000528,0.7786000000237436,0.79540000003567,0.8148000000119282,0.8319000000358301,0.8454000000358519,0.8648000000118827,0.8833000000120137,0.8961000000238073,0.9148000000118373,0.9287000000476837,0.946200000047611,0.9649000000358683,0.9794000000358665,0.9996000000237473,1.0125000000000455,1.033100000023751,1.048100000023851,1.0621000000237473,1.081300000011879,1.0953000000120028,1.1149000000357319,1.12940000003573,1.1485000000000127,1.1620000000000346,1.1813000000120155,1.195400000035761,1.2164999999999964,1.2296000000237655,1.2491000000238728,1.262800000012021,1.2827000000477256,1.29540000003567,1.314700000047651,1.3287000000477747,1.3452000000477256,1.36640000003581,1.3791000000237545,1.3994000000357119,1.4128000000118845,1.43180000001189,1.445400000035761,1.4649000000358683,1.478600000023789,1.5005000000001019,1.5122000000476419,1.5335000000000036,1.5461000000238982,1.5654000000358792,1.5787000000477747,1.59980000001201,1.6129000000357792,1.63149999999996,1.6461000000238073,1.6620000000000346,1.6822000000477146,1.6959999999999127,1.7153000000118936,1.7314000000358192,1.7454000000357155,1.7651000000239492,1.7786000000237436,1.8002000000476528,1.8122000000475964,1.8287000000477747,1.849200000047631,1.86280000001193,1.8817000000476582,1.8961000000238073,1.915800000012041,1.9294000000356846,1.9486000000238164,1.962800000011839,1.9822000000476692,1.9961000000239437,2.0154000000356973,2.032300000011901,2.04540000003567,2.065200000047753,2.0817000000477037,2.095300000012003,2.115000000000009,2.1296000000238564,2.1506000000238146,2.1621000000238837,2.1786000000238346,2.195300000011912,2.211999999999989,2.2325000000000728,2.2461000000239437,2.2654000000356973,2.2787000000475928,2.3001000000238037,2.3129000000358246,2.3330000000000837,2.3495000000000346,2.362100000023929,2.3811000000239346,2.3955000000000837,2.416600000023891,2.4321000000238655,2.445300000011912,2.464800000012019,2.4817000000477947,2.4954999999999927,2.5148000000119737,2.5287000000475928,2.5499999999999545,2.5629000000358246,2.5837000000476564,2.5964000000358283,2.614900000035732,2.62940000003573,2.649600000023838,2.662200000047733,2.682300000011992,2.696100000023762,2.7166000000238455,2.7294999999999163,2.7498000000118736,2.7625000000000455,2.7816000000239,2.795200000047771,2.814600000023802,2.8288000000118245,2.845400000035852,2.8626000000238037,2.8833000000120137,2.895999999999958,2.9149000000356864,2.9294000000356846,2.949700000047642,2.962700000047789,2.98290000003567,2.999100000023873,3.0119999999999436,3.031500000000051,3.0461000000238982,3.0663000000120064,3.0794000000357755,3.0986000000239073,3.1153000000119846,3.12860000002388,3.1453000000119573,3.1664000000357646,3.1794000000356846,3.198300000011841,3.211999999999989,3.2287000000476382,3.245200000047589,3.2619000000356664,3.283800000011979,3.29540000003567,3.311999999999898,3.3286000000239255,3.350100000023758,3.362900000035779,3.381600000023809,3.3954000000358064,3.4148000000118373,3.433100000023842,3.4491000000239183,3.461900000035712,3.47849999999994,3.4994000000358483,3.512200000047642,3.5334000000357264,3.5454999999999472,3.5670000000000073,3.5794000000357755,3.598500000000058,3.61200000000008,3.62860000002388,3.64810000002376,3.6627000000476073,3.6786000000238346,3.695400000035761,3.711999999999989,3.7287000000476382,3.7496000000237473,3.7627000000477437,3.781500000000051,3.798999999999978,3.8119000000358483,3.8286000000239255,3.849999999999909,3.862900000035779,3.881600000023809,3.8961000000238073,3.9149000000356864,3.9287000000476837,3.9500000000000455,3.962700000047789,3.9823000000119464,3.9958000000119682,4.016400000035674,4.02880000001187,4.045300000011821,4.065700000047627,4.0788000000118245,4.098300000011932,4.112100000023929,4.1318000000119355,4.148700000047711,4.162000000000035,4.178600000023835,4.19840000003569,4.214999999999918,4.228700000047638,4.2454000000357155,4.261900000035666,4.279400000035821,4.300400000035779,4.311900000035848,4.331200000047602,4.345300000012003,4.361900000035803,4.379500000000007,4.40010000002394,4.41310000002386,4.432000000000016,4.448900000035792,4.461999999999989,4.483600000023898]",0.016654275,0.003069982,270.0,right,0.0,,,,,,1.0,0.0,12.0,0.5,1.378176377,1.0,1.052418147,-0.860757697,99.0,-0.003490659,0.442500629,0.032492338,0.059723416,0.160754516,4.0,3.081365672,0.120162894,30.0,-0.009599311,0.375182725,0.031494597,0.070464671,0.19533995,5.0,1.600883988,0.060139012,68.0,0.009599311,0.399449425,0.031951263,0.065393928,0.165147664,5.0,2.528988326,0.940876541,77.0,0.006108652,0.406238369,0.034151794,0.067462161,0.265706452,7.0,2.933914979,0.40351509,59.0,0.006981317,0.393731017,0.031135395,0.06163787,0.205460115,5.0,1.968184868,0.713707482,55.0,-0.003490659,0.391280598,0.028194872,0.063513844,0.18961797,6.0,0.231194979,-0.446088365,84.0,-0.002617994,0.412727296,0.032139903,0.078825818,0.191863964,5.0,0.277800452,-0.527453913,45.0,0.006108652,0.385245638,0.032702855,0.065559913,0.166419284,5.0,2.701186487,0.771256204,29.0,-0.000872665,0.374372435,0.035828607,0.080766738,0.158410304,4.0,1.738367888,0.328904333,10.0,-0.004363323,0.356575755,0.034939804,0.084929929,0.233599272,6.0,1.270299235,-0.56546273,84.0,-0.002617994,0.412727296,0.032139903,0.078825818,0.191863964,5.0,2.914139848,0.439377526,54.0,-0.000872665,0.390632361,0.034931933,0.073298853,0.195852464,4.0,,,,,,,0.517,,0.0,24.0,24.0,24.0,1.0,,,,,,,,,,,,,,,,,,,,,,,,,,,,0
S070,2,2024-11-21_13h14.36.924,MotivatedInference,2024.1.5,Win32,60.24096386,668be8e87e83611e680fb3ab,{{%SESSION_ID%},Chrome,,,,,,,,,,,,,,,,,,,,,,,,,,,,,,1.0,,,,,,,,8.0,,,,,,,,,conditions/conds_121.csv,3.0,0.0,,,,,,,,,1446.629,1449.7433,"[0.0028999999760799255,0.014699999987897172,0.027999999999792635,0.04469999998786989,0.06130000001189728,0.07799999999997453,0.0989999999999327,0.11169999998787716,0.13260000002378547,0.14560000002370543,0.16619999998806634,0.17830000001185908,0.19969999998806998,0.21210000002383822,0.23130000001174267,0.24549999999999272,0.2661999999879754,0.27810000002364177,0.2946999999878699,0.3143999999761036,0.32799999999997453,0.3448000000119009,0.36460000002375637,0.3786999999879299,0.39910000002373636,0.41510000002381275,0.4306999999880645,0.44480000001180997,0.46560000002364177,0.47810000002368724,0.49980000001187364,0.5118999999760945,0.5321999999880518,0.5448999999759963,0.5641000000237,0.5781000000238237,0.5946000000237746,0.6113000000118518,0.6279999999999291,0.6448999999761327,0.665399999975989,0.6781000000237327,0.6973999999761418,0.7143000000119173,0.727899999975989,0.7486000000237709,0.7618999999760945,0.7806999999879736,0.7946999999878699,0.8151000000236763,0.8286000000236982,0.8481999999880827,0.8654999999998836,0.8808000000117318,0.8946999999880063,0.9113000000118063,0.9311000000236618,0.9446999999879608,0.9656000000236418,0.9788000000119155,0.9978000000119209,1.0113999999759926,1.0288999999761472,1.0498000000118282,1.06539999997608,1.078499999999849,1.0974999999998545,1.1124999999999545,1.1278000000118027,1.1446999999880063,1.1613999999760836,1.1786999999878844,1.1988999999759926,1.212199999987888,1.231499999999869,1.24510000002374,1.265999999999849,1.2781000000236418,1.29460000002382,1.3143000000118263,1.3278999999761254,1.3488000000118063,1.3619999999998527,1.3811000000237073,1.3956000000237054,1.4144999999998618,1.4328999999761436,1.4453000000119118,1.4611999999879117,1.47769999998809,1.498100000023669,1.5111999999878662,1.5278999999761709,1.5498000000118282,1.5614999999997963,1.5779999999999745,1.5946999999880518,1.611399999976129,1.62869999998793,1.6498000000117372,1.6621999999879336,1.6831999999878917,1.6973000000118645,1.7113000000117609,1.7306000000237418,1.7488999999759471,1.7648999999760235,1.7779999999997926,1.7991000000238273,1.8121999999880245,1.83119999998803,1.8474999999998545,1.8611999999880027,1.877999999999929,1.89530000001173,1.9163999999759653,1.9288999999760108,1.947800000011739,1.9613000000117609,1.9808999999761454,1.9953000000118664,2.0141999999880227,2.027899999976171,2.0473000000117736,2.0621000000237473,2.0813999999761563,2.0976000000237036,2.1118000000117263,2.130899999976009,2.1456999999879827,2.165899999976091,2.1779999999998836,2.1986000000238164,2.2146999999879426,2.227899999975989,2.244600000023638,2.2613000000117154,2.2788999999761472,2.298999999999978,2.311399999975947,2.3279999999999745,2.3446000000237746,2.3661999999878844,2.37869999998793,2.397199999988061,2.411699999988059,2.4318999999761672,2.4481999999879918,2.4614999999998872,2.481600000023718,2.4948000000117645,2.515199999987999,2.5279999999997926,2.5471999999879245,2.5613000000118973,2.5778999999761254,2.594699999988052,2.6111999999880027,2.6328999999759617,2.649600000023838,2.6621999999879336,2.681100000023662,2.6946000000236836,2.7136999999879663,2.7288000000119155,2.7476000000237946,2.7648000000117463,2.778199999987919,2.797399999976051,2.811399999975947,2.8331999999879827,2.8453999999760526,2.8644999999999072,2.881600000023809,2.8976999999879354,2.9113000000118063,2.9308000000119137,2.9446000000236836,2.9638999999760927,2.978600000023789,2.997800000011921,3.0113000000117154,3.0279999999997926,3.0478000000118755,3.061199999988048,3.082899999976007,3.0953000000117754,3.1141000000236545]",0.016637433,0.00296379,188.0,left,1.0,,,,,,2.0,0.0,8.0,0.5,-0.3564058,-1.0,1.320369617,-0.480174311,23.0,0.001745329,0.370048297,0.033576258,0.089212406,0.165879093,5.0,0.414996788,-0.737927036,77.0,0.006108652,0.406238369,0.034151794,0.067462161,0.265706452,7.0,2.368474256,0.99969843,55.0,-0.003490659,0.391280598,0.028194872,0.063513844,0.18961797,6.0,2.687883584,0.787916504,8.0,-0.008726646,0.353798062,0.040824325,0.088208322,0.256820315,6.0,1.877880498,0.576279047,12.0,0.006981317,0.359228273,0.039160557,0.080955667,0.284615847,7.0,0.401951122,-0.720069341,67.0,0.000872665,0.398829923,0.040120187,0.066830121,0.198372452,4.0,1.553754371,-0.034077312,92.0,-0.000872665,0.422008311,0.023140698,0.057298337,0.164165775,6.0,0.422560774,-0.748051782,29.0,-0.000872665,0.374372435,0.035828607,0.080766738,0.158410304,4.0,0.0,0.0,0.0,0.0,0.0,0.0,0.0,0.0,0.0,0.0,0.0,0.0,0.0,0.0,0.0,0.0,0.0,0.0,0.0,0.0,0.0,0.0,0.0,0.0,0.0,0.0,0.0,0.0,0.0,0.0,0.0,0.0,0.0,0.0,0.0,0.0,,,,,,,0.6184,,0.0,25.0,25.0,25.0,1.0,,,,,,,,,,,,,,,,,,,,,,,,,,,,0
S070,2,2024-11-21_13h14.36.924,MotivatedInference,2024.1.5,Win32,60.24096386,668be8e87e83611e680fb3ab,{{%SESSION_ID%},Chrome,,,,,,,,,,,,,,,,,,,,,,,,,,,,,,1.0,,,,,,,,1.0,,,,,,,,,conditions/conds_121.csv,3.0,0.0,,,,,,,,,1451.3908,1453.1405,"[0.0015000000000782165,0.01619999998797539,0.033099999964179005,0.04989999997610539,0.06619999998815729,0.08280000001195731,0.09950000000003456,0.11619999998811181,0.1330000000000382,0.14959999996426632,0.1671999999880427,0.18280000001186636,0.1994999999999436,0.21619999998802086,0.23309999996422448,0.24949999999989814,0.2664999999999509,0.2828000000120028,0.2995999999641299,0.3163000000120064,0.33309999996413353,0.3495999999643118,0.36630000001196095,0.3838999999761654,0.40000000000009095,0.4171999999880427,0.4329999999999927,0.4493999999760945,0.4670000000000982,0.4828999999760981,0.49959999996417537,0.5163999999761018,0.5328000000120028,0.5503999999762073,0.5663999999760563,0.5828000000119573,0.6005000000000109,0.6169999999999618,0.6328999999761891,0.6495999999642663,0.6663999999761927,0.6828000000118664,0.6995999999642208,0.7160999999641717,0.7328999999760981,0.7506999999880009,0.76709999996433,0.7833000000118773,0.7998000000118282,0.8170999999642845,0.8328999999762345,0.8495000000000346,0.8668999999761127,0.8831999999881646,0.8995999999642663,0.9161999999880663,0.9328999999761436,0.9495999999642208,0.9661999999880209,0.9839999999999236,1.0005000000001019,1.01709999996433,1.0328999999760526,1.0498999999761054,1.0666999999880318,1.0833000000118318,1.0995000000000346,1.1160999999642627,1.1325999999642136,1.149499999999989,1.1660999999642172,1.183199999988119,1.1995999999642208,1.2161999999880209,1.2328000000118209,1.2494999999998981,1.2661999999879754,1.2838000000119791,1.3006999999881828,1.3173000000119828,1.3341999999881864,1.3495999999643118,1.3663999999762382,1.382899999976189,1.4003999999761163,1.4161999999880663,1.4328999999761436,1.4494999999999436,1.4661999999880209,1.4828000000118209,1.4994999999998981,1.5160999999643536,1.5328999999760526,1.549699999987979,1.5660999999643082,1.5828000000119573,1.5995000000000346,1.6171999999880882,1.632899999976189,1.649499999999989,1.6660999999642172,1.68309999996427,1.6994999999999436,1.7161999999880209,1.7326999999879718,1.749399999976049]",0.016646667,0.000500489,106.0,right,1.0,,,,,,1.0,0.0,4.0,0.5,0.591837133,-1.0,2.648811023,0.833583364,53.0,-0.003490659,0.390095866,0.043303837,0.083823939,0.349451294,6.0,1.697334574,0.250383637,70.0,0.007853982,0.401012824,0.032375196,0.060909739,0.168550131,4.0,0.443436827,-0.775100193,18.0,-0.008726646,0.365457086,0.031782524,0.075683607,0.153768306,4.0,2.998147853,0.282970325,92.0,-0.000872665,0.422008311,0.023140698,0.057298337,0.164165775,6.0,0.0,0.0,0.0,0.0,0.0,0.0,0.0,0.0,0.0,0.0,0.0,0.0,0.0,0.0,0.0,0.0,0.0,0.0,0.0,0.0,0.0,0.0,0.0,0.0,0.0,0.0,0.0,0.0,0.0,0.0,0.0,0.0,0.0,0.0,0.0,0.0,0.0,0.0,0.0,0.0,0.0,0.0,0.0,0.0,0.0,0.0,0.0,0.0,0.0,0.0,0.0,0.0,0.0,0.0,0.0,0.0,0.0,0.0,0.0,0.0,0.0,0.0,0.0,0.0,0.0,0.0,0.0,0.0,0.0,0.0,0.0,0.0,,,,,,,0.6028,,0.0,26.0,26.0,26.0,1.0,,,,,,,,,,,,,,,,,,,,,,,,,,,,0
S070,2,2024-11-21_13h14.36.924,MotivatedInference,2024.1.5,Win32,60.24096386,668be8e87e83611e680fb3ab,{{%SESSION_ID%},Chrome,,,,,,,,,,,,,,,,,,,,,,,,,,,,,,1.0,,,,,,,,11.0,,,,,,,,,conditions/conds_121.csv,3.0,0.0,,,,,,,,,1454.7574,1459.2239,"[0.0037000000477291906,0.016200000047774665,0.03290000003585192,0.049500000000080036,0.06620000004772919,0.08280000001195731,0.0996000000238837,0.11620000004768372,0.13290000003576097,0.14960000002383822,0.1667000000477401,0.18290000003594287,0.19990000003576824,0.216100000023971,0.23270000004777103,0.2495000000001255,0.26620000004777467,0.2828000000120028,0.29950000000008004,0.31640000003585556,0.3339000000357828,0.34950000000003456,0.3662000000476837,0.38290000003576097,0.39950000000021646,0.4162000000478656,0.43290000003594287,0.449500000000171,0.46620000004782014,0.48310000002402376,0.4997000000478238,0.5163000000120519,0.5328000000120028,0.550100000024031,0.5662000000477292,0.5828000000119573,0.5995000000000346,0.6221000000239201,0.6330000000000382,0.6508000000119409,0.6687000000476928,0.6833000000119682,0.699500000000171,0.7162000000478201,0.7329000000358974,0.7495000000001255,0.7663000000120519,0.7831000000239783,0.7998000000120555,0.8159000000357537,0.8327000000476801,0.8495000000000346,0.8664000000358101,0.8848000000120919,0.8996000000238382,0.9162000000478656,0.9329000000359429,0.949500000000171,0.9659000000358446,0.9829000000358974,0.9995000000001255,1.016300000012052,1.0336000000238528,1.04950000000008,1.0668000000121083,1.0828000000119573,1.0995000000000346,1.1162000000476837,1.13350000000014,1.1495000000002165,1.1661000000240165,1.1829000000359429,1.201700000047822,1.2164000000359465,1.2333000000119227,1.2496000000239746,1.2667000000478765,1.2825000000000273,1.300100000024031,1.3162000000477292,1.3329000000358064,1.3495000000000346,1.3662000000476837,1.3830000000000382,1.3995000000002165,1.4162000000478656,1.4329999999999927,1.449500000000171,1.4662000000478201,1.4829000000358974,1.4995000000001255,1.5162000000477747,1.5342000000478038,1.5493000000119537,1.5672000000477055,1.5830000000000837,1.5996000000238837,1.616900000035912,1.6332000000477365,1.6495000000002165,1.6662000000478656,1.6829000000359429,1.699500000000171,1.7162000000478201,1.7329000000358974,1.7496000000239746,1.7670000000000528,1.782900000035852,1.7997000000477783,1.8162000000477292,1.8329000000358064,1.8495000000000346,1.8672000000478874,1.8828000000119118,1.8995000000002165,1.9162000000478656,1.9328000000120937,1.949800000011919,1.966100000023971,1.9829000000358974,1.9995000000001255,2.0161000000239255,2.032800000012003,2.04950000000008,2.066200000047729,2.0830000000000837,2.0995000000000346,2.1161000000238346,2.132800000011912,2.1495000000002165,2.1661000000240165,2.1828000000120937,2.1997000000478693,2.2170000000000982,2.233200000047873,2.24990000003595,2.2661000000239255,2.2835000000000036,2.299400000035803,2.317500000000109,2.3328000000119573,2.3495000000000346,2.3662000000476837,2.382900000035761,2.3995000000002165,2.4161000000240165,2.432900000035943,2.4494000000358938,2.46620000004782,2.4828000000120483,2.4995000000001255,2.517200000047751,2.533800000011979,2.549600000023929,2.566500000000133,2.5828000000119573,2.6015000000002146,2.6162000000476837,2.632800000011912,2.6495000000002165,2.6661000000240165,2.6828000000120937,2.6991000000239183,2.7163000000120974,2.7328000000120483,2.7494000000358483,2.7662000000477747,2.782800000012003,2.7998000000120555,2.816200000047729,2.8329000000358064,2.85060000002386,2.8673000000119373,2.882700000047862,2.8999000000358137,2.9162000000478656,2.9328000000120937,2.95040000003587,2.966100000023971,2.9828000000120483,2.9995000000001255,3.016300000012052,3.0324000000359774,3.04950000000008,3.06610000002388,3.0829000000358064,3.100400000035961,3.1162000000476837,3.1338000000121156,3.1495000000002165,3.1662000000478656,3.1828000000120937,3.1994000000358938,3.216100000023971,3.233400000035772,3.2495000000001255,3.2661000000239255,3.2845000000002074,3.301600000023882,3.3163000000120064,3.333100000023933,3.3495000000000346,3.366000000000213,3.382800000011912,3.39930000001209,3.4162000000478656,3.4328000000120937,3.4493000000120446,3.466100000023971,3.4828000000120483,3.4994000000358483,3.5173000000120282,3.5325000000000273,3.54950000000008,3.566200000047729,3.5828000000119573,3.5996000000238837,3.6162000000476837,3.632900000035761,3.650000000000091,3.665800000012041,3.6827000000478165,3.6997000000478693,3.7157000000477183,3.733400000035772,3.7494000000358483,3.7661000000239255,3.782800000012003,3.79950000000008,3.816200000047729,3.8328000000119573,3.8494000000357573,3.8667000000477856,3.882900000035761,3.8999000000358137,3.9161000000240165,3.9328000000120937,3.9501000000238946,3.966100000023971,3.9828000000120483,3.999200000047722,4.0167000000478765,4.032900000035852,4.04950000000008,4.066500000000133,4.082800000011957,4.099500000000035,4.116100000023835,4.132700000047862,4.1495000000002165,4.166200000047866,4.182800000012094,4.199400000035894,4.215900000035845,4.232800000012048,4.249400000035848,4.266200000047775,4.282800000012003,4.299700000047778,4.317000000000007,4.332900000035806,4.349400000035757,4.366100000023835,4.382700000047862,4.3995000000002165,4.416200000047866,4.432800000012094,4.449400000035894,4.466100000023971]",0.016650746,0.000803049,269.0,left,0.0,,,,,,2.0,0.0,12.0,0.5,-0.410209908,1.0,0.396602173,-0.712604986,11.0,-0.013089969,0.357861323,0.044486954,0.075207378,0.243622836,5.0,2.960662994,0.354013754,98.0,-0.003490659,0.436582054,0.033239272,0.083554428,0.196244723,5.0,1.229431061,-0.630913864,49.0,-0.003490659,0.387690152,0.036925942,0.073283012,0.194967171,5.0,0.80875129,-0.998909461,82.0,0.004363323,0.410673221,0.022643594,0.062174001,0.106425045,4.0,0.907661611,-0.970251971,31.0,0.004363323,0.375872077,0.0344646,0.07529372,0.228193104,6.0,0.671295169,-0.974073822,85.0,0.003490659,0.413672168,0.024690997,0.064801949,0.114487367,4.0,1.935422602,0.666312468,18.0,-0.008726646,0.365457086,0.031782524,0.075683607,0.153768306,4.0,2.036678866,0.802673915,41.0,0.013089969,0.382506884,0.032100804,0.075836611,0.218324429,6.0,1.873668029,0.56937337,96.0,0.002617994,0.429744758,0.028375272,0.064697354,0.217313714,7.0,1.405641352,-0.324336239,95.0,-0.003490659,0.427246221,0.028411926,0.064304978,0.203029515,6.0,2.59914806,0.884251669,91.0,0.001745329,0.420659204,0.046109782,0.086244352,0.261967492,5.0,2.552052539,0.924255258,10.0,-0.004363323,0.356575755,0.034939804,0.084929929,0.233599272,6.0,,,,,,,0.8861,,0.0,27.0,27.0,27.0,1.0,,,,,,,,,,,,,,,,,,,,,,,,,,,,0
S070,2,2024-11-21_13h14.36.924,MotivatedInference,2024.1.5,Win32,60.24096386,668be8e87e83611e680fb3ab,{{%SESSION_ID%},Chrome,,,,,,,,,,,,,,,,,,,,,,,,,,,,,,1.0,,,,,,,,4.0,,,,,,,,,conditions/conds_121.csv,3.0,0.0,,,,,,,,,1461.107,1462.8403,"[0.0016999999882045813,0.016399999976329127,0.03319999998802814,0.049899999976332765,0.06650000000013279,0.08319999998821004,0.09980000001201006,0.11739999997621453,0.13319999998816456,0.14980000001196458,0.16650000000004184,0.18419999998809544,0.1998000000119191,0.21730000001207372,0.23310000002379638,0.24980000001187364,0.2663999999763291,0.28319999998802814,0.29980000001205553,0.3165000000001328,0.3331000000239328,0.3498999999762873,0.3666999999882137,0.38310000002388733,0.3998000000119646,0.41650000000004184,0.43310000002384186,0.4498000000119191,0.4666999999881227,0.4831999999880736,0.4996999999882519,0.5164999999999509,0.5331000000239783,0.5501000000238037,0.5666000000239819,0.58319999998821,0.5998000000120101,0.6165000000000873,0.6331999999881646,0.6498000000119646,0.6665000000000418,0.6831000000238419,0.6998000000119191,0.7166000000238455,0.7335000000000491,0.7498000000118736,0.7671000000239019,0.7831000000239783,0.7998000000120555,0.8163999999762837,0.8331000000239328,0.8498000000120101,0.8673999999762145,0.8836000000239892,0.8998000000119646,0.9165000000000418,0.9331000000238419,0.9501999999881718,0.9664999999999964,0.9831000000237964,0.9998000000118736,1.0164999999999509,1.0331000000239783,1.0498000000120555,1.0665000000001328,1.0831000000239328,1.09980000001201,1.1176000000239128,1.1333000000120137,1.1498000000119646,1.1665000000000418,1.1841000000238182,1.199800000011919,1.2164999999999964,1.2331999999880736,1.2496999999882519,1.2664999999999509,1.2831999999880281,1.2996999999882064,1.3161999999881573,1.3331000000239328,1.34980000001201,1.3665000000000873,1.3831999999881646,1.3998000000119646,1.4173000000118918,1.433199999988119,1.44969999998807,1.4666000000238455,1.4831000000237964,1.4996999999882519,1.5164999999999509,1.5331999999880281,1.5496999999882064,1.5663999999762837,1.5831000000239328,1.5998999999762873,1.6163999999762382,1.6330000000000382,1.6498000000119646,1.6663999999761927,1.683699999988221,1.69969999998807,1.7163999999761472,1.7331999999880736]",0.016649038,0.000426298,105.0,right,0.0,,,,,,2.0,0.0,4.0,0.5,0.621158266,-1.0,1.659606271,0.176687411,32.0,0.007853982,0.376580194,0.027808234,0.064839678,0.152904525,6.0,0.907746086,-0.970211055,67.0,0.000872665,0.398829923,0.040120187,0.066830121,0.198372452,4.0,1.784908591,0.415256303,81.0,-0.006981317,0.409724184,0.034267936,0.062711279,0.215248408,5.0,2.339246811,0.999425607,82.0,0.004363323,0.410673221,0.022643594,0.062174001,0.106425045,4.0,0.0,0.0,0.0,0.0,0.0,0.0,0.0,0.0,0.0,0.0,0.0,0.0,0.0,0.0,0.0,0.0,0.0,0.0,0.0,0.0,0.0,0.0,0.0,0.0,0.0,0.0,0.0,0.0,0.0,0.0,0.0,0.0,0.0,0.0,0.0,0.0,0.0,0.0,0.0,0.0,0.0,0.0,0.0,0.0,0.0,0.0,0.0,0.0,0.0,0.0,0.0,0.0,0.0,0.0,0.0,0.0,0.0,0.0,0.0,0.0,0.0,0.0,0.0,0.0,0.0,0.0,0.0,0.0,0.0,0.0,0.0,0.0,,,,,,,0.7007,,0.0,28.0,28.0,28.0,1.0,,,,,,,,,,,,,,,,,,,,,,,,,,,,0
S070,2,2024-11-21_13h14.36.924,MotivatedInference,2024.1.5,Win32,60.24096386,668be8e87e83611e680fb3ab,{{%SESSION_ID%},Chrome,,,,,,,,,,,,,,,,,,,,,,,,,,,,,,1.0,,,,,,,,6.0,,,,,,,,,conditions/conds_121.csv,3.0,0.0,,,,,,,,,1464.5404,1467.6235,"[0.0031000000237781933,0.016400000035673656,0.03340000003572641,0.04960000002392917,0.06630000001200642,0.08290000003580644,0.0996000000238837,0.11630000001196095,0.1330000000000382,0.14960000002383822,0.1667000000477401,0.1838000000118427,0.19970000004764188,0.21630000001187,0.23299999999994725,0.25040000003582463,0.2663000000118245,0.2829999999999018,0.29970000004755093,0.3170000000000073,0.33370000004765643,0.3499000000356318,0.3662000000476837,0.3830000000000382,0.3996000000238382,0.41620000004763824,0.4329999999999927,0.44960000002379275,0.46680000001197186,0.48299999999994725,0.49949999999989814,0.5163000000118245,0.5337000000477019,0.5496000000239292,0.5663000000120064,0.5836000000238073,0.5995000000000346,0.6175000000000637,0.6332000000477365,0.6496000000238382,0.6662000000476382,0.6829000000357155,0.6996000000237927,0.71630000001187,0.7338000000117972,0.7497000000475964,0.7663000000118245,0.7829999999999018,0.7997000000475509,0.8171000000238564,0.8337000000476564,0.8496000000238837,0.866300000011961,0.8833000000117863,0.8994000000357119,0.9163000000119155,0.9329000000357155,0.9496000000237927,0.96630000001187,0.9829999999999472,0.9996000000237473,1.0163000000118245,1.0329999999999018,1.0496000000239292,1.0670000000000073,1.0837000000476564,1.0995000000000346,1.1162000000476837,1.1330000000000382,1.1501000000237127,1.166600000023891,1.1829000000357155,1.1996000000237927,1.2162000000475928,1.23290000003567,1.2496000000237473,1.2662000000475473,1.2829999999999018,1.2996000000239292,1.3164000000356282,1.3330000000000837,1.3496000000238837,1.367100000023811,1.383700000047611,1.400300000011839,1.4165000000000418,1.4333000000119682,1.4503000000117936,1.4662000000475928,1.482600000023922,1.4994000000358483,1.5162000000475473,1.5329000000356245,1.54950000000008,1.5662000000477292,1.5829000000358064,1.5997000000477328,1.616300000011961,1.632900000035761,1.649499999999989,1.6662000000476382,1.6829000000357155,1.6996000000237927,1.71630000001187,1.73290000003567,1.7504999999998745,1.7668000000119264,1.7838000000119791,1.7999000000356773,1.8162000000477292,1.8329000000358064,1.8496000000238837,1.8662000000476837,1.8830000000000382,1.8996000000238382,1.9162000000476382,1.9329000000357155,1.9496000000237927,1.96630000001187,1.98290000003567,2.0003000000119755,2.0163000000118245,2.0329000000356245,2.049600000023929,2.066200000047729,2.0829000000358064,2.0996000000238837,2.1162000000476837,2.1332000000477365,2.1499000000358137,2.166100000023789,2.1828000000118664,2.1994999999999436,2.216800000011972,2.2338000000117972,2.2496000000237473,2.2662000000475473,2.2829000000356245,2.29950000000008,2.3170000000000073,2.3337000000476564,2.3496000000238837,2.366300000011961,2.383700000047611,2.3997000000476874,2.4162000000476382,2.4329000000357155,2.4504000000356427,2.46630000001187,2.4829999999999472,2.499499999999898,2.5163000000118245,2.5336000000238528,2.549600000023929,2.5663000000120064,2.5829000000358064,2.5996000000238837,2.616300000011961,2.632900000035761,2.649600000023838,2.6662000000476382,2.6829999999999927,2.6996000000237927,2.71630000001187,2.7337000000477474,2.7496000000237473,2.769600000023729,2.7829000000356245,2.79950000000008,2.8163000000120064,2.8329000000358064,2.8496000000238837,2.8662000000476837,2.882900000035761,2.899499999999989,2.9162000000476382,2.932700000047589,2.9496000000237927,2.9662000000475928,2.98290000003567,2.999499999999898,3.0163000000118245,3.033100000023751,3.049600000023929,3.0670000000000073,3.0829000000358064]",0.016647568,0.000569596,186.0,right,1.0,,,,,,1.0,0.0,8.0,0.5,1.208725868,-1.0,2.554187598,0.922616612,35.0,0.01134464,0.378665605,0.034694997,0.068673497,0.233172687,6.0,0.937425934,-0.954130142,54.0,-0.000872665,0.390632361,0.034931933,0.073298853,0.195852464,4.0,0.011221631,-0.022441377,19.0,-8.92894e-14,0.366380653,0.037711395,0.069882825,0.280007013,7.0,1.265944603,-0.572624366,96.0,0.002617994,0.429744758,0.028375272,0.064697354,0.217313714,7.0,3.091179749,0.100655066,56.0,0.002617994,0.391878159,0.037400891,0.06461151,0.256914973,6.0,2.369500864,0.999645902,8.0,-0.008726646,0.353798062,0.040824325,0.088208322,0.256820315,6.0,1.560611389,-0.020368467,25.0,0.001745329,0.371739039,0.031180836,0.079221418,0.176784845,4.0,2.713481357,0.75537264,46.0,-8.92894e-14,0.385892478,0.022689461,0.062794509,0.135276835,6.0,0.0,0.0,0.0,0.0,0.0,0.0,0.0,0.0,0.0,0.0,0.0,0.0,0.0,0.0,0.0,0.0,0.0,0.0,0.0,0.0,0.0,0.0,0.0,0.0,0.0,0.0,0.0,0.0,0.0,0.0,0.0,0.0,0.0,0.0,0.0,0.0,,,,,,,0.6185,,0.0,29.0,29.0,29.0,1.0,,,,,,,,,,,,,,,,,,,,,,,,,,,,0
S070,2,2024-11-21_13h14.36.924,MotivatedInference,2024.1.5,Win32,60.24096386,668be8e87e83611e680fb3ab,{{%SESSION_ID%},Chrome,,,,,,,,,,,,,,,,,,,,,,,,,,,,,,0.0,,,,,,,,6.0,,,,,,,,,conditions/conds_121.csv,3.0,0.0,,,,,,,,,1470.3765,1473.5274,"[0.002300000011928205,0.017199999987951742,0.03010000002382185,0.050899999976081745,0.06610000002388006,0.0833000000118318,0.09669999998800449,0.11339999997608174,0.12969999998813364,0.15060000002381457,0.16819999998801904,0.18010000002368542,0.19969999998806998,0.2135000000000673,0.23389999997607447,0.24749999999994543,0.26719999998795174,0.28089999997609993,0.3001999999880809,0.31349999999997635,0.3301000000237764,0.3471000000238291,0.3633000000118045,0.38480000001186454,0.39680000001180815,0.4179999999998927,0.43080000001191365,0.45189999997614905,0.4638000000118154,0.4801000000238673,0.4964999999999691,0.5164999999999509,0.5299999999999727,0.5468000000118991,0.5633999999761272,0.5851999999879354,0.5976000000237036,0.6158999999761363,0.6299999999998818,0.646699999987959,0.6633999999760363,0.6798999999762145,0.70049999999992,0.7143000000119173,0.7303000000117663,0.7519999999999527,0.76380000001177,0.7841999999880045,0.7968000000118991,0.8161999999879299,0.8301000000237764,0.8466999999880045,0.8633999999760817,0.8848000000118645,0.8975000000000364,0.9165000000000418,0.9301000000236854,0.9468000000117627,0.9633999999762182,0.9836999999879481,0.9976000000237946,1.0173000000118009,1.0306000000236963,1.0496000000237018,1.066000000000031,1.0801000000237764,1.0966000000237273,1.1133000000118045,1.1346999999880154,1.1503999999761163,1.1639999999999873,1.1838000000118427,1.197499999999991,1.2179999999998472,1.2304999999998927,1.2496000000237473,1.2633999999761727,1.2828999999760526,1.2968999999761763,1.316300000011779,1.3331000000237054,1.3466999999880045,1.366300000011961,1.380899999976009,1.4001000000237127,1.4141999999881136,1.4301999999879627,1.4519999999999982,1.4668999999760217,1.4801000000238673,1.499399999976049,1.5133999999761727,1.5328000000117754,1.546800000011899,1.5633999999761272,1.579899999976078,1.6011999999880118,1.6133999999760817,1.6330000000000382,1.646699999987959,1.6669999999999163,1.68100000000004,1.699800000011919,1.7141999999880682,1.7331000000237964,1.7474999999999454,1.7676999999880536,1.7804999999998472,1.8018000000117809,1.8134999999999764,1.8331000000237054,1.8493999999761854,1.8633999999760817,1.8799999999998818,1.8973999999761872,1.9183000000118682,1.9308999999761909,1.951100000023871,1.9641999999880682,1.984300000011899,1.9974999999999454,2.0181000000238782,2.0308000000118227,2.049699999987979,2.063399999976127,2.079899999976078,2.1014999999999873,2.115000000000009,2.133800000011888,2.1469999999999345,2.16680000001179,2.1801999999879627,2.2001999999879445,2.2146999999879426,2.2329999999999472,2.2466999999880954,2.2641999999880227,2.2848999999760053,2.2971000000238746,2.3181000000238328,2.3338000000119337,2.347699999987981,2.366600000023709,2.380800000011959,2.3996999999881155,2.4139999999999873,2.4301000000236854,2.450600000023769,2.464199999988068,2.482800000011821,2.4976000000237946,2.5171999999879517,2.5311999999880754,2.54669999998805,2.56330000001185,2.584699999988061,2.5974999999998545,2.6133999999760817,2.632899999976189,2.6506000000238146,2.6641000000238364,2.6801000000236854,2.696699999988141,2.713999999999942,2.7333000000119227,2.7466999999880954,2.7661999999879754,2.7808000000118227,2.7993999999760035,2.8141000000237,2.829899999976078,2.8511000000237345,2.864399999976058,2.883199999987937,2.901100000023689,2.9141999999881136,2.9328999999761436,2.946699999988141,2.96710000002372,2.9803000000117663,3.0009999999999764,3.013699999987921,3.0326999999879263,3.0476999999880263,3.066800000011881,3.082899999976007,3.0995000000000346,3.1133000000118045,3.130800000011959,3.150800000011941]",0.01665873,0.0029258,190.0,right,1.0,,,,,,1.0,0.0,8.0,0.5,1.208725868,-1.0,2.554187598,0.922616612,35.0,0.01134464,0.378665605,0.034694997,0.068673497,0.233172687,6.0,0.937425934,-0.954130142,54.0,-0.000872665,0.390632361,0.034931933,0.073298853,0.195852464,4.0,0.011221631,-0.022441377,19.0,-8.92894e-14,0.366380653,0.037711395,0.069882825,0.280007013,7.0,1.265944603,-0.572624366,96.0,0.002617994,0.429744758,0.028375272,0.064697354,0.217313714,7.0,3.091179749,0.100655066,56.0,0.002617994,0.391878159,0.037400891,0.06461151,0.256914973,6.0,2.369500864,0.999645902,8.0,-0.008726646,0.353798062,0.040824325,0.088208322,0.256820315,6.0,1.560611389,-0.020368467,25.0,0.001745329,0.371739039,0.031180836,0.079221418,0.176784845,4.0,2.713481357,0.75537264,46.0,-8.92894e-14,0.385892478,0.022689461,0.062794509,0.135276835,6.0,0.0,0.0,0.0,0.0,0.0,0.0,0.0,0.0,0.0,0.0,0.0,0.0,0.0,0.0,0.0,0.0,0.0,0.0,0.0,0.0,0.0,0.0,0.0,0.0,0.0,0.0,0.0,0.0,0.0,0.0,0.0,0.0,0.0,0.0,0.0,0.0,,,,,,,0.9167,,0.0,30.0,30.0,30.0,1.0,,,,,,,,,,,,,,,,,,,,,,,,,,,,0
S070,2,2024-11-21_13h14.36.924,MotivatedInference,2024.1.5,Win32,60.24096386,668be8e87e83611e680fb3ab,{{%SESSION_ID%},Chrome,,,,,,,,,,,,,,,,,,,,,,,,,,,,,,0.0,,,,,,,,5.0,,,,,,,,,conditions/conds_121.csv,3.0,0.0,,,,,,,,,1475.4578,1478.5733,"[0.0026999999881809345,0.015800000011950033,0.03199999999992542,0.048699999988002673,0.06539999997607993,0.08200000000010732,0.09869999998818457,0.11539999997626182,0.13200000000006185,0.14959999996426632,0.1660999999642172,0.18219999998814274,0.19900000000006912,0.21559999996429724,0.23189999997612176,0.24869999998804815,0.2653999999761254,0.28209999996420265,0.2995999999641299,0.3156999999880554,0.3320000000001073,0.3486999999881846,0.3653999999762618,0.3818999999762127,0.39859999996428996,0.41539999997621635,0.4326999999880172,0.4493999999760945,0.46619999998802086,0.48189999997612176,0.49869999998804815,0.5150999999641499,0.5323000000119009,0.54950000000008,0.5656999999880554,0.5820000000001073,0.5986999999881846,0.6155999999641608,0.6320000000000618,0.6486999999881391,0.6653000000119391,0.6820000000000164,0.6986999999880936,0.7153000000118936,0.7326999999879718,0.749399999976049,0.7661999999879754,0.7819999999999254,0.7983000000119773,0.8161999999881573,0.8323000000118554,0.8486999999881846,0.8653000000119846,0.8820000000000618,0.8986999999881391,0.9160999999642172,0.9320999999642936,0.9485999999642445,0.9653999999761709,0.9829999999999472,0.998599999964199,1.01509999996415,1.0318999999760763,1.0515000000000327,1.0658000000119046,1.081800000011981,1.0986999999881846,1.1153000000119846,1.132099999964339,1.148699999988139,1.1653999999762163,1.1820999999642936,1.198300000011841,1.2165999999642736,1.231999999999971,1.248599999964199,1.2660999999641263,1.2825999999643045,1.29950000000008,1.31530000001203,1.3335999999642354,1.3488999999760836,1.365000000000009,1.3820000000000618,1.398699999988139,1.4153000000119391,1.4320000000000164,1.4485999999642445,1.4653999999761709,1.481999999999971,1.4994999999998981,1.5166999999880773,1.5320999999642027,1.549399999976231,1.5660999999643082,1.581800000011981,1.5986999999881846,1.6153000000119846,1.6333000000120137,1.6483999999761636,1.6653000000119391,1.6818999999761672,1.6986999999880936,1.7151999999880445,1.7318999999761218,1.748599999964199,1.7653000000118482,1.7819999999999254,1.7986999999880027,1.81539999997608,1.8318999999762582,1.8485999999643354,1.8653999999762618,1.8820000000000618,1.89859999996429,1.9150999999642409,1.9320000000000164,1.9490999999643464,1.9656999999881464,1.981999999999971,1.9983999999760726,2.01580000001195,2.0318000000120264,2.0485999999641535,2.065899999976182,2.0820000000001073,2.099199999988059,2.115399999976262,2.1318999999762127,2.14859999996429,2.165300000011939,2.1820000000000164,2.1986999999880936,2.21630000001187,2.2318999999761218,2.248699999988048,2.2660000000000764,2.282300000011901,2.2985000000001037,2.3164999999999054,2.332499999999982,2.3495000000000346,2.3659999999999854,2.38230000001181,2.398699999988139,2.415300000011939,2.4318999999761672,2.4485999999642445,2.4653000000118936,2.481999999999971,2.498699999988048,2.515300000011848,2.5328999999760526,2.549399999976231,2.56530000001203,2.5820000000001073,2.5985999999643354,2.6173000000119373,2.6318999999762127,2.6488000000119882,2.66519999998809,2.6820000000000164,2.6985999999642445,2.714999999999918,2.7318999999761218,2.748599999964199,2.765300000011848,2.7819999999999254,2.7985999999641535,2.81530000001203,2.832699999988108,2.8485999999643354,2.8651999999881355,2.882000000000062,2.89859999996429,2.915300000011939,2.9320999999642936,2.9485999999642445,2.965399999976171,2.981999999999971,2.998300000012023,3.015300000011848,3.0319999999999254,3.0486999999880027,3.06539999997608,3.081899999976258,3.098500000000058,3.1153000000119846]",0.01664492,0.000647259,188.0,left,1.0,,,,,,1.0,0.0,8.0,0.5,4.402607407,1.0,0.166029314,-0.325989891,81.0,-0.006981317,0.409724184,0.034267936,0.062711279,0.215248408,5.0,2.586959261,0.895372412,81.0,-0.006981317,0.409724184,0.034267936,0.062711279,0.215248408,5.0,2.721915904,0.744211449,3.0,0.001745329,0.342027877,0.030569748,0.094119191,0.219456558,8.0,1.958994026,0.700712295,1.0,-0.007853982,0.332308035,0.049961894,0.10302439,0.316973442,6.0,2.929706274,0.411202407,2.0,0.008726646,0.338473989,0.032964075,0.086271212,0.185208292,4.0,1.796053009,0.435427734,99.0,-0.003490659,0.442500629,0.032492338,0.059723416,0.160754516,4.0,1.995322964,0.750655245,40.0,0.001745329,0.381763748,0.031902579,0.075140032,0.211660484,6.0,2.685358902,0.791015755,5.0,-0.004363323,0.3477587,0.034233339,0.078408596,0.194188261,5.0,0.0,0.0,0.0,0.0,0.0,0.0,0.0,0.0,0.0,0.0,0.0,0.0,0.0,0.0,0.0,0.0,0.0,0.0,0.0,0.0,0.0,0.0,0.0,0.0,0.0,0.0,0.0,0.0,0.0,0.0,0.0,0.0,0.0,0.0,0.0,0.0,,,,,,,0.7535,,0.0,31.0,31.0,31.0,1.0,,,,,,,,,,,,,,,,,,,,,,,,,,,,0
S070,2,2024-11-21_13h14.36.924,MotivatedInference,2024.1.5,Win32,60.24096386,668be8e87e83611e680fb3ab,{{%SESSION_ID%},Chrome,,,,,,,,,,,,,,,,,,,,,,,,,,,,,,0.0,,,,,,,,4.0,,,,,,,,,conditions/conds_121.csv,3.0,0.0,,,,,,,,,1480.3234,1482.0398,"[0.0018000000120537152,0.016300000012051896,0.03300000000012915,0.050300000011930024,0.06720000004770554,0.08330000001205917,0.09970000004773283,0.11640000003581008,0.1330000000000382,0.14970000004768735,0.16630000001191547,0.18299999999999272,0.20060000002399647,0.21630000001209737,0.23300000000017462,0.24960000002397464,0.26640000003590103,0.2831000000239783,0.29990000003590467,0.3165000000001328,0.33290000003580644,0.3496000000238837,0.3664000000358101,0.38290000003576097,0.3996000000238382,0.41630000001191547,0.4329999999999927,0.44970000004786925,0.46620000004782014,0.4830000000001746,0.499800000012101,0.5163000000120519,0.5330000000001291,0.5497000000477783,0.5663000000120064,0.5830000000000837,0.5997000000477328,0.6164000000358101,0.6332000000477365,0.6496000000238382,0.6662000000478656,0.6829999999999927,0.699500000000171,0.7164000000359465,0.7329000000358974,0.7497000000478238,0.7671000000239019,0.7830000000001291,0.7997000000477783,0.8163000000120064,0.8330000000000837,0.8496000000238837,0.866300000011961,0.8839000000357373,0.8998000000119646,0.9164000000357646,0.9329000000359429,0.9496000000240201,0.9674000000359229,0.9838000000120246,0.9995000000001255,1.016400000035901,1.032900000035852,1.04950000000008,1.066000000000031,1.0830000000000837,1.0997000000477328,1.116300000011961,1.1330000000000382,1.1497000000476874,1.1663000000119155,1.1829999999999927,1.1997000000478693,1.2162000000478201,1.2338000000120246,1.2497000000478238,1.266300000012052,1.2830000000001291,1.2996000000239292,1.316600000023982,1.3330000000000837,1.3496000000238837,1.366300000011961,1.382700000047862,1.3996000000238382,1.4163000000119155,1.4329000000359429,1.4496000000240201,1.4663000000120974,1.4842000000478492,1.5004000000358246,1.516300000012052,1.5330000000001291,1.5496000000239292,1.5662000000477292,1.5829000000358064,1.5997000000477328,1.616300000011961,1.6337000000478383,1.6496000000238382,1.6663000000119155,1.6829000000359429,1.6994000000358938,1.7163000000120974]",0.016645631,0.000422378,104.0,right,0.0,,,,,,2.0,0.0,4.0,0.5,0.621158266,-1.0,1.659606271,0.176687411,32.0,0.007853982,0.376580194,0.027808234,0.064839678,0.152904525,6.0,0.907746086,-0.970211055,67.0,0.000872665,0.398829923,0.040120187,0.066830121,0.198372452,4.0,1.784908591,0.415256303,81.0,-0.006981317,0.409724184,0.034267936,0.062711279,0.215248408,5.0,2.339246811,0.999425607,82.0,0.004363323,0.410673221,0.022643594,0.062174001,0.106425045,4.0,0.0,0.0,0.0,0.0,0.0,0.0,0.0,0.0,0.0,0.0,0.0,0.0,0.0,0.0,0.0,0.0,0.0,0.0,0.0,0.0,0.0,0.0,0.0,0.0,0.0,0.0,0.0,0.0,0.0,0.0,0.0,0.0,0.0,0.0,0.0,0.0,0.0,0.0,0.0,0.0,0.0,0.0,0.0,0.0,0.0,0.0,0.0,0.0,0.0,0.0,0.0,0.0,0.0,0.0,0.0,0.0,0.0,0.0,0.0,0.0,0.0,0.0,0.0,0.0,0.0,0.0,0.0,0.0,0.0,0.0,0.0,0.0,,,,,,,0.6048,,0.0,32.0,32.0,32.0,1.0,,,,,,,,,,,,,,,,,,,,,,,,,,,,0
S070,2,2024-11-21_13h14.36.924,MotivatedInference,2024.1.5,Win32,60.24096386,668be8e87e83611e680fb3ab,{{%SESSION_ID%},Chrome,,,,,,,,,,,,,,,,,,,,,,,,,,,,,,0.0,,,,,,,,7.0,,,,,,,,,conditions/conds_121.csv,3.0,0.0,,,,,,,,,1483.6401,1486.7397,"[0.003399999976181789,0.02089999997610903,0.032999999999901775,0.04959999996412989,0.06999999999993634,0.08369999998808453,0.10319999998796447,0.1163999999760108,0.13719999998806998,0.14989999997601444,0.1708999999759726,0.18329999995216895,0.20409999996422812,0.21669999998789535,0.23649999999997817,0.24959999996417537,0.2712999999521344,0.2875999999641863,0.3038999999760108,0.31779999995228536,0.3358999999761636,0.35369999998806634,0.3669999999999618,0.38709999996422084,0.39969999998811545,0.4203999999760981,0.4329999999999927,0.4537999999522526,0.4665999999642736,0.4858999999760272,0.49949999999989814,0.5168999999759762,0.5362999999522344,0.5537999999521617,0.5670000000000073,0.586299999952189,0.6002999999523126,0.6190999999641917,0.6337999999523163,0.6536999999880209,0.6671999999880427,0.6870999999641754,0.7027999999522763,0.7161999999880209,0.732799999952249,0.7494999999998981,0.7661999999879754,0.7873999999760599,0.7997999999522563,0.8203999999761891,0.8334999999999582,0.8541999999879408,0.8703999999761436,0.8835999999641899,0.9025999999641954,0.9169999999999163,0.9357999999522235,0.9501999999879445,0.9695999999642027,0.9831999999880736,1.0046999999879063,1.0163999999761018,1.0372999999522108,1.05319999998801,1.06899999999996,1.0829999999998563,1.0995000000000346,1.1161999999881118,1.1370999999642208,1.1502999999522672,1.1696999999880973,1.1837999999522708,1.2030999999642518,1.2169999999998709,1.236399999976129,1.2498999999761509,1.270299999952158,1.2828999999760526,1.3040999999641372,1.3166999999880318,1.3360999999640626,1.3523999999761145,1.3662999999521617,1.3856999999879918,1.4026999999880445,1.4169999999999163,1.4361999999880481,1.4494999999999436,1.4661999999880209,1.4837999999522253,1.5031999999880554,1.5170999999641026,1.5368999999761854,1.5536999999881118,1.5665999999641826,1.5871999999881155,1.5997999999522108,1.62059999996427,1.6331999999879372,1.6543999999760217,1.6669999999999163,1.6859999999999218,1.6995999999642208,1.7211999999879026,1.7373999999761054,1.7538999999760563,1.7706999999879827,1.786699999988059,1.80319999998801,1.81619999998793,1.836299999952189,1.84989999997606,1.8697999999521926,1.8831999999879372,1.903799999952298,1.9195999999642481,1.933299999952169,1.9535999999641263,1.9666999999878954,1.9872999999522563,1.9995999999641754,2.0188999999761563,2.033899999976029,2.0537999999521617,2.069099999964237,2.0866999999880136,2.103399999976091,2.116999999999962,2.1360999999642445,2.14939999997614,2.170299999952249,2.1828999999761436,2.2036999999879754,2.217099999964148,2.236499999999978,2.249499999999898,2.2713999999759835,2.2828999999760526,2.302500000000009,2.32029999995234,2.3370999999642663,2.350399999976162,2.371299999952271,2.383699999988039,2.4035999999641717,2.4201999999879718,2.4331999999878917,2.4537999999522526,2.4664999999999964,2.485899999976027,2.499499999999898,2.5204999999998563,2.5329999999999018,2.5494999999998527,2.5670000000000073,2.58689999997614,2.5995999999640844,2.6190999999641917,2.6369999999999436,2.6503999999761163,2.6700999999641226,2.6831999999878917,2.6994999999999436,2.719799999952329,2.733599999964099,2.7538999999760563,2.770299999952158,2.7829999999999018,2.804699999988088,2.816299999952207,2.8353999999760617,2.8493999999761854,2.866199999988112,2.88799999999992,2.9004999999999654,2.9190999999641463,2.93759999996405,2.9501999999879445,2.966299999952298,2.9874999999999545,2.999899999976151,3.0205999999641335,3.0332999999523054,3.0537999999521617,3.066299999952207,3.0830999999641335,3.0995000000000346]",0.016645699,0.003162857,187.0,left,1.0,,,,,,2.0,0.0,8.0,0.5,-2.366298596,-1.0,1.584506234,0.027416379,86.0,-0.01134464,0.414570186,0.03611148,0.064685839,0.099529567,3.0,2.667961309,0.811820212,22.0,-0.006108652,0.369173441,0.034771665,0.081264392,0.215269419,6.0,0.317458606,-0.593110862,4.0,0.001745329,0.345391377,0.044661649,0.086491224,0.292502374,6.0,1.611146047,0.080611877,60.0,0.008726646,0.394321176,0.024708435,0.063628191,0.162696287,6.0,1.582052793,0.022511031,34.0,-0.01134464,0.377900669,0.035623555,0.066078969,0.222301383,5.0,1.00095433,-0.908501488,11.0,-0.013089969,0.357861323,0.044486954,0.075207378,0.243622836,5.0,0.642437187,-0.959402031,36.0,0.002617994,0.379263044,0.03913601,0.077664539,0.168574417,3.0,1.065032163,-0.847643713,4.0,0.001745329,0.345391377,0.044661649,0.086491224,0.292502374,6.0,0.0,0.0,0.0,0.0,0.0,0.0,0.0,0.0,0.0,0.0,0.0,0.0,0.0,0.0,0.0,0.0,0.0,0.0,0.0,0.0,0.0,0.0,0.0,0.0,0.0,0.0,0.0,0.0,0.0,0.0,0.0,0.0,0.0,0.0,0.0,0.0,,,,,,,0.5841,,0.0,33.0,33.0,33.0,1.0,,,,,,,,,,,,,,,,,,,,,,,,,,,,0
S070,2,2024-11-21_13h14.36.924,MotivatedInference,2024.1.5,Win32,60.24096386,668be8e87e83611e680fb3ab,{{%SESSION_ID%},Chrome,,,,,,,,,,,,,,,,,,,,,,,,,,,,,,0.0,,,,,,,,12.0,,,,,,,,,conditions/conds_121.csv,3.0,0.0,,,,,,,,,1488.3273,1492.7945,"[0.003300000011904558,0.015800000011950033,0.029699999987997217,0.04989999997610539,0.06269999998812636,0.08430000001180815,0.096399999976029,0.11549999999988358,0.1289999999999054,0.14980000001196458,0.16309999996428814,0.1820999999642936,0.19639999997616542,0.21230000001196458,0.2319999999999709,0.24639999997611994,0.26219999998807,0.2821999999880518,0.29549999999994725,0.31230000001187364,0.33309999996413353,0.34630000001197914,0.3654999999998836,0.37909999996418264,0.39830000001188637,0.4120999999643118,0.4334999999998672,0.44989999997619634,0.46450000000004366,0.48189999997612176,0.49559999996426995,0.5158999999762273,0.5294999999998709,0.5464999999999236,0.5660999999643082,0.5793000000119264,0.5953000000120028,0.6123000000118282,0.6289999999999054,0.6523000000117918,0.6623999999760599,0.6788999999762382,0.6956999999881646,0.7153000000118936,0.7296999999880427,0.7498000000118736,0.7631999999880463,0.7816999999879499,0.7964999999999236,0.8158999999761818,0.8295000000000528,0.8503000000118845,0.862199999987979,0.8833000000120137,0.895899999976109,0.9171999999880427,0.9296999999880882,0.9458000000120137,0.9621999999881155,0.9788999999761927,0.99559999996427,1.012300000011919,1.0289999999999964,1.0463999999760745,1.0658999999761818,1.083399999976109,1.0978999999761072,1.1159999999999854,1.1288999999760563,1.1481999999880372,1.1620000000000346,1.1818999999761672,1.1963000000118882,1.2150999999641954,1.2296999999880427,1.24919999998815,1.263599999964299,1.2788999999761472,1.2956999999880736,1.3151999999879536,1.329899999976078,1.349999999999909,1.3623000000118282,1.3798000000119828,1.3993000000118627,1.4130999999642881,1.4320999999642936,1.4465000000000146,1.46550000000002,1.4791999999881682,1.4996999999880245,1.51219999998807,1.5325000000000273,1.5460000000000491,1.5621999999880245,1.5798000000118009,1.6005999999642881,1.6123999999761054,1.6316999999880863,1.6456999999879827,1.6676999999881446,1.6796999999880882,1.6981999999879918,1.7131999999880918,1.7316999999879954,1.74559999996427,1.7684999999999036,1.7829999999999018,1.7963999999760745,1.8153000000118027,1.8288999999761018,1.8483000000119318,1.862199999987979,1.8830000000000382,1.8955000000000837,1.912199999988161,1.9329999999999927,1.9463999999761654,1.9648000000117918,1.9821999999880973,1.998599999964199,2.013099999964197,2.03369999998813,2.0463000000117972,2.0665999999641826,2.082599999964259,2.09980000001201,2.1123999999761054,2.132399999976087,2.146399999976211,2.16230000001201,2.178899999976238,2.2008999999761727,2.2128999999761163,2.2326999999879718,2.24639999997612,2.265199999987999,2.27880000001187,2.2955999999642245,2.3121999999880245,2.328999999999951,2.345599999964179,2.362199999987979,2.3788999999760563,2.3985000000000127,2.41230000001201,2.4315999999641917,2.4465000000000146,2.466199999988021,2.4796999999880427,2.4983999999760726,2.51219999998807,2.5288999999761472,2.5460999999643263,2.5673999999760326,2.578999999999951,2.5993999999761854,2.6148000000118827,2.6289999999999054,2.6505999999642427,2.663000000000011,2.6820000000000164,2.696300000011888,2.7120999999642663,2.7288999999761927,2.7501999999881264,2.7660000000000764,2.7788999999761472,2.7954999999999472,2.8121999999880245,2.8328999999762345,2.84619999998813,2.86209999996413,2.880099999964159,2.900300000011839,2.9169999999999163,2.929599999964239,2.9484999999999673,2.9628999999761163,2.9818000000118445,3.0001999999881264,3.012300000011919,3.0333999999761545,3.0463999999760745,3.0663999999760563,3.079899999976078,3.09980000001201,3.115000000000009,3.1288999999760563,3.1455000000000837,3.163000000000011,3.179599999964239,3.199000000000069,3.212599999964141,3.2318999999761218,3.2465999999642463,3.265199999987999,3.279599999964148,3.3008000000118045,3.3123000000118736,3.3338000000119337,3.345699999988028,3.362199999987979,3.383800000011888,3.3963000000119337,3.415300000011939,3.4298000000119373,3.4484999999999673,3.4673000000118464,3.4795999999641936,3.498599999964199,3.51299999999992,3.5325000000000273,3.5463000000117972,3.5663000000120064,3.57959999996433,3.59909999996421,3.6123999999761054,3.6316999999880863,3.6455000000000837,3.6648999999761145,3.679699999988088,3.6993000000118172,3.7129999999999654,3.7318000000118445,3.7458999999762455,3.765199999987999,3.77880000001187,3.7955999999642245,3.8165999999641826,3.8293999999762036,3.848500000000058,3.8628999999762073,3.8816999999880863,3.8955999999641335,3.916899999976067,3.929099999964137,3.948399999976118,3.96269999998799,3.9821999999880973,3.9960999999641444,4.016000000000076,4.028899999976147,4.0485999999641535,4.062099999964175,4.0788000000118245,4.100399999976162,4.112199999987979,4.13149999999996,4.148800000011988,4.162099999964312,4.178899999976238,4.195599999964315,4.216499999999996,4.229599999964194,4.245499999999993,4.262099999964221,4.27880000001187,4.2955999999642245,4.3128000000119755,4.3336999999880845,4.345499999999902,4.362199999987979,4.381599999964237,4.398300000011886,4.412099999964312,4.428800000011961,4.446300000011888,4.467099999964148]",0.01665597,0.002957233,269.0,right,1.0,,,,,,2.0,0.0,12.0,0.5,-3.669902254,1.0,2.709969722,0.759956289,14.0,-0.004363323,0.361562951,0.033827978,0.08680928,0.200727788,5.0,1.667267885,0.191748225,60.0,0.008726646,0.394321176,0.024708435,0.063628191,0.162696287,6.0,0.995137876,-0.913301087,80.0,0.000872665,0.408817555,0.034279956,0.069360427,0.160822937,4.0,0.43558462,-0.765082372,16.0,0.017453293,0.363466057,0.031192723,0.069909496,0.180964939,5.0,0.547359516,-0.888799517,50.0,-0.003490659,0.388365859,0.031859869,0.061653869,0.235670302,6.0,1.192543977,-0.686383722,54.0,-0.000872665,0.390632361,0.034931933,0.073298853,0.195852464,4.0,0.244907054,-0.470461861,54.0,-0.000872665,0.390632361,0.034931933,0.073298853,0.195852464,4.0,1.227859719,-0.633349005,35.0,0.01134464,0.378665605,0.034694997,0.068673497,0.233172687,6.0,1.475610082,-0.189224667,56.0,0.002617994,0.391878159,0.037400891,0.06461151,0.256914973,6.0,1.383825296,-0.365287905,49.0,-0.003490659,0.387690152,0.036925942,0.073283012,0.194967171,5.0,2.629797908,0.853981145,45.0,0.006108652,0.385245638,0.032702855,0.065559913,0.166419284,5.0,1.271368413,-0.563697778,34.0,-0.01134464,0.377900669,0.035623555,0.066078969,0.222301383,5.0,,,,,,,0.5178,,0.0,34.0,34.0,34.0,1.0,,,,,,,,,,,,,,,,,,,,,,,,,,,,0
S070,2,2024-11-21_13h14.36.924,MotivatedInference,2024.1.5,Win32,60.24096386,668be8e87e83611e680fb3ab,{{%SESSION_ID%},Chrome,,,,,,,,,,,,,,,,,,,,,,,,,,,,,,0.0,,,,,,,,11.0,,,,,,,,,conditions/conds_121.csv,3.0,0.0,,,,,,,,,1494.3104,1498.7423,"[0.003200000047627327,0.016499999999950887,0.028999999999996362,0.04560000002379638,0.06640000003585556,0.07950000000005275,0.09850000000005821,0.1124000000356773,0.1289999999999054,0.1458000000118318,0.1624000000358592,0.17910000002393645,0.20190000003572095,0.21330000001194094,0.23210000002382003,0.25070000004757276,0.26299999999991996,0.2819999999999254,0.29640000003564637,0.3125,0.33199999999987995,0.34570000004760004,0.36680000001183544,0.37910000002375455,0.4033000000119955,0.4126000000237582,0.43260000002374,0.4464000000357373,0.46530000001189364,0.47960000002376546,0.4984999999999218,0.5160000000000764,0.5289999999999964,0.5484000000358265,0.5624000000357228,0.5791000000238,0.5985000000000582,0.6153000000119846,0.6289999999999054,0.6457000000477819,0.66310000002386,0.6842000000476673,0.6996000000237927,0.7123000000119646,0.7292000000477401,0.7484000000356446,0.7656000000238237,0.779400000035821,0.7999999999999545,0.8126000000238491,0.8317000000477037,0.8457000000476,0.8649000000357319,0.8789999999999054,0.898700000047711,0.9124000000358592,0.9321000000238655,0.9465000000000146,0.9657000000477183,0.979900000035741,0.995700000047691,1.0124000000357682,1.0289999999999964,1.0499999999999545,1.0630000000001019,1.08400000000006,1.0961000000238528,1.1161000000238346,1.1291000000237545,1.1485000000000127,1.16230000001201,1.1790000000000873,1.1957000000477365,1.2172000000475691,1.2297000000476146,1.24870000004762,1.2624000000357682,1.282900000035852,1.2964999999999236,1.3150000000000546,1.3295000000000528,1.3487000000477565,1.3623000000118282,1.3792000000476037,1.3998000000119646,1.4134999999998854,1.432400000035841,1.449800000011919,1.462800000011839,1.4829999999999472,1.4963000000118427,1.5153000000118482,1.5287000000475928,1.5457000000476455,1.5624000000357228,1.5789999999999509,1.5957000000476,1.61720000004766,1.629300000011881,1.6485000000000127,1.667400000035741,1.67970000004766,1.6987000000476655,1.7159999999998945,1.7318000000118445,1.745700000047691,1.7624000000357682,1.7832000000476,1.7961000000238982,1.8173000000119828,1.8293000000119264,1.8488000000118063,1.8624000000356773,1.8789000000358556,1.8956000000239328,1.91310000002386,1.932400000035841,1.9464000000357373,1.9652000000476164,1.979900000035741,1.9984000000356446,2.0132000000476182,2.032900000035852,2.0464000000356464,2.0653000000118027,2.0829000000358064,2.098300000011932,2.1124000000356773,2.131600000023809,2.145700000047782,2.166500000000042,2.1798000000119373,2.199000000000069,2.2131000000238146,2.2318000000118445,2.2459000000358174,2.2654999999999745,2.2792000000476946,2.30030000001193,2.313000000000102,2.332100000023729,2.3488000000118063,2.36720000004766,2.379900000035832,2.3997000000476874,2.416600000023891,2.4291000000239364,2.4482000000475637,2.4623000000119646,2.4819000000356937,2.496499999999969,2.5162000000477747,2.5289999999999964,2.5457000000476455,2.5628000000119755,2.5823000000118554,2.598500000000058,2.6153000000119846,2.6289999999999054,2.645600000023933,2.66230000001201,2.6790000000000873,2.6958000000120137,2.713300000011941,2.7332000000476455,2.749499999999898,2.7627000000477437,2.7818000000120264,2.7956000000237964,2.8121000000237473,2.831800000011981,2.845600000023751,2.867100000023811,2.8791000000237545,2.9006000000238146,2.91310000002386,2.932400000035841,2.946300000011888,2.9651000000237673,2.9789000000357646,2.995700000047691,3.0162000000477747,3.0298000000118464,3.0493000000119537,3.063000000000102,3.0794000000357755,3.0994000000357573,3.1124999999999545,3.1289999999999054,3.1483000000118864,3.162400000035859,3.1790000000000873,3.196300000011888,3.2158000000119955,3.2297000000476146,3.248499999999922,3.263100000023769,3.281900000035648,3.2964000000356464,3.316000000000031,3.328999999999951,3.3457000000476,3.3662000000476837,3.379900000035832,3.3993000000118627,3.413000000000011,3.433999999999969,3.446200000047611,3.466800000011972,3.4797000000476146,3.4984000000356446,3.51299999999992,3.5321000000237746,3.5464000000356464,3.5657000000476273,3.579200000047649,3.598500000000058,3.6124000000356773,3.6340000000000146,3.645700000047782,3.665200000047662,3.678800000011961,3.6956000000238873,3.7131000000238146,3.7297000000476146,3.7503000000119755,3.765900000035799,3.779700000047569,3.799800000011828,3.8127000000476983,3.833300000011832,3.8460000000000036,3.8644000000358574,3.8818000000119355,3.8955000000000837,3.91230000001201,3.9290000000000873,3.9456000000238873,3.9623000000119646,3.98290000003567,3.9997000000475964,4.015100000023722,4.028999999999996,4.048300000011977,4.063200000047573,4.082800000011957,4.095600000023751,4.115300000011985,4.128999999999905,4.148500000000013,4.16230000001201,4.179000000000087,4.1957000000477365,4.215300000011894,4.229499999999916,4.249300000011999,4.263100000023769,4.281800000012026,4.295600000023796,4.312400000035723,4.333600000023807,4.345900000035726,4.367600000023913,4.3791000000237545,4.39810000002376,4.41230000001201,4.431700000047613]",0.016648496,0.002894358,267.0,right,1.0,,,,,,2.0,0.0,12.0,0.5,-0.410209908,1.0,0.396602173,-0.712604986,11.0,-0.013089969,0.357861323,0.044486954,0.075207378,0.243622836,5.0,2.960662994,0.354013754,98.0,-0.003490659,0.436582054,0.033239272,0.083554428,0.196244723,5.0,1.229431061,-0.630913864,49.0,-0.003490659,0.387690152,0.036925942,0.073283012,0.194967171,5.0,0.80875129,-0.998909461,82.0,0.004363323,0.410673221,0.022643594,0.062174001,0.106425045,4.0,0.907661611,-0.970251971,31.0,0.004363323,0.375872077,0.0344646,0.07529372,0.228193104,6.0,0.671295169,-0.974073822,85.0,0.003490659,0.413672168,0.024690997,0.064801949,0.114487367,4.0,1.935422602,0.666312468,18.0,-0.008726646,0.365457086,0.031782524,0.075683607,0.153768306,4.0,2.036678866,0.802673915,41.0,0.013089969,0.382506884,0.032100804,0.075836611,0.218324429,6.0,1.873668029,0.56937337,96.0,0.002617994,0.429744758,0.028375272,0.064697354,0.217313714,7.0,1.405641352,-0.324336239,95.0,-0.003490659,0.427246221,0.028411926,0.064304978,0.203029515,6.0,2.59914806,0.884251669,91.0,0.001745329,0.420659204,0.046109782,0.086244352,0.261967492,5.0,2.552052539,0.924255258,10.0,-0.004363323,0.356575755,0.034939804,0.084929929,0.233599272,6.0,,,,,,,0.5833,,0.0,35.0,35.0,35.0,1.0,,,,,,,,,,,,,,,,,,,,,,,,,,,,0
S070,2,2024-11-21_13h14.36.924,MotivatedInference,2024.1.5,Win32,60.24096386,668be8e87e83611e680fb3ab,{{%SESSION_ID%},Chrome,,,,,,,,,,,,,,,,,,,,,,,,,,,,,,-1.0,,,,,,,,10.0,,,,,,,,,conditions/conds_177.csv,4.0,0.0,,,,,,,,,1505.9241,1510.3736,"[0.003500000000030923,0.0153999999761254,0.03179999995245453,0.048799999952279904,0.06519999998818093,0.08249999999998181,0.09900000000016007,0.11509999996428633,0.13179999995236358,0.1483999999761636,0.16509999996424085,0.18269999998801723,0.19929999995247272,0.2151999999880445,0.23279999995247636,0.24939999997627638,0.26559999996425177,0.28209999996420265,0.2985000000001037,0.3158999999761818,0.3324999999999818,0.3492999999523363,0.3656999999882373,0.3818999999762127,0.3992999999522908,0.4157999999524691,0.43259999996439547,0.4491999999881955,0.4660000000001219,0.48259999996435,0.498599999964199,0.5152999999522763,0.5325000000000273,0.548899999976129,0.5652999999524582,0.5820000000001073,0.5985999999643354,0.6151999999881355,0.6318999999762127,0.64859999996429,0.6653999999762163,0.6826999999880172,0.6986999999880936,0.7151999999880445,0.7318999999761218,0.7492999999524272,0.7660999999643536,0.7826999999881536,0.7985999999643809,0.8150999999643318,0.8326999999881082,0.8492999999523363,0.865500000000111,0.8818999999762127,0.8985000000000127,0.91519999998809,0.9317999999523181,0.9487999999523709,0.9651999999880445,0.98259999996435,0.998599999964199,1.0152999999522763,1.0318999999763037,1.0485000000001037,1.0650999999643318,1.08329999995226,1.0985000000000582,1.1156999999882373,1.1317999999523636,1.1491999999880136,1.1658999999763182,1.1825000000001182,1.1990000000000691,1.2151999999880445,1.2318999999761218,1.24919999998815,1.265699999988101,1.2825999999643045,1.298599999964381,1.315199999988181,1.3327999999523854,1.3492999999523363,1.3656999999882373,1.38279999995234,1.3983999999761636,1.41519999998809,1.4316999999880409,1.4493999999760945,1.46550000000002,1.4825000000000728,1.4988999999761745,1.5151999999882264,1.5317999999524545,1.5492999999523818,1.566000000000031,1.582599999964259,1.5985999999643354,1.6153999999762618,1.632099999964339,1.6487999999524163,1.6649999999999636,1.6821999999881427,1.6983999999761181,1.7147999999524473,1.7320999999642481,1.74919999998815,1.7653999999761254,1.7820999999642027,1.7989999999999782,1.8155000000001564,1.8321999999882337,1.8487999999524618,1.8665000000000873,1.8824999999999363,1.8985000000000127,1.91519999998809,1.9316999999880409,1.9484999999999673,1.9650999999641954,1.981999999999971,1.9990000000000236,2.0155999999642518,2.0317999999524545,2.0483999999762545,2.0655000000001564,2.082499999999982,2.098899999976311,2.1151999999881355,2.1323999999763146,2.148699999988139,2.16519999998809,2.1818999999761672,2.1990999999643464,2.2150999999641954,2.2317999999522726,2.248599999964199,2.2650999999643773,2.2826999999881536,2.2985000000001037,2.315199999988181,2.331899999976258,2.348500000000058,2.365500000000111,2.3822999999524654,2.3985000000000127,2.415099999964241,2.4318999999761672,2.448399999976118,2.4650999999641954,2.4817999999522726,2.498599999964199,2.5151999999882264,2.5317999999524545,2.5483999999762545,2.5650000000000546,2.581899999976258,2.598899999976311,2.615000000000009,2.63359999996419,2.649099999964392,2.665299999952367,2.6815999999641917,2.6990999999643464,2.7171999999882246,2.7318999999761218,2.7483999999763,2.7650999999643773,2.7817999999524545,2.798099999964279,2.815199999988181,2.8320000000001073,2.848399999976209,2.8650999999642863,2.881599999964237,2.8987999999524163,2.915099999964241,2.9325999999643955,2.9484999999999673,2.9651999999880445,2.9817999999522726,2.998599999964199,3.0151999999882264,3.0317999999524545,3.0483999999762545,3.0656999999880554,3.081799999952409,3.09829999995236,3.115000000000009,3.1317999999523636,3.1483999999761636,3.165899999976318,3.1820000000000164,3.1990999999643464,3.2150999999641954,3.2317999999522726,3.248500000000149,3.2650999999643773,3.282000000000153,3.2983999999762545,3.315199999988181,3.332699999988108,3.348799999952462,3.3666999999882137,3.382199999988188,3.3983999999761636,3.4155000000000655,3.431799999952318,3.4491999999881955,3.465399999976171,3.4817999999522726,3.498599999964199,3.5150999999643773,3.5318999999763037,3.5485000000001037,3.5650000000000546,3.5822999999522835,3.598500000000058,3.615000000000009,3.63350000000014,3.6485000000000127,3.665099999964241,3.681799999952318,3.6984999999999673,3.71550000000002,3.7325000000000728,3.7511999999881027,3.7650000000001,3.7817999999524545,3.7985000000001037,3.815099999964332,3.831799999952409,3.848899999976311,3.8659999999999854,3.8817999999523636,3.89859999996429,3.915099999964241,3.9318999999761672,3.9484999999999673,3.9656999999881464,3.9816999999882228,3.998599999964199,4.015099999964377,4.032199999988052,4.048500000000104,4.065199999988181,4.081799999952409,4.098599999964335,4.115099999964286,4.13149999999996,4.148399999976164,4.165099999964241,4.181799999952318,4.198399999976118,4.2151999999880445,4.231999999999971,4.2483999999763,4.265099999964377,4.281699999988177,4.298899999976129,4.315099999964332,4.331799999952409,4.348399999976209,4.3651999999881355,4.381799999952364,4.3982999999523145,4.41519999998809,4.431799999952318,4.449000000000069]",0.016649813,0.000607714,268.0,right,1.0,,,,,,1.0,0.0,12.0,0.5,3.923685315,-1.0,1.118965793,-0.78559741,84.0,-0.002617994,0.412727296,0.032139903,0.078825818,0.191863964,5.0,2.904392062,0.456805841,18.0,-0.008726646,0.365457086,0.031782524,0.075683607,0.153768306,4.0,0.002769694,-0.00553936,12.0,0.006981317,0.359228273,0.039160557,0.080955667,0.284615847,7.0,2.73388612,0.728008846,58.0,-8.92894e-14,0.393104459,0.040573715,0.076987883,0.227814169,5.0,2.238424159,0.97238831,88.0,0.001745329,0.416906428,0.03407937,0.068935353,0.194962658,5.0,1.729499195,0.312102938,2.0,0.008726646,0.338473989,0.032964075,0.086271212,0.185208292,4.0,1.962070227,0.705088401,43.0,0.004363323,0.383893371,0.033132061,0.062242434,0.239996947,6.0,2.323511968,0.997864466,100.0,-0.001745329,0.484835711,0.035177462,0.059949939,0.178411257,4.0,1.853994222,0.536594162,68.0,0.009599311,0.399449425,0.031951263,0.065393928,0.165147664,5.0,1.221974717,-0.642413335,85.0,0.003490659,0.413672168,0.024690997,0.064801949,0.114487367,4.0,1.432679777,-0.272733495,47.0,-0.003490659,0.386485672,0.032547094,0.064121381,0.201087455,6.0,2.556123915,0.921115951,19.0,-8.92894e-14,0.366380653,0.037711395,0.069882825,0.280007013,7.0,,,,,,,0.4999,,0.0,0.0,0.0,0.0,1.0,1499.6637,1504.023,,,,,,,,,,,,,,,,,,,,,,,,,,0
S070,2,2024-11-21_13h14.36.924,MotivatedInference,2024.1.5,Win32,60.24096386,668be8e87e83611e680fb3ab,{{%SESSION_ID%},Chrome,,,,,,,,,,,,,,,,,,,,,,,,,,,,,,-1.0,,,,,,,,12.0,,,,,,,,,conditions/conds_177.csv,4.0,0.0,,,,,,,,,1511.8896,1516.3428,"[0.003500000000030923,0.01629999995225262,0.032899999976280014,0.049599999964357266,0.06619999998815729,0.08289999997623454,0.09959999996431179,0.11609999996426268,0.13369999998803905,0.14959999996426632,0.16619999998806634,0.1837999999522708,0.19959999996422084,0.21619999998802086,0.23329999995235084,0.2495000000001255,0.26639999997610175,0.28329999995230537,0.29959999996435727,0.3161999999881573,0.33259999996425904,0.3495999999643118,0.3665000000000873,0.38279999995233993,0.3995999999642663,0.4169999999999163,0.4329999999999927,0.44959999996422084,0.4662999999522981,0.48299999999994725,0.49959999996417537,0.5161999999882028,0.53369999998813,0.5495999999643573,0.5661999999881573,0.5828999999762345,0.5995999999643118,0.6168999999761127,0.6330000000000382,0.6498999999762418,0.6668999999762946,0.6828999999761436,0.6995999999642208,0.7162999999522981,0.7328999999760981,0.7495999999641754,0.7661999999882028,0.78289999997628,0.7996999999882064,0.8160999999643082,0.8330000000000837,0.8495000000000346,0.866299999952389,0.8828999999761891,0.9003999999761163,0.9169999999999163,0.9336999999879936,0.9495999999642208,0.9671999999879972,0.9828999999760981,0.9995999999641754,1.0162999999522526,1.0330000000001291,1.0502999999523581,1.0662999999524345,1.0830000000000837,1.0995000000000346,1.116299999952389,1.132899999976189,1.1498999999762418,1.1667999999524454,1.1828999999761436,1.1993999999760945,1.216299999952298,1.2328999999760981,1.2497999999523017,1.2661999999882028,1.28289999997628,1.2996999999882064,1.3162999999524345,1.3336999999880845,1.350500000000011,1.3665000000000873,1.3831999999881646,1.3995999999642663,1.4162999999523436,1.43309999996427,1.4494999999999436,1.4661999999880209,1.4828999999760981,1.4995999999641754,1.5162999999522526,1.53289999997628,1.549399999976231,1.5662999999524345,1.5827999999523854,1.599699999988161,1.616299999952389,1.63359999996419,1.6496999999881155,1.6667999999524454,1.6828999999761436,1.6995999999642208,1.7161999999880209,1.7330999999642245,1.7502999999524036,1.7667999999523545,1.78289999997628,1.79950000000008,1.8161999999881573,1.8330000000000837,1.8497999999524382,1.866299999952389,1.88359999996419,1.899499999999989,1.9161999999880663,1.9327999999522945,1.9497999999523472,1.9661999999880209,1.9828999999760981,2.0003999999762527,2.0161999999882028,2.032799999952431,2.0496999999882064,2.0661999999881573,2.0827999999523854,2.0993999999761854,2.116199999988112,2.13279999995234,2.149499999999989,2.166099999964217,2.1828999999761436,2.19969999998807,2.216199999988021,2.232799999952249,2.2495000000001255,2.2662999999522526,2.283099999964179,2.2995999999643573,2.3161999999881573,2.333899999976211,2.350399999976162,2.366299999952389,2.38350000000014,2.400099999964368,2.4163999999761927,2.4329999999999927,2.450399999976298,2.4666999999881227,2.482699999988199,2.4995999999641754,2.5162999999522526,2.532799999952431,2.54950000000008,2.5661999999881573,2.582699999988108,2.5995000000000346,2.616199999988112,2.633000000000038,2.649499999999989,2.6668999999762946,2.683599999964372,2.7000999999643227,2.716199999988021,2.732899999976098,2.7493999999762764,2.7660000000000764,2.7833999999761545,2.799399999976231,2.8163999999762837,2.8328999999762345,2.8495000000000346,2.8665999999643645,2.88359999996419,2.899499999999989,2.9162999999523436,2.9327999999522945,2.9494999999999436,2.966199999988021,2.982899999976098,3.0003999999762527,3.01709999996433,3.03289999997628,3.04950000000008,3.0661999999881573,3.0827999999523854,3.1000000000001364,3.116199999988112,3.133299999952442,3.14939999997614,3.166699999988168,3.18309999996427,3.1993999999760945,3.216199999988021,3.232899999976098,3.2502999999524036,3.266599999964228,3.282799999952431,3.29950000000008,3.3162999999524345,3.3328999999762345,3.349599999964312,3.366399999976238,3.38279999995234,3.3995999999642663,3.416099999964217,3.4328999999761436,3.4493999999760945,3.4660999999641717,3.482899999976098,3.4993999999762764,3.5161999999882028,3.53289999997628,3.5495999999643573,3.5661999999881573,3.58400000000006,3.612799999952358,3.6195000000000164,3.636299999952371,3.6532999999524236,3.669499999999971,3.690099999964332,3.7035999999643536,3.719099999964328,3.735500000000002,3.7519999999999527,3.7688999999761563,3.7855999999642336,3.80239999997616,3.818899999976111,3.8386999999881937,3.8522999999522654,3.869199999988041,3.8868999999760945,3.9041999999881227,3.92009999996435,3.936599999964301,3.9530999999642518,3.968899999976202,3.9866999999881045,4.003199999988055,4.022399999976187,4.03579999995236,4.053899999976238,4.069699999988188,4.085399999976289,4.103199999988192,4.119699999988143,4.136199999988094,4.154199999988123,4.170499999999947,4.186500000000024,4.204099999964228,4.219699999988052,4.235500000000002,4.252299999952356,4.26869999998803,4.285599999964234,4.302299999952311,4.318799999952262,4.337799999952267,4.353599999964217,4.3702999999522945,4.387099999964221,4.404099999964274,4.419899999976224,4.435799999952451,4.4529999999999745]",0.016664794,0.001190834,268.0,right,1.0,,,,,,2.0,0.0,12.0,0.5,-2.157486566,1.0,0.966101607,-0.935400287,43.0,0.004363323,0.383893371,0.033132061,0.062242434,0.239996947,6.0,2.440555202,0.985800274,60.0,0.008726646,0.394321176,0.024708435,0.063628191,0.162696287,6.0,0.283414036,-0.536958889,17.0,-0.004363323,0.364429878,0.03744875,0.082879054,0.20378895,5.0,1.586175195,0.030752888,37.0,-0.010471976,0.379878099,0.039758221,0.071440932,0.269646059,5.0,2.7260974,0.738599478,71.0,0.013962634,0.401673071,0.031502829,0.073976735,0.151529972,4.0,1.253104304,-0.593486654,64.0,-0.012217305,0.396824946,0.026418425,0.079335183,0.168726505,6.0,0.634509299,-0.954809625,36.0,0.002617994,0.379263044,0.03913601,0.077664539,0.168574417,3.0,1.278546555,-0.551782076,32.0,0.007853982,0.376580194,0.027808234,0.064839678,0.152904525,6.0,0.574799689,-0.912600218,94.0,0.004363323,0.42523076,0.035907823,0.059015617,0.218525823,5.0,1.717426178,0.28907429,49.0,-0.003490659,0.387690152,0.036925942,0.073283012,0.194967171,5.0,2.551068826,0.925004583,8.0,-0.008726646,0.353798062,0.040824325,0.088208322,0.256820315,6.0,1.222452765,-0.641680329,1.0,-0.007853982,0.332308035,0.049961894,0.10302439,0.316973442,6.0,,,,,,,1.034,,0.0,1.0,1.0,1.0,1.0,,,,,,,,,,,,,,,,,,,,,,,,,,,,0
S070,2,2024-11-21_13h14.36.924,MotivatedInference,2024.1.5,Win32,60.24096386,668be8e87e83611e680fb3ab,{{%SESSION_ID%},Chrome,,,,,,,,,,,,,,,,,,,,,,,,,,,,,,-1.0,,,,,,,,4.0,,,,,,,,,conditions/conds_177.csv,4.0,0.0,,,,,,,,,1518.3763,1520.0922,"[0.0013000000119518518,0.0153999999761254,0.032999999999901775,0.04959999996412989,0.06539999997607993,0.08219999998800631,0.09909999996420993,0.1153000000119846,0.13230000001180997,0.1503999999761163,0.16799999999989268,0.18309999996426995,0.1985999999642445,0.21550000000002,0.23439999997617633,0.24980000001187364,0.26559999996425177,0.2825999999643045,0.299699999987979,0.31689999997615814,0.33369999998808453,0.3505000000000109,0.36569999998800995,0.3835999999641899,0.40000000000009095,0.4155999999643427,0.4336999999879936,0.4491999999879681,0.4665999999642736,0.4836999999881755,0.49949999999989814,0.515199999987999,0.5320999999642027,0.5491999999881045,0.5653999999760799,0.5821999999880063,0.6001999999880354,0.615500000000111,0.6321999999881882,0.6491999999880136,0.6668000000120173,0.6833000000119682,0.7001999999881718,0.7165999999642736,0.7328000000118209,0.7498999999761509,0.7670000000000528,0.7838999999762564,0.7993000000119537,0.8155999999642063,0.8320000000001073,0.8488000000120337,0.86569999998801,0.8820000000000618,0.8988000000119882,0.9165999999643191,0.9333999999762455,0.9488000000119428,0.9655999999642972,0.9821999999880973,0.9988999999761745,1.017399999976078,1.0338000000119791,1.049699999987979,1.06530000001203,1.083899999976211,1.1010999999641626,1.115800000011859,1.1321999999881882,1.1511999999881937,1.1663000000119155,1.1828000000118664,1.2000999999643227,1.2158999999762727,1.23259999996435,1.248599999964199,1.2654999999999745,1.2843999999761309,1.299399999976231,1.317599999964159,1.3323999999761327,1.3488000000120337,1.3655999999641608,1.3820000000000618,1.4010000000000673,1.4163000000119155,1.4320999999642936,1.4490000000000691,1.4655999999642972,1.4833000000119227,1.5006999999880009,1.51789999997618,1.5325999999643045,1.54959999996413,1.5661999999881573,1.5846999999880609,1.6006999999881373,1.6175000000000637,1.6321999999881882,1.6488000000119882,1.666599999964319,1.682599999964168,1.6983999999761181,1.7158999999762727]",0.016646602,0.001015589,104.0,left,1.0,,,,,,2.0,0.0,4.0,0.5,-0.898117059,-1.0,0.106643485,-0.211673525,44.0,-0.006981317,0.384544024,0.027675657,0.071715856,0.246225121,7.0,2.214903794,0.960338855,23.0,0.001745329,0.370048297,0.033576258,0.089212406,0.165879093,5.0,0.652101377,-0.964673904,74.0,-0.002617994,0.403888444,0.032857311,0.06846285,0.186846183,6.0,1.195475244,-0.682108484,36.0,0.002617994,0.379263044,0.03913601,0.077664539,0.168574417,3.0,0.0,0.0,0.0,0.0,0.0,0.0,0.0,0.0,0.0,0.0,0.0,0.0,0.0,0.0,0.0,0.0,0.0,0.0,0.0,0.0,0.0,0.0,0.0,0.0,0.0,0.0,0.0,0.0,0.0,0.0,0.0,0.0,0.0,0.0,0.0,0.0,0.0,0.0,0.0,0.0,0.0,0.0,0.0,0.0,0.0,0.0,0.0,0.0,0.0,0.0,0.0,0.0,0.0,0.0,0.0,0.0,0.0,0.0,0.0,0.0,0.0,0.0,0.0,0.0,0.0,0.0,0.0,0.0,0.0,0.0,0.0,0.0,,,,,,,0.6223,,0.0,2.0,2.0,2.0,1.0,,,,,,,,,,,,,,,,,,,,,,,,,,,,0
S070,2,2024-11-21_13h14.36.924,MotivatedInference,2024.1.5,Win32,60.24096386,668be8e87e83611e680fb3ab,{{%SESSION_ID%},Chrome,,,,,,,,,,,,,,,,,,,,,,,,,,,,,,-1.0,,,,,,,,8.0,,,,,,,,,conditions/conds_177.csv,4.0,0.0,,,,,,,,,1521.7253,1524.8233,"[0.002399999976205436,0.016699999988077252,0.03019999998809908,0.0496999999882064,0.06430000001205372,0.08100000000013097,0.09989999997628729,0.11369999998805724,0.13480000001209191,0.1478999999762891,0.16800000000012005,0.18100000000004002,0.2003999999762982,0.21630000001209737,0.2303000000119937,0.24700000000007094,0.26359999996429906,0.2830999999644064,0.2976999999882537,0.3178999999761345,0.33100000000013097,0.35009999996441366,0.36769999998819003,0.3801999999882355,0.3995999999642663,0.41359999996439,0.4343999999762218,0.44769999998811727,0.46789999997622544,0.4803000000119937,0.5023000000119282,0.514399999976149,0.5335000000000036,0.5478999999761527,0.5678000000120846,0.5808999999762818,0.6013999999761381,0.6143000000120082,0.6353999999762436,0.6478000000120119,0.6668000000120173,0.6803999999763164,0.7008000000118955,0.7173000000120737,0.7333000000119227,0.7470000000000709,0.7661999999882028,0.7810999999642263,0.7998999999763328,0.8141999999882046,0.8343000000120355,0.8473999999762327,0.8678999999763164,0.88069999998811,0.8998000000119646,0.9165000000000418,0.9303999999763164,0.9468999999762673,0.9643999999761945,0.9811999999881209,1.0000999999642772,1.013599999964299,1.0303999999762254,1.0468999999761763,1.06659999996441,1.08039999997618,1.09699999999998,1.1135000000001583,1.1345999999643936,1.14730000001191,1.1681999999882464,1.1835000000000946,1.196699999988141,1.2166999999881227,1.2333000000119227,1.2473000000120464,1.266300000012052,1.2810000000001764,1.3000999999642318,1.3141999999882046,1.331000000000131,1.3505999999642881,1.3645000000001346,1.3810000000000855,1.3996999999881155,1.4140999999642645,1.4306999999880645,1.4476999999881173,1.4645000000000437,1.4833999999762,1.4976999999880718,1.5146999999881245,1.5310000000001764,1.5476999999882537,1.563899999976229,1.583899999976211,1.5978000000120574,1.6168000000120628,1.6301999999882355,1.6468999999763128,1.666599999964319,1.6803000000120392,1.6998999999761963,1.7164999999999964,1.7330999999642245,1.7498999999761509,1.763599999964299,1.7830999999644064,1.7976999999882537,1.8170999999642845,1.8311999999882573,1.8503000000118845,1.8636999999880572,1.8830999999643154,1.8975999999643136,1.9170999999641936,1.9305999999642154,1.9520999999642754,1.9641999999880682,1.9835000000000491,1.9995999999644027,2.013599999964299,2.030300000011948,2.0496999999882064,2.064399999976331,2.083899999976211,2.097699999988208,2.1166999999882137,2.1310000000000855,2.149899999976242,2.164500000000089,2.18309999996427,2.1968999999762673,2.2166999999881227,2.2309999999999945,2.250599999964379,2.264399999976149,2.28449999999998,2.297199999988152,2.3163999999762837,2.330899999976282,2.3508999999762636,2.3643000000120082,2.3831999999881646,2.3968999999763128,2.41359999996439,2.43389999997612,2.4470000000001164,2.4635999999643445,2.4803000000119937,2.497500000000173,2.516599999964228,2.530199999988099,2.5468999999761763,2.564399999976331,2.5835999999642354,2.597599999964359,2.618399999976191,2.630599999964261,2.6510000000000673,2.6638000000120883,2.684399999976222,2.700300000012021,2.7135999999643445,2.7328999999763255,2.746899999976222,2.763599999964299,2.785000000000082,2.7975999999644046,2.8135999999642536,2.8301999999880536,2.847699999988208,2.867199999988088,2.883800000011888,2.897000000000162,2.9178000000119937,2.9320999999642936,2.95169999998825,2.9643999999761945,2.9851999999882537,2.997000000000071,3.0170000000000528,3.0308999999763273,3.0496999999882064,3.0643000000120537,3.0830000000000837,3.097699999988208]",0.016641398,0.00276029,187.0,right,1.0,,,,,,2.0,0.0,8.0,0.5,-1.636361657,1.0,2.562045795,0.916440818,3.0,0.001745329,0.342027877,0.030569748,0.094119191,0.219456558,8.0,1.126485126,-0.776203933,46.0,-8.92894e-14,0.385892478,0.022689461,0.062794509,0.135276835,6.0,0.427918936,-0.755120478,24.0,-0.000872665,0.370951047,0.044446314,0.068882508,0.271498611,5.0,1.638694562,0.135379491,40.0,0.001745329,0.381763748,0.031902579,0.075140032,0.211660484,6.0,1.784059209,0.413710331,66.0,-0.006108652,0.398200129,0.038012219,0.074472022,0.208169201,4.0,1.029465218,-0.883209459,3.0,0.001745329,0.342027877,0.030569748,0.094119191,0.219456558,8.0,0.046131234,-0.092131629,56.0,0.002617994,0.391878159,0.037400891,0.06461151,0.256914973,6.0,0.31877393,-0.595226797,21.0,-0.010471976,0.368150016,0.035450396,0.075174448,0.223969416,6.0,0.0,0.0,0.0,0.0,0.0,0.0,0.0,0.0,0.0,0.0,0.0,0.0,0.0,0.0,0.0,0.0,0.0,0.0,0.0,0.0,0.0,0.0,0.0,0.0,0.0,0.0,0.0,0.0,0.0,0.0,0.0,0.0,0.0,0.0,0.0,0.0,,,,,,,0.6844,,0.0,3.0,3.0,3.0,1.0,,,,,,,,,,,,,,,,,,,,,,,,,,,,0
S070,2,2024-11-21_13h14.36.924,MotivatedInference,2024.1.5,Win32,60.24096386,668be8e87e83611e680fb3ab,{{%SESSION_ID%},Chrome,,,,,,,,,,,,,,,,,,,,,,,,,,,,,,-1.0,,,,,,,,2.0,,,,,,,,,conditions/conds_177.csv,4.0,0.0,,,,,,,,,1526.5112,1528.2417,"[0.0016999999882045813,0.01610000002392553,0.02760000002376728,0.04719999998815183,0.06099999999992178,0.07760000002394918,0.09430000001202643,0.11100000000010368,0.1276000000239037,0.14719999998806088,0.16110000002390734,0.18310000002384186,0.1981000000239419,0.2135000000000673,0.22760000002381275,0.24940000003584828,0.26619999998820276,0.27840000003584464,0.2988000000118518,0.3114000000357464,0.33069999998815547,0.34430000001202643,0.3650000000000091,0.38049999999998363,0.39830000001188637,0.4114999999999327,0.4306999999880645,0.44450000000006185,0.46100000000001273,0.47760000002381275,0.49440000003573914,0.5114000000357919,0.5318000000120264,0.5451999999881991,0.5641000000239274,0.577699999987999,0.5985000000000582,0.6110000000001037,0.6306000000238328,0.644300000011981,0.6616000000237818,0.6803000000120392,0.6973000000118645,0.7109000000357355,0.73050000000012,0.74430000001189,0.7609999999999673,0.7776000000237673,0.7950000000000728,0.8153000000120301,0.8284000000357992,0.8443000000120264,0.8609000000358265,0.8778000000120301,0.8986999999881391,0.9110000000000582,0.9326999999880172,0.9445000000000618,0.96550000000002,0.978300000012041,0.9971999999881973,1.0116999999881955,1.030199999988099,1.04950000000008,1.06169999998815,1.080500000000029,1.0943000000120264,1.1111000000239528,1.1283000000119046,1.1490000000001146,1.166100000023789,1.1821000000238655,1.1944000000357846,1.2136000000239164,1.22769999998809,1.2491000000238728,1.2640000000001237,1.2811999999880754,1.2943000000118445,1.3106999999881737,1.3279999999999745,1.3476999999882082,1.3608000000119773,1.3824000000358865,1.3979999999999109,1.41390000003571,1.4276999999881355,1.4443000000119355,1.4611000000238619,1.4776000000238128,1.4946000000238655,1.5151000000239492,1.5319999999999254,1.5470000000000255,1.560900000035872,1.5849000000357591,1.5983000000119318,1.6110000000001037,1.627699999988181,1.6489000000358374,1.6651000000238128,1.6776000000238582,1.6943000000119355,1.7136999999881937,1.73050000000012]",0.016623077,0.002875468,105.0,right,1.0,,,,,,1.0,0.0,4.0,0.5,1.552879254,-1.0,0.559515708,-0.899678025,15.0,-0.006108652,0.362511679,0.045131456,0.089284594,0.250473103,5.0,2.394195885,0.997113178,51.0,-0.000872665,0.388957543,0.039197552,0.074659583,0.215725836,5.0,2.447687623,0.983304677,21.0,-0.010471976,0.368150016,0.035450396,0.075174448,0.223969416,6.0,2.895734571,0.472139424,18.0,-0.008726646,0.365457086,0.031782524,0.075683607,0.153768306,4.0,0.0,0.0,0.0,0.0,0.0,0.0,0.0,0.0,0.0,0.0,0.0,0.0,0.0,0.0,0.0,0.0,0.0,0.0,0.0,0.0,0.0,0.0,0.0,0.0,0.0,0.0,0.0,0.0,0.0,0.0,0.0,0.0,0.0,0.0,0.0,0.0,0.0,0.0,0.0,0.0,0.0,0.0,0.0,0.0,0.0,0.0,0.0,0.0,0.0,0.0,0.0,0.0,0.0,0.0,0.0,0.0,0.0,0.0,0.0,0.0,0.0,0.0,0.0,0.0,0.0,0.0,0.0,0.0,0.0,0.0,0.0,0.0,,,,,,,0.9173,,0.0,4.0,4.0,4.0,1.0,,,,,,,,,,,,,,,,,,,,,,,,,,,,0
S070,2,2024-11-21_13h14.36.924,MotivatedInference,2024.1.5,Win32,60.24096386,668be8e87e83611e680fb3ab,{{%SESSION_ID%},Chrome,,,,,,,,,,,,,,,,,,,,,,,,,,,,,,-1.0,,,,,,,,5.0,,,,,,,,,conditions/conds_177.csv,4.0,0.0,,,,,,,,,1530.157,1533.2589,"[0.0028999999763072992,0.0186000000239801,0.03239999997617815,0.051600000023881876,0.06580000001213193,0.0858999999761636,0.09919999998828644,0.11860000002388915,0.13510000002384004,0.1483999999761636,0.16569999998819185,0.18519999998829917,0.19850000000019463,0.21930000001202643,0.2315000000000964,0.25160000002392735,0.2698000000120828,0.2826000000238764,0.29930000001195367,0.31810000002406014,0.33630000001198823,0.35319999998819185,0.3683999999761909,0.3818000000119355,0.40169999998829553,0.4155000000000655,0.4363999999761745,0.44880000001194276,0.465300000012121,0.4860000000001037,0.4983000000120228,0.5186999999882573,0.5318999999763037,0.553000000000111,0.5658999999761818,0.5863000000119882,0.5985000000000582,0.6151000000238582,0.6358000000120683,0.6493000000120901,0.6686999999881209,0.6826000000239674,0.7028999999763528,0.71550000000002,0.734800000012001,0.7483999999763,0.76989999997636,0.7825000000000273,0.8026999999881355,0.8158000000121319,0.8351000000238855,0.8491000000240092,0.869100000023991,0.8826000000240128,0.9011999999881937,0.9158999999763182,0.9353000000119209,0.9486999999880936,0.9691000000239001,0.9821000000240474,1.0030000000001564,1.0188000000121065,1.0363000000120337,1.04869999998823,1.0696999999881882,1.0818999999762582,1.1013999999763655,1.115000000000009,1.137000000000171,1.1491000000239637,1.1688999999762473,1.1826000000239674,1.2021000000238473,1.2158000000119955,1.2358000000119773,1.2488000000121247,1.2695000000001073,1.2821999999882792,1.3026000000238582,1.3161999999881573,1.331800000011981,1.3491000000240092,1.3683999999761909,1.384800000012092,1.4031000000238691,1.4161000000240165,1.435100000024022,1.4491000000239183,1.469000000000051,1.4825000000000728,1.50280000001203,1.519300000011981,1.532100000024002,1.5528999999762618,1.5655000000001564,1.5863000000119882,1.6035000000001673,1.6158000000120865,1.6361999999880936,1.6485000000000127,1.66880000001197,1.6825000000001182,1.70169999998825,1.7156999999881464,1.7360000000001037,1.7495000000001255,1.7695000000001073,1.7821999999882792,1.8028000000119846,1.8151000000239037,1.8358999999761636,1.8486999999881846,1.8696000000238655,1.8823999999763146,1.9018999999761945,1.9151000000240401,1.931600000023991,1.9493000000120446,1.9693999999763037,1.9825000000000728,2.0026000000239037,2.0186999999882573,2.032100000024002,2.048600000023953,2.068899999976338,2.0850000000000364,2.098399999976209,2.116000000000213,2.1383999999761727,2.1491000000239637,2.1695000000001983,2.1825000000001182,2.2018999999763764,2.2158000000119955,2.2358999999762545,2.249100000023873,2.268000000000029,2.2825000000000273,2.302899999976262,2.315800000012132,2.336100000023862,2.3493000000121356,2.36489999997616,2.384899999976369,2.4011999999881937,2.4196999999880973,2.435300000011921,2.4485000000001946,2.4651000000239947,2.486100000023953,2.49919999998815,2.519399999976258,2.5325000000000273,2.5513999999761836,2.565899999976182,2.5856000000239874,2.598899999976311,2.6193000000121174,2.632199999988188,2.653100000023869,2.668100000023969,2.6816999999882682,2.701600000023973,2.7151000000239947,2.732600000023922,2.751899999976331,2.7651999999882264,2.786000000000058,2.7991999999881045,2.81810000002406,2.832500000000209,2.8521999999882155,2.865500000000111,2.885699999988219,2.902300000012019,2.914899999976342,2.9341000000240456,2.949000000000069,2.9681000000239237,2.982600000023922,3.002699999988181,3.0153000000120755,3.035899999976209,3.0485000000001037,3.07019999998829,3.082500000000209,3.1016999999881136]",0.016660215,0.003238998,187.0,left,0.0,,,,,,1.0,0.0,8.0,0.5,2.126205848,-1.0,1.30265765,-0.510939491,34.0,-0.01134464,0.377900669,0.035623555,0.066078969,0.222301383,5.0,2.129147479,0.898658803,63.0,0.002617994,0.396190386,0.03208284,0.060740902,0.237954322,6.0,2.587646628,0.894759372,15.0,-0.006108652,0.362511679,0.045131456,0.089284594,0.250473103,5.0,2.540398183,0.932902077,60.0,0.008726646,0.394321176,0.024708435,0.063628191,0.162696287,6.0,3.006441733,0.267022331,97.0,0.006981317,0.43254107,0.031598025,0.077611504,0.241207486,6.0,0.231352257,-0.446369866,88.0,0.001745329,0.416906428,0.03407937,0.068935353,0.194962658,5.0,1.633832689,0.125739015,37.0,-0.010471976,0.379878099,0.039758221,0.071440932,0.269646059,5.0,0.017786948,-0.035566393,43.0,0.004363323,0.383893371,0.033132061,0.062242434,0.239996947,6.0,0.0,0.0,0.0,0.0,0.0,0.0,0.0,0.0,0.0,0.0,0.0,0.0,0.0,0.0,0.0,0.0,0.0,0.0,0.0,0.0,0.0,0.0,0.0,0.0,0.0,0.0,0.0,0.0,0.0,0.0,0.0,0.0,0.0,0.0,0.0,0.0,,,,,,,0.5168,,0.0,5.0,5.0,5.0,1.0,,,,,,,,,,,,,,,,,,,,,,,,,,,,0
S070,2,2024-11-21_13h14.36.924,MotivatedInference,2024.1.5,Win32,60.24096386,668be8e87e83611e680fb3ab,{{%SESSION_ID%},Chrome,,,,,,,,,,,,,,,,,,,,,,,,,,,,,,0.0,,,,,,,,1.0,,,,,,,,,conditions/conds_177.csv,4.0,0.0,,,,,,,,,1535.8771,1537.6091,"[0.0016999999882045813,0.01489999997625091,0.028199999988146374,0.045699999988073614,0.06619999998815729,0.08259999996425904,0.09489999997617815,0.1145000000001346,0.1290000000001328,0.14929999995229082,0.16229999995243816,0.1790000000000873,0.19809999996437,0.21189999997613995,0.23109999996427177,0.24479999995241997,0.26159999996434635,0.27899999999999636,0.29899999999997817,0.3118999999762764,0.3281999999881009,0.3450000000000273,0.36439999997628547,0.37829999995233266,0.3949999999999818,0.41619999998806634,0.42909999996436454,0.44849999999996726,0.4622999999523927,0.48250000000007276,0.4951999999882446,0.5166999999880773,0.5285000000001219,0.5490999999642554,0.5620999999644027,0.582599999964259,0.5950000000000273,0.6153999999762618,0.6288999999762837,0.6480999999644155,0.6621999999881609,0.6811999999881664,0.6990999999643464,0.7122999999523927,0.7317999999525,0.7453999999761436,0.7658999999762273,0.7793999999762491,0.7955999999642245,0.8158999999761818,0.8285999999643536,0.8482999999523599,0.8618999999762309,0.8827999999523399,0.8955999999643609,0.91519999998809,0.9282999999522872,0.9450000000001637,0.9615999999643918,0.9788999999761927,0.9990999999643009,1.012000000000171,1.0326999999881536,1.048599999964381,1.0615000000000236,1.0790000000001783,1.0992999999523363,1.1117999999523818,1.1285999999643082,1.149499999999989,1.1617999999523363,1.182399999976269,1.1955999999643154,1.2150000000001455,1.2316999999882228,1.2492999999524272,1.2622999999523472,1.2825000000000273,1.2956999999880736,1.3160999999643082,1.3285000000000764,1.3480999999642336,1.3614999999999782,1.3788999999762837,1.3997999999523927,1.412199999988161,1.43309999996427,1.4450000000001637,1.4642999999523454,1.4809999999999945,1.494899999976269,1.5158999999762273,1.5318999999763037,1.5470000000000255,1.5615000000000236,1.5812999999523072,1.5950999999643045,1.6142999999524363,1.6281999999880554,1.6447999999522835,1.6645000000000891,1.678799999952389,1.6997999999523472,1.7121999999881155,1.7317999999525]",0.016635577,0.003128864,105.0,right,1.0,,,,,,1.0,0.0,4.0,0.5,-0.010594618,-1.0,1.807089953,0.455191479,90.0,-0.005235988,0.41932645,0.033694537,0.059919896,0.18718849,4.0,1.551825873,-0.037931805,38.0,-0.004363323,0.380540373,0.035789754,0.080850361,0.267900983,7.0,1.816670412,0.472167637,47.0,-0.003490659,0.386485672,0.032547094,0.064121381,0.201087455,6.0,1.010886414,-0.900021929,25.0,0.001745329,0.371739039,0.031180836,0.079221418,0.176784845,4.0,0.0,0.0,0.0,0.0,0.0,0.0,0.0,0.0,0.0,0.0,0.0,0.0,0.0,0.0,0.0,0.0,0.0,0.0,0.0,0.0,0.0,0.0,0.0,0.0,0.0,0.0,0.0,0.0,0.0,0.0,0.0,0.0,0.0,0.0,0.0,0.0,0.0,0.0,0.0,0.0,0.0,0.0,0.0,0.0,0.0,0.0,0.0,0.0,0.0,0.0,0.0,0.0,0.0,0.0,0.0,0.0,0.0,0.0,0.0,0.0,0.0,0.0,0.0,0.0,0.0,0.0,0.0,0.0,0.0,0.0,0.0,0.0,,,,,,,0.5345,,0.0,6.0,6.0,6.0,1.0,,,,,,,,,,,,,,,,,,,,,,,,,,,,0
S070,2,2024-11-21_13h14.36.924,MotivatedInference,2024.1.5,Win32,60.24096386,668be8e87e83611e680fb3ab,{{%SESSION_ID%},Chrome,,,,,,,,,,,,,,,,,,,,,,,,,,,,,,0.0,,,,,,,,11.0,,,,,,,,,conditions/conds_177.csv,4.0,0.0,,,,,,,,,1539.1581,1543.6054,"[0.004199999988031777,0.01679999995212711,0.030499999999847205,0.051399999975956234,0.06399999999985084,0.0832999999522599,0.09779999995225808,0.1166999999879863,0.13139999997611085,0.15109999996411716,0.16449999999986176,0.18399999999996908,0.1979999999998654,0.2176999999878717,0.23119999998789353,0.2470999999641208,0.26459999996404804,0.2833999999761545,0.2980000000000018,0.31739999997603263,0.33509999996408624,0.3521999999879881,0.36389999997595623,0.38339999997606355,0.40219999998794265,0.4165999999640917,0.43049999999993815,0.45069999998804633,0.4644999999998163,0.4850999999641772,0.5003999999760254,0.514599999964048,0.5350999999641317,0.5497999999522563,0.5664999999999054,0.580599999964079,0.597199999987879,0.6144999999999072,0.634499999999889,0.6481999999880372,0.6687999999521708,0.6841999999878681,0.6971999999880154,0.7134999999998399,0.7304999999998927,0.7500999999640499,0.763799999952198,0.7828999999760526,0.7971999999879245,0.8137999999521526,0.8308999999760545,0.8517999999521635,0.8638999999759562,0.8805999999640335,0.901799999952118,0.914599999964139,0.9344999999998436,0.9477999999521671,0.9677999999521489,0.9813999999760199,1.0008999999761272,1.0146999999878972,1.0335000000000036,1.0473999999760508,1.06459999996423,1.0803999999759526,1.0997999999522108,1.1145999999641845,1.13439999997604,1.1476999999879354,1.1676999999879172,1.1808999999759635,1.2000999999640953,1.2138999999760927,1.2342999999520998,1.24719999998797,1.2668999999759762,1.2804999999998472,1.3016999999879317,1.3138999999760017,1.33329999995226,1.3507999999521871,1.3674999999998363,1.3812999999522617,1.4008999999759908,1.4141999999878863,1.4335999999641444,1.4470999999641663,1.4635999999641172,1.4834999999998217,1.4997999999523017,1.513799999952198,1.5331999999880281,1.5498999999761054,1.5666999999880318,1.5803999999759526,1.5970999999640298,1.613799999952107,1.6303999999761345,1.6516999999880682,1.6644999999998618,1.683299999952169,1.6979999999998654,1.718499999999949,1.73139999997602,1.7512999999521526,1.7639999999998963,1.780299999952149,1.801299999952107,1.8137999999521526,1.8301999999880536,1.8497999999522108,1.8644999999999072,1.8832999999522144,1.898099999964188,1.9166999999879408,1.9312999999522162,1.9521999999878972,1.9680999999641244,1.9804999999998927,1.9996999999880245,2.014599999964048,2.034399999976131,2.0513999999759562,2.0638999999760017,2.0844999999999345,2.097799999952258,2.1166999999879863,2.13149999999996,2.150299999952267,2.1642999999521635,2.185199999988072,2.1975999999640408,2.2185999999642263,2.230699999988019,2.251099999964026,2.2639999999998963,2.283199999988028,2.2970999999640753,2.3138999999760017,2.3331999999879827,2.34709999996403,2.3638999999759562,2.3804999999999836,2.4021999999879426,2.4143999999760126,2.4344999999998436,2.4509999999997945,2.4645999999640935,2.4803999999760435,2.497299999952247,2.518199999987928,2.5305999999641244,2.5497999999522563,2.566799999952309,2.580599999964079,2.599799999952211,2.613799999952107,2.6306999999878826,2.65229999995222,2.6644999999998618,2.683299999952169,2.6978999999760163,2.713599999964117,2.7330999999642245,2.7512999999521526,2.7668999999759762,2.7805999999641244,2.7999999999999545,2.8136999999878753,2.83119999998803,2.85069999998791,2.8638999999759562,2.8842999999521908,2.8977999999522126,2.9170999999641936,2.9312999999522162,2.9479999999998654,2.9676999999878717,2.9808999999761454,3.0019999999999527,3.013799999952198,3.035399999976107,3.0472999999522017,3.0671999999879063,3.0835999999642354,3.09709999996403,3.1138999999759562,3.1303999999761345,3.1513999999760927,3.1644999999998618,3.18389999997612,3.2023999999760235,3.2146999999879426,3.2349999999999,3.24719999998797,3.2675999999642045,3.280399999975998,3.3000999999642318,3.3138999999760017,3.3345999999642117,3.347899999976107,3.36649999999986,3.3811999999879845,3.3970999999642117,3.4164999999998145,3.433299999952169,3.446999999999889,3.4675999999640226,3.481499999999869,3.5005999999641517,3.514599999964048,3.53459999996403,3.5471999999879245,3.5681999999878826,3.580599999964079,3.599999999999909,3.6141999999879317,3.6337999999523163,3.647999999999911,3.667699999987917,3.68109999996409,3.7010999999640717,3.7185999999642263,3.7308999999761454,3.75,3.7668999999759762,3.780499999999847,3.8013999999759562,3.8144999999999527,3.8347999999521107,3.85069999998791,3.8636999999880572,3.88439999997604,3.898099999964188,3.9179999999998927,3.93109999996409,3.9500999999640953,3.9636999999879663,3.9833999999759726,3.997099999964121,4.013899999976047,4.030499999999847,4.047099999964075,4.066599999964183,4.080499999999802,4.099799999952211,4.116599999964137,4.131099999964135,4.151799999952118,4.164399999976013,4.18389999997612,4.198099999964143,4.217599999964023,4.2311999999878935,4.250799999952278,4.264699999987897,4.2833999999761545,4.2999999999999545,4.313799999952153,4.33329999995226,4.347899999976107,4.366899999976113,4.380999999999858,4.40099999999984,4.417199999988043,4.430399999976089,4.447099999964166]",0.016640075,0.00291513,268.0,left,1.0,,,,,,2.0,0.0,12.0,0.5,-5.483921975,-1.0,0.555308497,-0.895972869,10.0,-0.004363323,0.356575755,0.034939804,0.084929929,0.233599272,6.0,1.470966966,-0.198334843,25.0,0.001745329,0.371739039,0.031180836,0.079221418,0.176784845,4.0,2.354552799,0.99999461,3.0,0.001745329,0.342027877,0.030569748,0.094119191,0.219456558,8.0,1.37884655,-0.374539018,54.0,-0.000872665,0.390632361,0.034931933,0.073298853,0.195852464,4.0,3.130679268,0.021825039,90.0,-0.005235988,0.41932645,0.033694537,0.059919896,0.18718849,4.0,0.090840919,-0.180683986,50.0,-0.003490659,0.388365859,0.031859869,0.061653869,0.235670302,6.0,0.761526239,-0.998860479,56.0,0.002617994,0.391878159,0.037400891,0.06461151,0.256914973,6.0,1.378510806,-0.375161544,1.0,-0.007853982,0.332308035,0.049961894,0.10302439,0.316973442,6.0,0.723093719,-0.992246353,33.0,-0.006108652,0.377230834,0.032847101,0.067598606,0.249691544,6.0,1.236258166,-0.620261723,86.0,-0.01134464,0.414570186,0.03611148,0.064685839,0.099529567,3.0,0.551959429,-0.892978091,7.0,-0.003490659,0.352071506,0.033456274,0.080650645,0.190019159,6.0,0.893537675,-0.976702719,12.0,0.006981317,0.359228273,0.039160557,0.080955667,0.284615847,7.0,,,,,,,0.501,,0.0,7.0,7.0,7.0,1.0,,,,,,,,,,,,,,,,,,,,,,,,,,,,0
S070,2,2024-11-21_13h14.36.924,MotivatedInference,2024.1.5,Win32,60.24096386,668be8e87e83611e680fb3ab,{{%SESSION_ID%},Chrome,,,,,,,,,,,,,,,,,,,,,,,,,,,,,,0.0,,,,,,,,3.0,,,,,,,,,conditions/conds_177.csv,4.0,0.0,,,,,,,,,1545.1389,1546.8727,"[0.00210000002380184,0.01620000004754729,0.03360000002385277,0.049900000035677294,0.06630000001177905,0.08290000003557907,0.09960000002365632,0.11690000003568457,0.13370000004761096,0.14949999999998909,0.16699999999991633,0.18330000001174085,0.1998000000119191,0.21610000002374363,0.23360000002367087,0.24990000003572277,0.2662000000475473,0.2837000000477019,0.2999999999999545,0.31630000001177905,0.33280000001172994,0.35030000001188455,0.36710000002381094,0.3829999999998108,0.3994999999999891,0.4161000000237891,0.4334999999998672,0.44960000002379275,0.46640000003571913,0.48299999999994725,0.4994000000356209,0.5162000000475473,0.5329999999999018,0.5496000000237018,0.5662000000475018,0.5828000000117299,0.5996000000236563,0.6162000000476837,0.6334999999999127,0.6496000000238382,0.6662000000476382,0.6829000000357155,0.6994999999999436,0.7162000000475928,0.7329999999999472,0.7499000000357228,0.7666000000238,0.7828000000117754,0.7996000000237018,0.816300000011779,0.8329000000355791,0.8493000000119082,0.8662000000476837,0.8836000000237618,0.8997000000476874,0.9161000000237891,0.9329000000357155,0.9494999999999436,0.9669000000355936,0.9836000000236709,0.9994999999998981,1.0166000000238,1.0333000000118773,1.0499000000356773,1.0662000000475018,1.08270000004768,1.0994999999998072,1.1162000000476837,1.1336000000237618,1.1499000000355863,1.1663000000119155,1.183200000047691,1.1994999999999436,1.2162000000475928,1.23370000004752,1.2503000000117481,1.2671000000236745,1.2836000000238528,1.2994999999998527,1.3170000000000073,1.3333000000118318,1.3494999999998072,1.3662000000476837,1.382900000035761,1.399499999999989,1.416100000023789,1.4336000000237163,1.4497000000476419,1.46630000001187,1.4828000000118209,1.5004000000355973,1.5168000000119264,1.5336000000238528,1.5494999999998527,1.5664999999999054,1.5836000000238073,1.5999000000356318,1.6162000000476837,1.6336000000237618,1.6499000000355863,1.6662000000476382,1.6838000000118427,1.699800000011919,1.7162000000475928,1.7334999999998217]",0.016648077,0.000504591,105.0,right,1.0,,,,,,2.0,0.0,4.0,0.5,-2.389272681,1.0,1.68108606,0.218795086,95.0,-0.003490659,0.427246221,0.028411926,0.064304978,0.203029515,6.0,0.646589496,-0.961711173,51.0,-0.000872665,0.388957543,0.039197552,0.074659583,0.215725836,5.0,0.474111259,-0.812380289,79.0,-0.004363323,0.40793127,0.02386995,0.059748747,0.165450333,7.0,0.493137493,-0.833976306,80.0,0.000872665,0.408817555,0.034279956,0.069360427,0.160822937,4.0,0.0,0.0,0.0,0.0,0.0,0.0,0.0,0.0,0.0,0.0,0.0,0.0,0.0,0.0,0.0,0.0,0.0,0.0,0.0,0.0,0.0,0.0,0.0,0.0,0.0,0.0,0.0,0.0,0.0,0.0,0.0,0.0,0.0,0.0,0.0,0.0,0.0,0.0,0.0,0.0,0.0,0.0,0.0,0.0,0.0,0.0,0.0,0.0,0.0,0.0,0.0,0.0,0.0,0.0,0.0,0.0,0.0,0.0,0.0,0.0,0.0,0.0,0.0,0.0,0.0,0.0,0.0,0.0,0.0,0.0,0.0,0.0,,,,,,,0.5511,,0.0,8.0,8.0,8.0,1.0,,,,,,,,,,,,,,,,,,,,,,,,,,,,0
S070,2,2024-11-21_13h14.36.924,MotivatedInference,2024.1.5,Win32,60.24096386,668be8e87e83611e680fb3ab,{{%SESSION_ID%},Chrome,,,,,,,,,,,,,,,,,,,,,,,,,,,,,,0.0,,,,,,,,8.0,,,,,,,,,conditions/conds_177.csv,4.0,0.0,,,,,,,,,1548.4228,1551.5226,"[0.0028000000120300683,0.015499999999974534,0.03300000000012915,0.049899999976332765,0.06559999996420629,0.08230000001208282,0.09900000000016007,0.11550000000011096,0.13319999998816456,0.14980000001196458,0.16559999996434271,0.18230000001199187,0.19959999996422084,0.21630000001209737,0.2323000000119464,0.25,0.26650000000017826,0.2831999999882555,0.29930000001195367,0.3155999999642063,0.3323999999761327,0.34889999997631094,0.3655999999643882,0.3830000000000382,0.3993000000120901,0.4155999999643427,0.43219999998814274,0.4498000000119191,0.4656999999881464,0.4823000000119464,0.49900000000002365,0.5165000000001783,0.53289999997628,0.5496999999882064,0.5658000000119046,0.5826999999881082,0.5990999999642099,0.6153999999762618,0.6331999999881646,0.6496999999881155,0.6658999999763182,0.6821999999881427,0.6995999999642208,0.7156999999881464,0.7321999999880973,0.749800000012101,0.7663999999763291,0.7821999999880518,0.7995999999643573,0.8163000000120064,0.8328999999762345,0.8493999999761854,0.8658000000120865,0.8821999999881882,0.8986999999881391,0.9155999999643427,0.9321999999881427,0.9498999999761963,0.9658999999762727,0.9821999999880973,0.9988000000118973,1.015699999988101,1.032300000011901,1.0495999999643573,1.0663000000120064,1.0830000000000837,1.0995999999643118,1.1156999999882373,1.1330000000000382,1.1490999999643918,1.1655000000000655,1.18309999996427,1.1990000000000691,1.2155999999642972,1.2323000000119464,1.2488999999761745,1.2655999999642518,1.282300000011901,1.2989999999999782,1.3155999999642063,1.3323000000120828,1.348899999976311,1.3656999999882373,1.3823999999763146,1.3988999999762655,1.4155999999643427,1.4323000000119919,1.44889999997622,1.4655999999642972,1.4823000000119464,1.4985999999644264,1.5154999999999745,1.532300000011901,1.548899999976129,1.5655999999642063,1.5821999999882337,1.598899999976311,1.615500000000111,1.6321999999881882,1.6496999999881155,1.6655000000000655,1.6820999999642936,1.6990000000000691,1.7156999999881464,1.7325000000000728,1.74919999998815,1.76580000001195,1.7821999999880518,1.798899999976129,1.8155999999642063,1.8323000000120828,1.84900000000016,1.8655999999643882,1.8821999999881882,1.8988999999762655,1.9155000000000655,1.9323000000119919,1.94889999997622,1.9656999999881464,1.9823000000119464,1.9996999999882519,2.0154999999999745,2.03289999997628,2.0496999999882064,2.06659999996441,2.082300000012083,2.0988000000120337,2.115599999964388,2.1318999999762127,2.1488999999762655,2.166099999964217,2.1820999999642936,2.199000000000069,2.21550000000002,2.2321999999880973,2.2490000000000236,2.2655999999642518,2.282199999988052,2.2995999999643573,2.3156999999880554,2.3321999999882337,2.348899999976311,2.365500000000111,2.3823999999763146,2.3996999999881155,2.4161999999880663,2.432300000011992,2.4488000000119428,2.4655999999642972,2.482099999964248,2.4988999999761745,2.5154999999999745,2.532199999988052,2.548899999976129,2.5655000000001564,2.5821999999882337,2.598899999976311,2.615599999964388,2.632199999988188,2.6488999999762655,2.6655999999643427,2.6821999999881427,2.699599999964221,2.71550000000002,2.7321999999880973,2.749300000011999,2.7660000000000764,2.782199999988052,2.798800000012079,2.815199999988181,2.8320999999643846,2.849599999964312,2.866300000011961,2.8823000000120373,2.8988999999762655,2.9168000000120173,2.9321999999881427,2.94889999997622,2.9655999999642972,2.9830000000001746,2.9988000000118973,3.016399999976329,3.033000000000129,3.048899999976129,3.0655999999642063,3.083099999964361,3.099599999964312]",0.016649462,0.000529379,187.0,right,1.0,,,,,,2.0,0.0,8.0,0.5,-1.636361657,1.0,2.562045795,0.916440818,3.0,0.001745329,0.342027877,0.030569748,0.094119191,0.219456558,8.0,1.126485126,-0.776203933,46.0,-8.92894e-14,0.385892478,0.022689461,0.062794509,0.135276835,6.0,0.427918936,-0.755120478,24.0,-0.000872665,0.370951047,0.044446314,0.068882508,0.271498611,5.0,1.638694562,0.135379491,40.0,0.001745329,0.381763748,0.031902579,0.075140032,0.211660484,6.0,1.784059209,0.413710331,66.0,-0.006108652,0.398200129,0.038012219,0.074472022,0.208169201,4.0,1.029465218,-0.883209459,3.0,0.001745329,0.342027877,0.030569748,0.094119191,0.219456558,8.0,0.046131234,-0.092131629,56.0,0.002617994,0.391878159,0.037400891,0.06461151,0.256914973,6.0,0.31877393,-0.595226797,21.0,-0.010471976,0.368150016,0.035450396,0.075174448,0.223969416,6.0,0.0,0.0,0.0,0.0,0.0,0.0,0.0,0.0,0.0,0.0,0.0,0.0,0.0,0.0,0.0,0.0,0.0,0.0,0.0,0.0,0.0,0.0,0.0,0.0,0.0,0.0,0.0,0.0,0.0,0.0,0.0,0.0,0.0,0.0,0.0,0.0,,,,,,,0.5347,,0.0,9.0,9.0,9.0,1.0,,,,,,,,,,,,,,,,,,,,,,,,,,,,0
S070,2,2024-11-21_13h14.36.924,MotivatedInference,2024.1.5,Win32,60.24096386,668be8e87e83611e680fb3ab,{{%SESSION_ID%},Chrome,,,,,,,,,,,,,,,,,,,,,,,,,,,,,,0.0,,,,,,,,7.0,,,,,,,,,conditions/conds_177.csv,4.0,0.0,,,,,,,,,1553.0564,1556.1895,"[0.0027000000475254637,0.01530000001184817,0.03199999999992542,0.048700000047574576,0.0653000000118027,0.08199999999987995,0.09949999999980719,0.11530000001175722,0.13199999999983447,0.1486000000236345,0.16540000003556088,0.1823000000117645,0.19870000004766553,0.21530000001189364,0.23280000001182088,0.24860000002377092,0.2659000000355718,0.2819999999999254,0.29860000002372544,0.31520000004752546,0.3319000000356027,0.3487000000475291,0.36540000003560635,0.38199999999983447,0.3987000000474836,0.41530000001171175,0.43190000003573914,0.4487000000476655,0.46530000001189364,0.48270000004754365,0.4989999999997963,0.5172000000475236,0.5319000000356482,0.5486000000237254,0.5653000000118027,0.58199999999988,0.59860000002368,0.6153000000117572,0.6319999999998345,0.6486000000236345,0.6653000000117117,0.6819000000357391,0.6987000000476655,0.7153000000118936,0.7319999999999709,0.74870000004762,0.7653000000118482,0.7819999999999254,0.7986000000237254,0.8153000000118027,0.8319000000356027,0.8484000000355536,0.8653000000117572,0.8819000000355572,0.8986000000236345,0.9152000000476619,0.9321000000236381,0.9486000000238164,0.9653000000118936,0.9819999999999709,0.9986000000237709,1.015999999999849,1.0319999999999254,1.0486000000237254,1.0653000000118027,1.0819000000356027,1.09860000002368,1.1153000000117572,1.13230000001181,1.14890000003561,1.1652000000476619,1.1819000000357391,1.1994000000356664,1.215700000047491,1.2328000000118209,1.248600000023771,1.2653000000118482,1.2819000000356482,1.2986000000237254,1.3153000000118027,1.3319000000356027,1.34860000002368,1.3653000000117572,1.3819999999998345,1.3986000000236345,1.4153000000117117,1.4328000000118664,1.4488000000117154,1.4649999999999181,1.4819000000356937,1.4983000000117954,1.5154000000356973,1.53240000003575,1.5486000000237254,1.5653000000118027,1.5819000000356027,1.59860000002368,1.61520000004748,1.6319000000355572,1.6487000000474836,1.6653000000117117,1.6819000000357391,1.6986000000238164,1.7153000000118936,1.7328000000118209,1.7496000000237473,1.7649000000355954,1.7819999999999254,1.7989999999999782,1.8154000000356518,1.8319000000356027,1.84860000002368,1.8651000000236309,1.8819999999998345,1.8984999999997854,1.9152000000476619,1.9319000000357391,1.9486000000238164,1.9653000000118936,1.9819000000356937,1.9994999999998981,2.016100000023698,2.0319999999999254,2.0486000000237254,2.0653000000118027,2.082100000023729,2.098700000047529,2.115300000011757,2.1319000000355572,2.1484999999997854,2.1651000000238128,2.181999999999789,2.1986000000238164,2.2153000000118936,2.231999999999971,2.248499999999922,2.265300000011848,2.2816000000236727,2.2986000000237254,2.3153000000118027,2.3319000000356027,2.34860000002368,2.365300000011757,2.3819000000355572,2.3984999999997854,2.4153000000117117,2.4328000000118664,2.4486000000238164,2.4703000000117754,2.482800000011821,2.498200000047518,2.5149000000355954,2.531900000035648,2.5487000000475746,2.5653000000118027,2.5817000000474764,2.59860000002368,2.615300000011757,2.6319999999998345,2.6487000000474836,2.665200000047662,2.6824000000356136,2.6984999999999673,2.715800000011768,2.7324999999998454,2.748600000023771,2.765200000047571,2.7819999999999254,2.798900000035701,2.815499999999929,2.8318000000117536,2.848499999999831,2.86520000004748,2.8819000000355572,2.8987000000474836,2.9153000000117117,2.931900000035739,2.9486000000238164,2.964999999999918,2.9826000000236945,2.998600000023771,3.015200000047571,3.0333000000118773,3.0486000000237254,3.065400000035652,3.0819000000356027,3.09860000002368,3.115300000011757,3.132900000035761]",0.01665,0.000697145,189.0,right,1.0,,,,,,2.0,0.0,8.0,0.5,-0.889908369,1.0,2.329362908,0.998560478,11.0,-0.013089969,0.357861323,0.044486954,0.075207378,0.243622836,5.0,0.641002871,-0.95858901,34.0,-0.01134464,0.377900669,0.035623555,0.066078969,0.222301383,5.0,2.963856834,0.348032557,4.0,0.001745329,0.345391377,0.044661649,0.086491224,0.292502374,6.0,2.599276507,0.884131668,33.0,-0.006108652,0.377230834,0.032847101,0.067598606,0.249691544,6.0,1.216539105,-0.650706463,55.0,-0.003490659,0.391280598,0.028194872,0.063513844,0.18961797,6.0,0.110527347,-0.219258774,86.0,-0.01134464,0.414570186,0.03611148,0.064685839,0.099529567,3.0,1.042364899,-0.87081753,84.0,-0.002617994,0.412727296,0.032139903,0.078825818,0.191863964,5.0,1.353378533,-0.421261294,14.0,-0.004363323,0.361562951,0.033827978,0.08680928,0.200727788,5.0,0.0,0.0,0.0,0.0,0.0,0.0,0.0,0.0,0.0,0.0,0.0,0.0,0.0,0.0,0.0,0.0,0.0,0.0,0.0,0.0,0.0,0.0,0.0,0.0,0.0,0.0,0.0,0.0,0.0,0.0,0.0,0.0,0.0,0.0,0.0,0.0,,,,,,,0.5341,,0.0,10.0,10.0,10.0,1.0,,,,,,,,,,,,,,,,,,,,,,,,,,,,0
S070,2,2024-11-21_13h14.36.924,MotivatedInference,2024.1.5,Win32,60.24096386,668be8e87e83611e680fb3ab,{{%SESSION_ID%},Chrome,,,,,,,,,,,,,,,,,,,,,,,,,,,,,,0.0,,,,,,,,5.0,,,,,,,,,conditions/conds_177.csv,4.0,0.0,,,,,,,,,1557.7221,1560.8051,"[0.003199999988055424,0.016199999988202762,0.03279999995243088,0.05050000000005639,0.06689999997615814,0.08289999997623454,0.09909999996420993,0.11579999995228718,0.13339999997629093,0.14959999996426632,0.1666999999881682,0.18259999996439547,0.19959999996422084,0.21619999998802086,0.23279999995224898,0.2495000000001255,0.26609999996435363,0.2827999999524309,0.29959999996435727,0.3161999999881573,0.33379999995236176,0.34950000000003456,0.3660999999642627,0.38369999998803905,0.40000000000009095,0.4163999999761927,0.4337999999522708,0.4491999999881955,0.46609999996417173,0.482799999952249,0.4995000000001255,0.5162999999522526,0.5327999999524309,0.54950000000008,0.5666999999880318,0.583399999976109,0.5995000000000346,0.6160999999642627,0.6327999999523399,0.6494999999999891,0.6661999999880663,0.6828999999761436,0.6995999999642208,0.7160999999641717,0.7347999999524291,0.7496999999880245,0.7661999999882028,0.7827999999524309,0.8003999999762073,0.8161999999881573,0.832599999964259,0.8493999999761854,0.8661999999881118,0.8831999999881646,0.8992999999522908,0.9171999999880427,0.93309999996427,0.9494999999999436,0.9661999999880209,0.982799999952249,0.9995999999641754,1.0170000000000528,1.0337999999524072,1.0497999999522563,1.066000000000031,1.0826999999881082,1.0997999999524382,1.116299999952389,1.1330999999643154,1.149499999999989,1.1661999999880663,1.183199999988119,1.200299999952449,1.2166999999881227,1.23259999996435,1.2495000000001255,1.2661999999882028,1.28289999997628,1.29950000000008,1.3160999999643082,1.3327999999523854,1.350500000000011,1.3661999999881118,1.38279999995234,1.4002999999522672,1.4160999999642172,1.4327999999522945,1.4493999999760945,1.4661999999880209,1.4828999999760981,1.4992999999524272,1.5160999999643536,1.5327999999524309,1.549399999976231,1.5671999999881336,1.5827999999523854,1.6002999999523126,1.6160999999642627,1.63279999995234,1.649499999999989,1.6661999999880663,1.6827999999522945,1.7001999999881718,1.7161999999880209,1.732799999952249,1.7496999999880245,1.7660999999643536,1.7827999999524309,1.7992999999523818,1.8160999999643082,1.832599999964259,1.8495000000000346,1.8666999999882137,1.88350000000014,1.899499999999989,1.9161999999880663,1.9327999999522945,1.9493999999760945,1.9660999999641717,1.982799999952249,2.0000999999642772,2.0168999999762036,2.0332999999523054,2.050199999988081,2.066099999964308,2.0830000000000837,2.099599999964312,2.1165999999643645,2.13279999995234,2.14939999997614,2.166099999964217,2.1827999999522945,2.1994999999999436,2.2160999999641717,2.232799999952249,2.2493999999762764,2.2661999999882028,2.282799999952431,2.29950000000008,2.316099999964308,2.3327999999523854,2.3502999999523126,2.3660999999642627,2.38279999995234,2.399499999999989,2.416099999964217,2.4329999999999927,2.4498999999761963,2.466000000000122,2.482799999952249,2.49919999998815,2.5160999999643536,2.53289999997628,2.54950000000008,2.566099999964308,2.5827999999523854,2.5995000000000346,2.616199999988112,2.63279999995234,2.649499999999989,2.6661999999880663,2.6826999999880172,2.6994999999999436,2.7160999999641717,2.732699999988199,2.7493999999762764,2.7660999999643536,2.783000000000129,2.799399999976231,2.816099999964308,2.833499999999958,2.8500999999641863,2.8660999999642627,2.8826999999880627,2.89939999997614,2.91599999999994,2.9327999999522945,2.9500000000000455,2.966199999988021,2.982799999952249,2.9995000000001255,3.0160999999643536,3.0326999999881536,3.049399999976231,3.066000000000031,3.0827999999523854]",0.016646486,0.00053007,186.0,left,0.0,,,,,,1.0,0.0,8.0,0.5,2.126205848,-1.0,1.30265765,-0.510939491,34.0,-0.01134464,0.377900669,0.035623555,0.066078969,0.222301383,5.0,2.129147479,0.898658803,63.0,0.002617994,0.396190386,0.03208284,0.060740902,0.237954322,6.0,2.587646628,0.894759372,15.0,-0.006108652,0.362511679,0.045131456,0.089284594,0.250473103,5.0,2.540398183,0.932902077,60.0,0.008726646,0.394321176,0.024708435,0.063628191,0.162696287,6.0,3.006441733,0.267022331,97.0,0.006981317,0.43254107,0.031598025,0.077611504,0.241207486,6.0,0.231352257,-0.446369866,88.0,0.001745329,0.416906428,0.03407937,0.068935353,0.194962658,5.0,1.633832689,0.125739015,37.0,-0.010471976,0.379878099,0.039758221,0.071440932,0.269646059,5.0,0.017786948,-0.035566393,43.0,0.004363323,0.383893371,0.033132061,0.062242434,0.239996947,6.0,0.0,0.0,0.0,0.0,0.0,0.0,0.0,0.0,0.0,0.0,0.0,0.0,0.0,0.0,0.0,0.0,0.0,0.0,0.0,0.0,0.0,0.0,0.0,0.0,0.0,0.0,0.0,0.0,0.0,0.0,0.0,0.0,0.0,0.0,0.0,0.0,,,,,,,0.6828,,0.0,11.0,11.0,11.0,1.0,,,,,,,,,,,,,,,,,,,,,,,,,,,,0
S070,2,2024-11-21_13h14.36.924,MotivatedInference,2024.1.5,Win32,60.24096386,668be8e87e83611e680fb3ab,{{%SESSION_ID%},Chrome,,,,,,,,,,,,,,,,,,,,,,,,,,,,,,1.0,,,,,,,,4.0,,,,,,,,,conditions/conds_177.csv,4.0,0.0,,,,,,,,,1563.7078,1565.4411,"[0.0016999999879772076,0.016699999988077252,0.030399999976225445,0.04989999997610539,0.06380000001195185,0.08039999997617997,0.09699999999997999,0.11459999996418446,0.13319999998816456,0.14699999999993452,0.16369999998801177,0.18039999997608902,0.19699999999988904,0.21380000001181543,0.23019999998814455,0.25,0.26439999997614905,0.2808000000118227,0.29719999998815183,0.3193000000119355,0.33059999996430633,0.3509999999998854,0.3675999999643409,0.38030000001185726,0.3969999999999345,0.4180999999641699,0.4311999999881664,0.44699999999988904,0.46359999996434453,0.4855000000000018,0.49730000001181907,0.5138000000119973,0.5303000000119482,0.5499999999999545,0.5683999999762364,0.5810999999641808,0.5970999999642572,0.6136999999880572,0.6308999999762364,0.6514999999999418,0.6639999999999873,0.6835999999641444,0.6970999999641663,0.7163999999761472,0.7304999999998927,0.75,0.7636999999881482,0.7831999999880281,0.7970999999643027,0.8163999999760563,0.8315000000000055,0.852099999964139,0.8636999999880572,0.8840999999642918,0.8978000000120119,0.9163000000119155,0.9310999999643172,0.9503999999760708,0.9645999999643209,0.9853000000118755,0.9971999999879699,1.013599999964299,1.0331999999880281,1.049699999987979,1.0635999999642536,1.0803000000119027,1.09699999999998,1.1144999999999072,1.1331999999881646,1.1469999999999345,1.1636999999880118,1.18309999996427,1.2000000000000455,1.21630000001187,1.2303000000119937,1.2498000000118736,1.2640999999641735,1.2833999999761545,1.2978000000118755,1.3164999999999054,1.330500000000029,1.3466999999880045,1.364199999988159,1.384999999999991,1.400300000011839,1.4136999999880118,1.4335000000000946,1.4520999999642754,1.4638999999760927,1.4803999999760435,1.502199999988079,1.5174999999999272,1.5328000000120028,1.5471999999881518,1.5665999999641826,1.5810999999641808,1.5995999999643118,1.6144999999999072,1.6340999999642918,1.650800000011941,1.6633000000119864,1.6829999999999927,1.6998999999761963,1.7138000000118154,1.7330999999642245]",0.016648077,0.002664618,105.0,left,1.0,,,,,,2.0,0.0,4.0,0.5,-0.898117059,-1.0,0.106643485,-0.211673525,44.0,-0.006981317,0.384544024,0.027675657,0.071715856,0.246225121,7.0,2.214903794,0.960338855,23.0,0.001745329,0.370048297,0.033576258,0.089212406,0.165879093,5.0,0.652101377,-0.964673904,74.0,-0.002617994,0.403888444,0.032857311,0.06846285,0.186846183,6.0,1.195475244,-0.682108484,36.0,0.002617994,0.379263044,0.03913601,0.077664539,0.168574417,3.0,0.0,0.0,0.0,0.0,0.0,0.0,0.0,0.0,0.0,0.0,0.0,0.0,0.0,0.0,0.0,0.0,0.0,0.0,0.0,0.0,0.0,0.0,0.0,0.0,0.0,0.0,0.0,0.0,0.0,0.0,0.0,0.0,0.0,0.0,0.0,0.0,0.0,0.0,0.0,0.0,0.0,0.0,0.0,0.0,0.0,0.0,0.0,0.0,0.0,0.0,0.0,0.0,0.0,0.0,0.0,0.0,0.0,0.0,0.0,0.0,0.0,0.0,0.0,0.0,0.0,0.0,0.0,0.0,0.0,0.0,0.0,0.0,,,,,,,0.5172,,0.0,12.0,12.0,12.0,1.0,,,,,,,,,,,,,,,,,,,,,,,,,,,,0
S070,2,2024-11-21_13h14.36.924,MotivatedInference,2024.1.5,Win32,60.24096386,668be8e87e83611e680fb3ab,{{%SESSION_ID%},Chrome,,,,,,,,,,,,,,,,,,,,,,,,,,,,,,1.0,,,,,,,,5.0,,,,,,,,,conditions/conds_177.csv,4.0,0.0,,,,,,,,,1566.9744,1570.0906,"[0.0025000000000545697,0.018300000012004602,0.0340000000001055,0.047000000000025466,0.06649999999990541,0.08430000001203553,0.09770000004778012,0.11840000003576279,0.13060000002383276,0.14990000003581372,0.1638000000118609,0.18299999999999272,0.19710000002373818,0.21849999999994907,0.23049999999989268,0.24980000001187364,0.26410000002374545,0.2829999999999018,0.2979000000357246,0.31580000001190456,0.3313000000118791,0.35140000003571004,0.36630000001196095,0.3804000000357064,0.40000000000009095,0.4179000000358428,0.4312000000477383,0.45080000001189546,0.466900000035821,0.4804999999998927,0.49960000002374727,0.513600000023871,0.5303000000119482,0.5467000000476219,0.5676000000239583,0.5811000000237527,0.5998000000120101,0.6137000000476291,0.6304000000357064,0.6483000000118864,0.6686000000238437,0.6811000000238892,0.6999000000357682,0.7179000000357973,0.7304999999998927,0.7499000000357228,0.7676000000237764,0.7805000000000746,0.7971000000238746,0.8182000000476819,0.8343000000120355,0.8474000000358046,0.8677000000477619,0.8808000000119591,0.9018000000119173,0.9169000000358665,0.9304000000356609,0.9470000000001164,0.9637000000477656,0.9832000000476455,0.9970000000000709,1.0164999999999509,1.0304000000357973,1.0497000000477783,1.0667000000476037,1.0804000000357519,1.1016000000238364,1.1146000000237564,1.1332000000477365,1.1478000000120119,1.1665000000000418,1.1812000000477383,1.1971000000237382,1.2178000000119482,1.2304000000358428,1.25,1.26370000004772,1.28530000001183,1.2978000000118755,1.3167000000476037,1.3312000000476019,1.34780000001183,1.3643000000120082,1.38430000001199,1.400000000000091,1.4137000000475837,1.435300000011921,1.4471000000237382,1.4638000000118154,1.4804000000358428,1.4977000000476437,1.5184999999999036,1.5308000000118227,1.5491000000238273,1.5644999999999527,1.583400000035681,1.6016000000238364,1.6147000000476055,1.6336000000237618,1.6474000000357591,1.6668000000120173,1.6803000000120392,1.6971000000237382,1.7144000000357664,1.7354000000357246,1.7499000000357228,1.76370000004772,1.7850000000000819,1.7978000000118755,1.8163000000120064,1.8311000000237527,1.8509000000358355,1.8646000000237564,1.8834000000358628,1.8969999999999345,1.9137000000475837,1.9328000000118664,1.9471000000237382,1.9638000000118154,1.9832000000476455,2.000100000023849,2.01370000004772,2.030300000011948,2.0470000000000255,2.0644999999999527,2.0809999999999036,2.1024000000356864,2.1146000000237564,2.1304000000357064,2.1498000000119646,2.164400000035812,2.1843000000119446,2.2007000000476182,2.2137000000477656,2.235600000023851,2.2468000000119446,2.266700000047649,2.280300000011948,2.2999000000356773,2.314700000047651,2.333900000035783,2.34770000004778,2.367600000023913,2.3811000000239346,2.3969999999999345,2.4137000000475837,2.430400000035661,2.4478000000119664,2.4680000000000746,2.4809000000357173,2.5004000000358246,2.5164000000356737,2.5304000000357973,2.550999999999931,2.5641000000239274,2.583499999999958,2.597600000023931,2.617100000023811,2.6313000000118336,2.6498000000119646,2.6637000000475837,2.685300000011921,2.7000000000000455,2.7137000000477656,2.7303000000119937,2.74710000002392,2.766700000047649,2.7812000000476473,2.7999000000356773,2.8144000000356755,2.833200000047782,2.8472000000476783,2.8675000000000637,2.884200000047713,2.8969999999999345,2.913800000011861,2.930300000012039,2.951800000011872,2.9638000000118154,2.9832000000476455,2.9969000000357937,3.0164000000356737,3.0304000000357973,3.0519000000358574,3.0644000000356755,3.083400000035681,3.09770000004778,3.1162000000476837]",0.016650802,0.002823211,188.0,right,1.0,,,,,,1.0,0.0,8.0,0.5,2.126205848,-1.0,1.30265765,-0.510939491,34.0,-0.01134464,0.377900669,0.035623555,0.066078969,0.222301383,5.0,2.129147479,0.898658803,63.0,0.002617994,0.396190386,0.03208284,0.060740902,0.237954322,6.0,2.587646628,0.894759372,15.0,-0.006108652,0.362511679,0.045131456,0.089284594,0.250473103,5.0,2.540398183,0.932902077,60.0,0.008726646,0.394321176,0.024708435,0.063628191,0.162696287,6.0,3.006441733,0.267022331,97.0,0.006981317,0.43254107,0.031598025,0.077611504,0.241207486,6.0,0.231352257,-0.446369866,88.0,0.001745329,0.416906428,0.03407937,0.068935353,0.194962658,5.0,1.633832689,0.125739015,37.0,-0.010471976,0.379878099,0.039758221,0.071440932,0.269646059,5.0,0.017786948,-0.035566393,43.0,0.004363323,0.383893371,0.033132061,0.062242434,0.239996947,6.0,0.0,0.0,0.0,0.0,0.0,0.0,0.0,0.0,0.0,0.0,0.0,0.0,0.0,0.0,0.0,0.0,0.0,0.0,0.0,0.0,0.0,0.0,0.0,0.0,0.0,0.0,0.0,0.0,0.0,0.0,0.0,0.0,0.0,0.0,0.0,0.0,,,,,,,0.4506,,0.0,13.0,13.0,13.0,1.0,,,,,,,,,,,,,,,,,,,,,,,,,,,,0
S070,2,2024-11-21_13h14.36.924,MotivatedInference,2024.1.5,Win32,60.24096386,668be8e87e83611e680fb3ab,{{%SESSION_ID%},Chrome,,,,,,,,,,,,,,,,,,,,,,,,,,,,,,1.0,,,,,,,,10.0,,,,,,,,,conditions/conds_177.csv,4.0,0.0,,,,,,,,,1571.5383,1575.9426,"[0.0038999999760562787,0.019499999999879947,0.032999999999901775,0.05369999998811181,0.06730000001198277,0.08580000001188637,0.09969999998793355,0.11639999997623818,0.13309999996431543,0.14980000001196458,0.16709999996419356,0.18630000001189728,0.19959999996422084,0.22149999999987813,0.2339999999999236,0.25299999999992906,0.26639999997610175,0.28749999999990905,0.30059999996410625,0.3208000000117863,0.3338999999762109,0.35269999998809,0.3708999999760181,0.3830000000000382,0.402399999976069,0.42019999998797175,0.4331999999881191,0.45239999997602354,0.46930000001179906,0.4830999999642245,0.49980000001187364,0.5213000000119337,0.5333999999761545,0.5533000000118591,0.5668000000118809,0.5863000000119882,0.5996999999879336,0.6193999999761672,0.6330000000000382,0.6496999999881155,0.6693999999761218,0.6858999999760726,0.6995999999642208,0.7190999999641008,0.7359999999998763,0.7505999999641517,0.770099999964259,0.7866999999880591,0.7998000000118282,0.8205999999643154,0.8336999999880845,0.8543999999760672,0.8666999999879863,0.8875999999640953,0.8994999999999891,0.9163000000119155,0.93309999996427,0.9523999999760235,0.96630000001187,0.9838000000117972,1.0028000000118027,1.0205999999641335,1.033899999976029,1.0526999999881355,1.0671999999881336,1.0858999999761636,1.1014999999999873,1.116300000011961,1.1331999999879372,1.150800000011941,1.171099999964099,1.183199999988119,1.2024999999998727,1.21630000001187,1.2358999999760272,1.25080000001185,1.270899999976109,1.2838000000119791,1.3034999999999854,1.3170999999642845,1.337800000011839,1.35349999999994,1.3691999999880409,1.3830999999643154,1.4023000000117918,1.4163999999761927,1.43309999996427,1.4538999999761018,1.4710000000000036,1.4873999999761054,1.5003999999760254,1.51949999999988,1.5338000000119791,1.5534999999999854,1.5673999999760326,1.5828000000119573,1.6038000000119155,1.61649999999986,1.6370999999642208,1.65019999998799,1.6703999999760981,1.683199999988119,1.70259999996415,1.71630000001187,1.7329999999999472,1.7495999999641754,1.7671999999879517,1.787499999999909,1.799699999987979,1.8199999999999363,1.8340999999641099,1.8528999999762163,1.867099999964239,1.886599999964119,1.9004999999999654,1.9163000000119155,1.93309999996427,1.9540999999642281,1.9673000000118464,1.986899999976231,2.0036999999881573,2.019399999976031,2.0363000000118063,2.049699999987979,2.0693000000119355,2.0830999999641335,2.0996999999879336,2.117199999988088,2.13359999996419,2.154499999999871,2.1671999999880427,2.1863000000118973,2.20259999996415,2.21630000001187,2.2358000000119773,2.2504999999998745,2.27230000001191,2.28369999998813,2.299800000011828,2.3191999999880863,2.3328999999762345,2.3496999999879336,2.366399999976238,2.388099999964197,2.3998000000119646,2.418699999988121,2.4328999999761436,2.4546999999879517,2.467199999987997,2.4860999999641535,2.4995999999641754,2.5163999999761018,2.5368999999761854,2.554599999964239,2.56980000001181,2.5850000000000364,2.5998000000117827,2.616399999976238,2.633800000011888,2.654300000011972,2.6663999999761927,2.6826999999880172,2.70259999996415,2.7195999999642027,2.7329999999999472,2.7526999999879536,2.770199999988108,2.7829999999999018,2.8026999999881355,2.816800000011881,2.8360000000000127,2.849599999964312,2.866399999976238,2.8840000000000146,2.902399999976069,2.9200000000000728,2.9338000000118427,2.9500999999640953,2.9716999999880045,2.983699999987948,3.0025999999641044,3.0163000000118245,3.037899999976162,3.05319999998801,3.0664999999999054,3.0856999999880372,3.0998000000117827,3.1201999999880172,3.133800000011888,3.1496999999881155,3.1663999999761927,3.1856999999879463,3.19969999998807,3.2208999999761545,3.2338999999760745,3.2525000000000546,3.2671999999879517,3.283099999964179,3.300199999988081,3.320699999987937,3.333499999999958,3.357099999964248,3.36649999999986,3.385800000011841,3.402899999976171,3.4163999999761927,3.4371999999880245,3.45049999999992,3.4695999999642027,3.4838000000117972,3.5025000000000546,3.517399999976078,3.5329999999999018,3.54959999996413,3.569500000000062,3.5830999999641335,3.6023999999761145,3.616300000011961,3.633000000000038,3.6533999999760454,3.6670999999641936,3.686999999999898,3.702699999987999,3.71630000001187,3.732899999976098,3.7545000000000073,3.7666999999880773,3.7876999999880354,3.8003999999762073,3.8186999999879845,3.8329999999998563,3.849599999964312,3.866300000011961,3.8878000000117936,3.8996999999881155,3.9163000000119155,3.93389999997612,3.9538999999761018,3.967099999964148,3.9861999999880027,4.003899999976056,4.017199999987952,4.036399999976084,4.052300000011883,4.066300000011779,4.085800000011886,4.099599999964312,4.119399999976167,4.135599999964143,4.1496999999881155,4.1663000000119155,4.185800000011795,4.19969999998807,4.217099999964148,4.236199999988003,4.250399999976025,4.269199999988132,4.283800000011979,4.299699999987979,4.316199999988157,4.333899999976211,4.350399999976162,4.369999999999891,4.38359999996419,4.404099999964274]",0.016667424,0.00287501,265.0,right,1.0,,,,,,1.0,0.0,12.0,0.5,3.923685315,-1.0,1.118965793,-0.78559741,84.0,-0.002617994,0.412727296,0.032139903,0.078825818,0.191863964,5.0,2.904392062,0.456805841,18.0,-0.008726646,0.365457086,0.031782524,0.075683607,0.153768306,4.0,0.002769694,-0.00553936,12.0,0.006981317,0.359228273,0.039160557,0.080955667,0.284615847,7.0,2.73388612,0.728008846,58.0,-8.92894e-14,0.393104459,0.040573715,0.076987883,0.227814169,5.0,2.238424159,0.97238831,88.0,0.001745329,0.416906428,0.03407937,0.068935353,0.194962658,5.0,1.729499195,0.312102938,2.0,0.008726646,0.338473989,0.032964075,0.086271212,0.185208292,4.0,1.962070227,0.705088401,43.0,0.004363323,0.383893371,0.033132061,0.062242434,0.239996947,6.0,2.323511968,0.997864466,100.0,-0.001745329,0.484835711,0.035177462,0.059949939,0.178411257,4.0,1.853994222,0.536594162,68.0,0.009599311,0.399449425,0.031951263,0.065393928,0.165147664,5.0,1.221974717,-0.642413335,85.0,0.003490659,0.413672168,0.024690997,0.064801949,0.114487367,4.0,1.432679777,-0.272733495,47.0,-0.003490659,0.386485672,0.032547094,0.064121381,0.201087455,6.0,2.556123915,0.921115951,19.0,-8.92894e-14,0.366380653,0.037711395,0.069882825,0.280007013,7.0,,,,,,,0.4679,,0.0,14.0,14.0,14.0,1.0,,,,,,,,,,,,,,,,,,,,,,,,,,,,0
S070,2,2024-11-21_13h14.36.924,MotivatedInference,2024.1.5,Win32,60.24096386,668be8e87e83611e680fb3ab,{{%SESSION_ID%},Chrome,,,,,,,,,,,,,,,,,,,,,,,,,,,,,,1.0,,,,,,,,6.0,,,,,,,,,conditions/conds_177.csv,4.0,0.0,,,,,,,,,1577.3929,1580.5074,"[0.0026000000239037035,0.015600000023823668,0.031200000047647336,0.04490000003579553,0.0656000000237782,0.07840000003579917,0.09580000001187727,0.11640000003581008,0.12910000002375455,0.147900000035861,0.16230000001201006,0.17830000001185908,0.1978000000119664,0.21590000003584464,0.2289000000357646,0.2503000000119755,0.2618000000120446,0.2834000000357264,0.295200000047771,0.31580000001190456,0.3285000000000764,0.34799999999995634,0.3647000000476055,0.37830000001190456,0.397900000035861,0.4124000000358592,0.4314999999999145,0.44499999999993634,0.4644000000357664,0.48130000001197004,0.4980000000000473,0.5116000000239183,0.5314000000357737,0.5478000000118755,0.5654999999999291,0.5785000000000764,0.5982000000476546,0.6117000000476764,0.6314000000356828,0.6449999999999818,0.6646000000239383,0.6791000000239364,0.69840000003569,0.7159000000358446,0.7314000000358192,0.744900000035841,0.7648000000119737,0.7784000000358446,0.7979000000357246,0.8116000000238728,0.8285000000000764,0.8451000000238764,0.8617000000476764,0.8795000000000073,0.9004999999999654,0.91599999999994,0.9294000000356846,0.9486000000238164,0.9619999999999891,0.9822000000476692,0.9953000000118664,1.0154999999999745,1.0286000000237436,1.0498000000118282,1.0644000000356755,1.0784000000357992,1.0983000000119318,1.1143000000120082,1.1284000000357537,1.1477000000477346,1.1624000000358592,1.1816000000237636,1.1952000000476346,1.2116000000239637,1.2325000000000728,1.2477000000476437,1.2654000000356973,1.2791000000238455,1.2964999999999236,1.3154000000358792,1.3285000000000764,1.3479000000356791,1.3617000000476764,1.3782000000476273,1.3949000000357046,1.41599999999994,1.4314999999999145,1.4449999999999363,1.4616000000239637,1.4812000000476928,1.4958000000119682,1.5152000000477983,1.5284000000358446,1.5450000000000728,1.56530000001203,1.5794000000357755,1.5989000000358828,1.615500000000111,1.628500000000031,1.6476000000238855,1.6656000000239146,1.6803000000120392,1.6949999999999363,1.7117000000475855,1.728300000012041,1.748400000035872,1.7619999999999436,1.7816000000239,1.7979000000357246,1.814700000047651,1.82830000001195,1.8479000000356791,1.8649000000357319,1.8826000000237855,1.8959999999999582,1.9116000000237818,1.9327000000475891,1.9455000000000382,1.9658000000119955,1.9816000000239455,1.9981000000238964,2.0142000000475946,2.028100000023869,2.0450000000000728,2.061600000023873,2.078400000035799,2.0981000000238055,2.1152000000477074,2.1324000000358865,2.145700000047782,2.1659000000356627,2.1822000000477146,2.1986000000238164,2.2115000000001146,2.2303000000119937,2.2450000000001182,2.264499999999998,2.2792000000476946,2.2997000000477783,2.3121000000237473,2.331800000011981,2.34770000004778,2.3616000000238273,2.3810000000000855,2.396400000035783,2.411600000023782,2.428200000047582,2.4496000000237927,2.4624000000358137,2.48210000002382,2.496600000023818,2.5116000000239183,2.5283000000119955,2.5450000000000728,2.561600000023873,2.578200000047673,2.5965000000001055,2.617600000023913,2.6327000000476346,2.6484000000357355,2.6614999999999327,2.678200000047582,2.6949999999999363,2.713800000012043,2.731400000035819,2.744800000011992,2.76580000001195,2.781700000047749,2.7949000000357955,2.814600000023802,2.8311000000237527,2.84780000001183,2.8616000000238273,2.8789000000358556,2.8997000000476874,2.91230000001201,2.9322000000477146,2.9451000000237855,2.965400000035743,2.97920000004774,3.000100000023849,3.0124000000357682,3.031500000000051,3.045300000011821,3.0644999999999527,3.0781000000238237,3.094800000011901,3.1144000000358574]",0.016640642,0.002700041,188.0,left,1.0,,,,,,1.0,0.0,8.0,0.5,4.214368075,1.0,2.929897617,0.410853543,97.0,0.006981317,0.43254107,0.031598025,0.077611504,0.241207486,6.0,2.041961709,0.808930563,25.0,0.001745329,0.371739039,0.031180836,0.079221418,0.176784845,4.0,0.485583038,-0.825544335,88.0,0.001745329,0.416906428,0.03407937,0.068935353,0.194962658,5.0,2.377570578,0.999086265,59.0,0.006981317,0.393731017,0.031135395,0.06163787,0.205460115,5.0,2.375916151,0.999222213,56.0,0.002617994,0.391878159,0.037400891,0.06461151,0.256914973,6.0,2.071472456,0.842200843,27.0,-0.002617994,0.373032979,0.031793157,0.076653108,0.191027089,4.0,1.687969803,0.232207837,18.0,-0.008726646,0.365457086,0.031782524,0.075683607,0.153768306,4.0,2.719514285,0.747411146,14.0,-0.004363323,0.361562951,0.033827978,0.08680928,0.200727788,5.0,0.0,0.0,0.0,0.0,0.0,0.0,0.0,0.0,0.0,0.0,0.0,0.0,0.0,0.0,0.0,0.0,0.0,0.0,0.0,0.0,0.0,0.0,0.0,0.0,0.0,0.0,0.0,0.0,0.0,0.0,0.0,0.0,0.0,0.0,0.0,0.0,,,,,,,0.6094,,0.0,15.0,15.0,15.0,1.0,,,,,,,,,,,,,,,,,,,,,,,,,,,,0
S070,2,2024-11-21_13h14.36.924,MotivatedInference,2024.1.5,Win32,60.24096386,668be8e87e83611e680fb3ab,{{%SESSION_ID%},Chrome,,,,,,,,,,,,,,,,,,,,,,,,,,,,,,1.0,,,,,,,,9.0,,,,,,,,,conditions/conds_177.csv,4.0,0.0,,,,,,,,,1582.1214,1586.5881,"[0.0038000000120064215,0.01640000003590103,0.03310000002397828,0.04990000003590467,0.06640000003585556,0.08310000002393281,0.09970000004773283,0.11640000003581008,0.13310000002388733,0.14980000001196458,0.16630000001191547,0.18390000003591922,0.20060000002399647,0.2164000000359465,0.23320000004764552,0.25040000003582463,0.2674000000358774,0.2832000000478274,0.2997000000477783,0.3163000000120064,0.3331000000239328,0.3496000000238837,0.3665000000000873,0.38310000002388733,0.40000000000009095,0.41650000000004184,0.43310000002384186,0.4512000000477201,0.4664000000359465,0.4832000000476455,0.49990000003572277,0.516400000035901,0.5340000000001055,0.5497000000477783,0.5664000000358556,0.5833000000120592,0.6002000000478347,0.6165000000000873,0.6330000000000382,0.6496000000238382,0.6664000000357646,0.6831000000238419,0.6998000000119191,0.7164999999999964,0.7331000000240238,0.749800000012101,0.7666000000238,0.7831000000239783,0.7998000000120555,0.8165000000001328,0.8334000000359083,0.8498000000120101,0.8664000000358101,0.8831000000238873,0.9006000000238146,0.9168000000120173,0.933200000047691,0.9496000000240201,0.9664000000359465,0.9831000000240238,0.999800000012101,1.0165000000001783,1.0331000000239783,1.0498000000120555,1.0664000000358556,1.0831000000239328,1.0999000000358592,1.11640000003581,1.1331000000238873,1.1498000000119646,1.1671000000239928,1.18380000001207,1.199800000011919,1.2164000000359465,1.2331000000240238,1.2496000000239746,1.2665000000001783,1.2831000000239783,1.2996000000239292,1.3164000000358556,1.3331000000239328,1.3497000000477328,1.36640000003581,1.3831000000238873,1.3998000000119646,1.4164000000357646,1.433200000047691,1.4509000000357446,1.4664000000359465,1.4831000000240238,1.4997000000478238,1.516400000035901,1.5331000000239783,1.5501000000238037,1.5665000000001328,1.5830000000000837,1.5995000000000346,1.616300000011961,1.6332000000477365,1.6498000000119646,1.6665000000000418,1.6831000000238419,1.699800000011919,1.7164999999999964,1.7331000000240238,1.749800000012101,1.766400000035901,1.7830000000001291,1.7999000000359047,1.8164000000358556,1.8330000000000837,1.84980000001201,1.86720000004766,1.8834000000358628,1.8996000000238382,1.9163000000119155,1.93380000001207,1.95040000003587,1.9666000000238455,1.9831000000240238,1.999800000012101,2.016400000035901,2.0331000000239783,2.0498000000120555,2.066500000000133,2.083100000023933,2.09980000001201,2.11640000003581,2.1331000000238873,2.1507000000476637,2.1664000000357646,2.183100000023842,2.199800000011919,2.2166000000238455,2.2333000000119227,2.249700000047824,2.266400000035901,2.2831000000239783,2.2998000000120555,2.3164000000358556,2.333200000047782,2.34980000001201,2.3665000000000873,2.3831000000238873,2.399600000023838,2.4164000000357646,2.43380000001207,2.449800000011919,2.4672000000477965,2.4831000000240238,2.499700000047824,2.5165000000001783,2.5331000000239783,2.5498000000120555,2.566500000000133,2.583200000047782,2.599700000047733,2.61640000003581,2.6332000000477365,2.6497000000476874,2.6664000000357646,2.683100000023842,2.699800000011919,2.7164000000359465,2.7330000000001746,2.749700000047824,2.766300000012052,2.7831000000239783,2.7997000000477783,2.8164000000358556,2.833100000023933,2.849700000047733,2.8666000000239364,2.8831000000238873,2.8998000000119646,2.917200000047842,2.9329999999999927,2.949800000011919,2.9673000000120737,2.9830000000001746,2.999800000012101,3.0162000000477747,3.0331000000239783,3.0498000000120555,3.0664000000358556,3.083100000023933,3.099700000047733,3.1162000000476837,3.133000000000038,3.1497000000476874,3.1664000000357646,3.1829999999999927,3.20040000003587,3.2164999999999964,3.2330000000001746,3.2504000000358246,3.266400000035901,3.2831000000239783,3.2997000000477783,3.316600000023982,3.3330000000000837,3.3496000000238837,3.366300000011961,3.383000000000038,3.399600000023838,3.4164000000357646,3.43380000001207,3.449800000011919,3.4664000000359465,3.4831000000240238,3.499700000047824,3.516400000035901,3.533700000047702,3.5505000000000564,3.5664000000358556,3.5830000000000837,3.6000000000001364,3.6167000000477856,3.633000000000038,3.6499000000358137,3.66670000004774,3.6834000000358174,3.699700000047642,3.7164000000359465,3.7329000000358974,3.749700000047824,3.766700000047649,3.783000000000129,3.7998000000120555,3.8163000000120064,3.8330000000000837,3.849700000047733,3.8665000000000873,3.8831000000238873,3.8999000000358137,3.9163000000119155,3.9391000000239274,3.9505000000001473,3.9663000000120974,3.9830000000001746,3.999700000047824,4.0166000000238,4.033000000000129,4.049700000047778,4.0664000000358556,4.083000000000084,4.099700000047733,4.116300000011961,4.132900000035761,4.1503000000120664,4.166400000035765,4.182999999999993,4.200500000000147,4.216900000035821,4.233100000024024,4.249800000012101,4.266300000012052,4.283000000000129,4.2998000000120555,4.3172000000477055,4.333000000000084,4.349700000047733,4.366300000011961,4.3832000000477365,4.400000000000091,4.4163000000119155,4.432999999999993,4.44960000002402,4.4664000000359465]",0.016651493,0.000655486,269.0,left,1.0,,,,,,1.0,0.0,12.0,0.5,1.352318335,1.0,2.976313774,0.324570641,54.0,-0.000872665,0.390632361,0.034931933,0.073298853,0.195852464,4.0,2.673432932,0.805381887,51.0,-0.000872665,0.388957543,0.039197552,0.074659583,0.215725836,5.0,2.255308426,0.979712972,7.0,-0.003490659,0.352071506,0.033456274,0.080650645,0.190019159,6.0,0.785603586,-0.999999916,20.0,0.004363323,0.367239871,0.029881231,0.073743484,0.121468441,4.0,2.006426857,0.765141494,25.0,0.001745329,0.371739039,0.031180836,0.079221418,0.176784845,4.0,2.254121908,0.979234643,9.0,0.01134464,0.355140301,0.038458273,0.073668072,0.274720221,7.0,2.944478687,0.38409546,3.0,0.001745329,0.342027877,0.030569748,0.094119191,0.219456558,8.0,0.330705397,-0.614230758,59.0,0.006981317,0.393731017,0.031135395,0.06163787,0.205460115,5.0,0.7731383,-0.999699407,9.0,0.01134464,0.355140301,0.038458273,0.073668072,0.274720221,7.0,0.752901259,-0.997888646,64.0,-0.012217305,0.396824946,0.026418425,0.079335183,0.168726505,6.0,0.044601625,-0.089084996,47.0,-0.003490659,0.386485672,0.032547094,0.064121381,0.201087455,6.0,2.047234241,0.815084959,17.0,-0.004363323,0.364429878,0.03744875,0.082879054,0.20378895,5.0,,,,,,,0.5849,,0.0,16.0,16.0,16.0,1.0,,,,,,,,,,,,,,,,,,,,,,,,,,,,0
S070,2,2024-11-21_13h14.36.924,MotivatedInference,2024.1.5,Win32,60.24096386,668be8e87e83611e680fb3ab,{{%SESSION_ID%},Chrome,,,,,,,,,,,,,,,,,,,,,,,,,,,,,,1.0,,,,,,,,11.0,,,,,,,,,conditions/conds_177.csv,4.0,0.0,,,,,,,,,1588.1714,1592.6546,"[0.0039000000356281816,0.01620000004754729,0.033499999999776264,0.04970000004755093,0.06620000004750182,0.0829999999998563,0.09970000004750545,0.1164000000355827,0.13290000003576097,0.15060000002381457,0.1664000000357646,0.1829000000357155,0.19970000004764188,0.21660000002361812,0.23290000003567002,0.2494000000356209,0.2664999999999509,0.2829999999999018,0.2996000000237018,0.3164000000356282,0.3329999999998563,0.34970000004750545,0.3663000000117336,0.3829999999998108,0.39970000004746,0.41630000001191547,0.43310000002384186,0.4498000000119191,0.46620000004759277,0.48290000003567,0.4997000000475964,0.5164000000356737,0.5329999999999018,0.5499000000356773,0.5664999999999054,0.5831000000237054,0.5997000000475055,0.6163000000117336,0.63310000002366,0.6501000000237127,0.6663000000119155,0.6831000000238419,0.6997000000476419,0.7164000000357191,0.73290000003567,0.7504000000355973,0.7663000000118245,0.7831000000237509,0.7997000000475509,0.8162000000475018,0.8329999999998563,0.8504000000357337,0.8664999999998599,0.8829999999998108,0.8996000000238382,0.9171000000237655,0.9329999999999927,0.9493000000118172,0.9664000000357191,0.98290000003567,0.9997000000475964,1.0163000000118245,1.0329999999999018,1.0496000000237018,1.066300000011779,1.082900000035579,1.0997000000475055,1.1163000000117336,1.1339999999997872,1.1504000000356882,1.1663000000119155,1.1829999999999927,1.1996000000237927,1.2162000000475928,1.2329999999999472,1.2494999999998981,1.2661000000236982,1.2829000000356245,1.299700000047551,1.3164000000356282,1.3329999999998563,1.3497000000475055,1.3661000000238346,1.3829999999998108,1.4004000000356882,1.4162000000476382,1.4329000000357155,1.4497000000476419,1.4669000000355936,1.48290000003567,1.4997000000475964,1.5163000000118245,1.5328000000117754,1.5496000000237018,1.566300000011779,1.582900000035579,1.6004000000357337,1.6169999999999618,1.6329999999998108,1.64970000004746,1.6672000000476146,1.6829999999999927,1.6996000000237927,1.71630000001187,1.7338000000117972,1.7504000000355973,1.7671000000236745,1.7829999999999018,1.799700000047551,1.816300000011779,1.8329999999998563,1.8504000000357337,1.8664000000355827,1.883200000047509,1.8994000000357119,1.9163000000119155,1.9329000000357155,1.9496000000237927,1.9662000000475928,1.98290000003567,1.9996000000237473,2.0163000000118245,2.0329999999999018,2.049600000023702,2.066200000047502,2.08270000004768,2.0996000000236563,2.11649999999986,2.133200000047509,2.149800000011737,2.1663000000119155,2.184100000023818,2.199700000047642,2.2159999999998945,2.23290000003567,2.2496000000237473,2.2663000000118245,2.2829999999999018,2.299700000047551,2.316300000011779,2.3329999999998563,2.3496000000236563,2.3663000000117336,2.383800000011888,2.4004999999999654,2.4162000000476382,2.4329999999999927,2.4496000000237927,2.4664999999999964,2.48290000003567,2.4996000000237473,2.5162000000475473,2.5329000000356245,2.5493000000117263,2.566400000035628,2.5829999999998563,2.5996000000236563,2.6163000000117336,2.632999999999811,2.649600000023838,2.6663000000119155,2.6829999999999927,2.6996000000237927,2.716999999999871,2.732800000011821,2.7497000000475964,2.7662000000475473,2.7829999999999018,2.8001000000238037,2.816200000047502,2.832900000035579,2.849300000011908,2.8662000000476837,2.882900000035761,2.899600000023838,2.9163000000119155,2.9329999999999927,2.9496000000237927,2.9662000000475928,2.98290000003567,2.9996000000237473,3.0163000000118245,3.0329999999999018,3.0494999999998527,3.066200000047502,3.082900000035579,3.1006000000236327,3.1176000000236854,3.1327000000476346,3.149499999999989,3.1663000000119155,3.1832000000474636,3.1996000000237927,3.2162000000475928,3.23290000003567,3.2497000000475964,3.2663000000118245,3.2829000000356245,3.299600000023702,3.316300000011779,3.3329999999998563,3.3496000000236563,3.3663000000117336,3.382900000035761,3.400400000035688,3.4163000000119155,3.4329000000357155,3.449700000047642,3.4664999999999964,3.4829999999999472,3.4996000000237473,3.515900000035572,3.5329000000356245,3.5494999999998527,3.566200000047502,3.582900000035579,3.5996000000236563,3.6164000000355827,3.632999999999811,3.649600000023838,3.6671000000237655,3.6829999999999927,3.6996000000237927,3.7162000000475928,3.73290000003567,3.749499999999898,3.7664000000356737,3.7829000000356245,3.799800000011828,3.8159999999998035,3.8329999999998563,3.8494000000357573,3.8662000000476837,3.882999999999811,3.900200000047562,3.9164000000357646,3.933499999999867,3.9504000000356427,3.9662000000475928,3.9829999999999472,4.000400000035597,4.0171000000236745,4.032600000023649,4.049800000011828,4.066200000047502,4.082900000035579,4.099499999999807,4.116200000047684,4.133700000047611,4.149900000035586,4.166100000023789,4.1829000000357155,4.200400000035643,4.216600000023618,4.232700000047544,4.249800000011874,4.266200000047547,4.2829000000356245,4.299499999999853,4.316400000035628,4.332999999999856,4.349600000023656,4.366300000011734,4.382900000035761,4.400300000011839,4.4163000000119155,4.4329000000357155,4.449900000035541,4.466600000023618,4.482999999999947]",0.016650929,0.000463269,270.0,left,1.0,,,,,,2.0,0.0,12.0,0.5,-5.483921975,-1.0,0.555308497,-0.895972869,10.0,-0.004363323,0.356575755,0.034939804,0.084929929,0.233599272,6.0,1.470966966,-0.198334843,25.0,0.001745329,0.371739039,0.031180836,0.079221418,0.176784845,4.0,2.354552799,0.99999461,3.0,0.001745329,0.342027877,0.030569748,0.094119191,0.219456558,8.0,1.37884655,-0.374539018,54.0,-0.000872665,0.390632361,0.034931933,0.073298853,0.195852464,4.0,3.130679268,0.021825039,90.0,-0.005235988,0.41932645,0.033694537,0.059919896,0.18718849,4.0,0.090840919,-0.180683986,50.0,-0.003490659,0.388365859,0.031859869,0.061653869,0.235670302,6.0,0.761526239,-0.998860479,56.0,0.002617994,0.391878159,0.037400891,0.06461151,0.256914973,6.0,1.378510806,-0.375161544,1.0,-0.007853982,0.332308035,0.049961894,0.10302439,0.316973442,6.0,0.723093719,-0.992246353,33.0,-0.006108652,0.377230834,0.032847101,0.067598606,0.249691544,6.0,1.236258166,-0.620261723,86.0,-0.01134464,0.414570186,0.03611148,0.064685839,0.099529567,3.0,0.551959429,-0.892978091,7.0,-0.003490659,0.352071506,0.033456274,0.080650645,0.190019159,6.0,0.893537675,-0.976702719,12.0,0.006981317,0.359228273,0.039160557,0.080955667,0.284615847,7.0,,,,,,,0.6051,,0.0,17.0,17.0,17.0,1.0,,,,,,,,,,,,,,,,,,,,,,,,,,,,0
S070,2,2024-11-21_13h14.36.924,MotivatedInference,2024.1.5,Win32,60.24096386,668be8e87e83611e680fb3ab,{{%SESSION_ID%},Chrome,,,,,,,,,,,,,,,,,,,,,,,,,,,,,,-1.0,,,,,,,,6.0,,,,,,,,,conditions/conds_177.csv,4.0,0.0,,,,,,,,,1595.6384,1598.7379,"[0.003200000047627327,0.015800000011950033,0.032500000000027285,0.049100000023827306,0.06649999999990541,0.08240000003570458,0.0999000000358592,0.11650000000008731,0.13260000002378547,0.14910000002396373,0.16590000003589012,0.18270000004758913,0.1992000000477674,0.21600000000012187,0.2326000000239219,0.24900000000002365,0.2671000000239019,0.28270000004772555,0.29920000004767644,0.31580000001190456,0.3324999999999818,0.34950000000003456,0.3659000000357082,0.38249999999993634,0.39920000004781286,0.4159000000358901,0.433200000047691,0.4500000000000455,0.4658000000119955,0.48250000000007276,0.4991000000238728,0.51580000001195,0.5326000000238764,0.5491000000238273,0.5658000000119046,0.5823000000118554,0.5991000000237818,0.6154000000358337,0.6324999999999363,0.6498000000119646,0.665800000012041,0.6825000000001182,0.6993000000120446,0.7160000000001219,0.7324000000357955,0.7491000000238728,0.7659000000357992,0.7825000000000273,0.7991000000238273,0.8158000000119046,0.8324000000357046,0.849200000047631,0.8659000000357082,0.8824999999999363,0.8992000000478129,0.9159000000358901,0.9323000000119919,0.9499000000357682,0.9664999999999964,0.9828000000120483,0.9997000000475964,1.01580000001195,1.0334000000357264,1.0494000000358028,1.0662000000477292,1.0824000000357046,1.0991000000237818,1.115800000011859,1.1324999999999363,1.1492000000478129,1.165800000012041,1.1825000000001182,1.1991000000239183,1.2159000000358446,1.232600000023922,1.2495000000001255,1.2661000000239255,1.28240000003575,1.2989999999999782,1.3159000000357537,1.3324000000357046,1.3491000000237818,1.365800000011859,1.3824999999999363,1.3993000000118627,1.415800000012041,1.4325000000001182,1.4492000000477674,1.4658000000119955,1.4825000000000728,1.4991000000238728,1.51580000001195,1.53240000003575,1.5491000000238273,1.5667000000476037,1.5833000000118318,1.599200000047631,1.615800000011859,1.6324000000358865,1.6491000000239637,1.6664000000357646,1.6828000000118664,1.6992000000477674,1.7158000000119955,1.7324000000357955,1.749200000047722,1.76580000001195,1.782900000035852,1.7991000000238273,1.8162000000477292,1.8324000000357046,1.849200000047631,1.865800000011859,1.8824999999999363,1.8998000000119646,1.916600000023891,1.933200000047691,1.950300000012021,1.9662000000475928,1.982600000023922,1.999200000047722,2.01580000001195,2.0325000000000273,2.0491000000238273,2.0657000000476273,2.0822000000478056,2.099200000047631,2.1157000000478092,2.1324000000358865,2.1491000000239637,2.1657000000477638,2.1825000000001182,2.1991000000239183,2.2158000000119955,2.2325000000000728,2.249100000023873,2.265900000035799,2.2826000000238764,2.2991000000238273,2.315600000023778,2.3324000000357046,2.349100000023782,2.365800000011859,2.3824999999999363,2.3989000000358374,2.415800000012041,2.4326000000239674,2.4491000000239183,2.4657000000477183,2.4824000000357955,2.4998000000118736,2.51580000001195,2.5325000000000273,2.5491000000238273,2.5658000000119046,2.5824000000357046,2.599200000047631,2.6157000000478092,2.633700000047611,2.649600000023838,2.6663000000119155,2.6826000000239674,2.6991000000239183,2.7166000000238455,2.732200000047669,2.749100000023873,2.765700000047673,2.7833000000118773,2.79950000000008,2.8158000000119046,2.8324000000357046,2.849100000023782,2.865800000011859,2.8824000000358865,2.8991000000239637,2.9157000000477638,2.932400000035841,2.949000000000069,2.9659000000358446,2.9825000000000728,2.999100000023873,3.0160000000000764,3.03240000003575,3.048999999999978,3.0658000000119046,3.0823000000118554,3.099200000047631]",0.016645161,0.000462698,187.0,left,1.0,,,,,,1.0,0.0,8.0,0.5,4.214368075,1.0,2.929897617,0.410853543,97.0,0.006981317,0.43254107,0.031598025,0.077611504,0.241207486,6.0,2.041961709,0.808930563,25.0,0.001745329,0.371739039,0.031180836,0.079221418,0.176784845,4.0,0.485583038,-0.825544335,88.0,0.001745329,0.416906428,0.03407937,0.068935353,0.194962658,5.0,2.377570578,0.999086265,59.0,0.006981317,0.393731017,0.031135395,0.06163787,0.205460115,5.0,2.375916151,0.999222213,56.0,0.002617994,0.391878159,0.037400891,0.06461151,0.256914973,6.0,2.071472456,0.842200843,27.0,-0.002617994,0.373032979,0.031793157,0.076653108,0.191027089,4.0,1.687969803,0.232207837,18.0,-0.008726646,0.365457086,0.031782524,0.075683607,0.153768306,4.0,2.719514285,0.747411146,14.0,-0.004363323,0.361562951,0.033827978,0.08680928,0.200727788,5.0,0.0,0.0,0.0,0.0,0.0,0.0,0.0,0.0,0.0,0.0,0.0,0.0,0.0,0.0,0.0,0.0,0.0,0.0,0.0,0.0,0.0,0.0,0.0,0.0,0.0,0.0,0.0,0.0,0.0,0.0,0.0,0.0,0.0,0.0,0.0,0.0,,,,,,,0.6023,,0.0,18.0,18.0,18.0,1.0,,,,,,,,,,,,,,,,,,,,,,,,,,,,0
S070,2,2024-11-21_13h14.36.924,MotivatedInference,2024.1.5,Win32,60.24096386,668be8e87e83611e680fb3ab,{{%SESSION_ID%},Chrome,,,,,,,,,,,,,,,,,,,,,,,,,,,,,,-1.0,,,,,,,,9.0,,,,,,,,,conditions/conds_177.csv,4.0,0.0,,,,,,,,,1600.3545,1604.8543,"[0.003699999987929914,0.016699999988077252,0.03289999997605264,0.04969999998797903,0.06630000001177905,0.0833000000118318,0.09960000002365632,0.11630000001173357,0.13369999998803905,0.1498000000117372,0.16619999998806634,0.18399999999996908,0.20039999997607083,0.21710000002371999,0.2336999999879481,0.24989999997615087,0.265999999999849,0.2829999999999018,0.299699999987979,0.31630000001177905,0.33289999997600717,0.34969999998793355,0.3663999999760108,0.3829999999998108,0.39989999997601444,0.41630000001191547,0.4329999999999927,0.44960000002379275,0.46630000001187,0.48349999999982174,0.5003999999760254,0.5163000000118245,0.5331000000237509,0.5503999999759799,0.5664999999999054,0.5826999999878808,0.5994999999998072,0.6161999999878844,0.6328999999759617,0.6498000000117372,0.6663999999759653,0.6828999999761436,0.70049999999992,0.71710000002372,0.7329999999999472,0.7506999999880009,0.7661999999879754,0.7829999999999018,0.8003000000117027,0.816300000011779,0.8329999999998563,0.8496999999879336,0.8669999999999618,0.8829999999998108,0.8996000000238382,0.9163000000119155,0.9329999999999927,0.9503000000117936,0.9669999999998709,0.9828999999760981,0.9996000000237473,1.0163000000118245,1.0328999999760526,1.0496000000237018,1.0663999999760563,1.0828999999760072,1.0996000000236563,1.1163999999760108,1.133699999988039,1.1498999999760144,1.1663000000119155,1.1838000000118427,1.199800000011919,1.2161999999880209,1.2329999999999472,1.2496000000237473,1.265999999999849,1.2829999999999018,1.2996000000237018,1.3161000000236527,1.3329999999998563,1.3496000000236563,1.3661999999878844,1.3828999999759617,1.3996000000238382,1.4161999999880663,1.4328999999761436,1.44969999998807,1.46630000001187,1.4828999999760981,1.4996000000237473,1.5163000000118245,1.5328999999760526,1.5498000000118282,1.566300000011779,1.5828999999760072,1.5996000000236563,1.6163000000117336,1.6329999999998108,1.6496000000238382,1.6663000000119155,1.6828999999761436,1.6996000000237927,1.71630000001187,1.7329999999999472,1.7496000000237473,1.7661999999879754,1.7829999999999018,1.7996000000237018,1.816300000011779,1.8328999999760072,1.8496000000236563,1.8663000000117336,1.8828999999759617,1.8996000000238382,1.9163000000119155,1.9328999999761436,1.9496000000237927,1.9669999999998709,1.9826000000236945,1.9996000000237473,2.0161999999879754,2.0336999999879026,2.049600000023702,2.066300000011779,2.0829999999998563,2.0996000000236563,2.1161999999878844,2.133600000023762,2.149699999987888,2.1663999999759653,2.1836999999879936,2.2001000000236672,2.216199999988021,2.232800000011821,2.249499999999898,2.2663000000118245,2.2828999999760526,2.299600000023702,2.3163999999760563,2.332899999976007,2.3496000000236563,2.366999999999962,2.38310000002366,2.399600000023838,2.4163000000119155,2.4328999999761436,2.4503000000117936,2.466999999999871,2.4831000000237964,2.4996000000237473,2.5163000000118245,2.5336000000236254,2.5499999999999545,2.566300000011779,2.582899999976007,2.599499999999807,2.6163000000117336,2.6328999999759617,2.649600000023838,2.6663999999759653,2.6828999999761436,2.699999999999818,2.71630000001187,2.732899999976098,2.7496000000237473,2.7663000000118245,2.7836999999879026,2.799600000023702,2.816300000011779,2.8329999999998563,2.8496999999879336,2.866399999976011,2.882999999999811,2.899499999999989,2.916100000023789,2.9328999999761436,2.9496000000237927,2.966199999988021,2.982899999976098,3.000300000011748,3.017300000011801,3.0328999999760526,3.049600000023702,3.06619999998793,3.082899999976007,3.0996999999879336,3.116600000023709,3.1328999999759617,3.149499999999989,3.1669999999999163,3.1829999999999927,3.199899999975969,3.2164999999999964,3.2338999999760745,3.2496000000237473,3.2671000000236745,3.2833000000118773,3.299600000023702,3.316300000011779,3.3329999999998563,3.3496000000236563,3.366399999976011,3.382999999999811,3.399600000023838,3.416100000023789,3.4328000000118664,3.450399999976071,3.4668999999760217,3.482899999976098,3.4996000000237473,3.5161999999879754,3.533100000023751,3.549699999987979,3.566300000011779,3.582899999976007,3.6006000000236327,3.6161999999878844,3.6328999999759617,3.649699999987888,3.6663000000119155,3.6828999999761436,3.6996000000237927,3.7163999999761472,3.7329999999999472,3.7496000000237473,3.7661999999879754,3.7828999999760526,3.799600000023702,3.81619999998793,3.832899999976007,3.8496000000236563,3.8661999999878844,3.882800000011912,3.899499999999989,3.9163000000119155,3.9328999999761436,3.9494999999999436,3.966999999999871,3.982899999976098,3.999499999999898,4.016199999987975,4.033499999999776,4.049499999999853,4.066300000011779,4.082899999976007,4.0996999999879336,4.116199999987884,4.132899999975962,4.149600000023838,4.166199999988066,4.183699999987994,4.200600000023769,4.21630000001187,4.233199999988074,4.249899999976151,4.2663000000118245,4.282899999976053,4.299600000023702,4.31619999998793,4.33280000001173,4.349600000023656,4.366300000011734,4.382999999999811,4.399600000023838,4.416199999988066,4.432899999976144,4.450399999976071,4.466999999999871,4.482899999976098,4.499499999999898]",0.016651111,0.000437563,271.0,left,1.0,,,,,,1.0,0.0,12.0,0.5,1.352318335,1.0,2.976313774,0.324570641,54.0,-0.000872665,0.390632361,0.034931933,0.073298853,0.195852464,4.0,2.673432932,0.805381887,51.0,-0.000872665,0.388957543,0.039197552,0.074659583,0.215725836,5.0,2.255308426,0.979712972,7.0,-0.003490659,0.352071506,0.033456274,0.080650645,0.190019159,6.0,0.785603586,-0.999999916,20.0,0.004363323,0.367239871,0.029881231,0.073743484,0.121468441,4.0,2.006426857,0.765141494,25.0,0.001745329,0.371739039,0.031180836,0.079221418,0.176784845,4.0,2.254121908,0.979234643,9.0,0.01134464,0.355140301,0.038458273,0.073668072,0.274720221,7.0,2.944478687,0.38409546,3.0,0.001745329,0.342027877,0.030569748,0.094119191,0.219456558,8.0,0.330705397,-0.614230758,59.0,0.006981317,0.393731017,0.031135395,0.06163787,0.205460115,5.0,0.7731383,-0.999699407,9.0,0.01134464,0.355140301,0.038458273,0.073668072,0.274720221,7.0,0.752901259,-0.997888646,64.0,-0.012217305,0.396824946,0.026418425,0.079335183,0.168726505,6.0,0.044601625,-0.089084996,47.0,-0.003490659,0.386485672,0.032547094,0.064121381,0.201087455,6.0,2.047234241,0.815084959,17.0,-0.004363323,0.364429878,0.03744875,0.082879054,0.20378895,5.0,,,,,,,0.7522,,0.0,19.0,19.0,19.0,1.0,,,,,,,,,,,,,,,,,,,,,,,,,,,,0
S070,2,2024-11-21_13h14.36.924,MotivatedInference,2024.1.5,Win32,60.24096386,668be8e87e83611e680fb3ab,{{%SESSION_ID%},Chrome,,,,,,,,,,,,,,,,,,,,,,,,,,,,,,-1.0,,,,,,,,11.0,,,,,,,,,conditions/conds_177.csv,4.0,0.0,,,,,,,,,1606.621,1611.0708,"[0.0038999999760562787,0.016699999988077252,0.032999999999901775,0.04969999998797903,0.06639999997605628,0.08289999997600717,0.09980000001178269,0.11630000001196095,0.13310000002388733,0.14989999997601444,0.16630000001191547,0.1828999999761436,0.19939999997609448,0.21639999997614723,0.23299999999994725,0.2496999999880245,0.2663000000118245,0.2831000000237509,0.299699999987979,0.31630000001177905,0.3329999999998563,0.34950000000003456,0.36630000001196095,0.3830000000000382,0.39969999998811545,0.4163999999761927,0.43310000002384186,0.45039999997607083,0.46710000002372,0.4828999999760981,0.4996999999880245,0.5163000000118245,0.5328000000117754,0.5508999999760817,0.566300000011779,0.5829999999998563,0.5996999999879336,0.616300000011961,0.6326999999880627,0.6496000000238382,0.6663000000119155,0.6831000000238419,0.69969999998807,0.7163999999761472,0.7335000000000491,0.7496999999880245,0.7664999999999509,0.7829999999999018,0.799699999987979,0.8166000000237545,0.8328999999760072,0.8496999999879336,0.8663999999760108,0.8828999999761891,0.8996999999881155,0.9163000000119155,0.9336999999879936,0.9506000000237691,0.96630000001187,0.9831000000237964,0.9996999999880245,1.0163000000118245,1.0329999999999018,1.049699999987979,1.066300000011779,1.0829999999998563,1.0996999999879336,1.116300000011961,1.1330000000000382,1.1496999999881155,1.1661999999880663,1.1836999999879936,1.2003000000117936,1.21630000001187,1.2328999999760981,1.2496999999880245,1.2663000000118245,1.2829999999999018,1.299699999987979,1.3163999999760563,1.3329999999998563,1.3495000000000346,1.3669999999999618,1.3838000000118882,1.4001000000237127,1.41680000001179,1.4329999999999927,1.4501999999879445,1.46630000001187,1.4829999999999472,1.4996000000237473,1.5168000000119264,1.5329999999999018,1.549699999987979,1.5663999999760563,1.5829999999998563,1.5996999999879336,1.616300000011961,1.6330000000000382,1.6496000000238382,1.6663999999761927,1.683199999988119,1.7003000000117936,1.7171999999879972,1.7329999999999472,1.7496999999880245,1.7663000000118245,1.7829999999999018,1.799699999987979,1.816300000011779,1.8329999999998563,1.8498000000117827,1.866300000011961,1.8831000000238873,1.8996000000238382,1.9163000000119155,1.9336000000237163,1.9503999999760708,1.96630000001187,1.9828999999760981,2.0004999999998745,2.0163999999761018,2.0338000000117518,2.0503999999762073,2.0671000000238564,2.082899999976007,2.0998000000117827,2.1168000000118354,2.1333999999760636,2.1498999999760144,2.167300000011892,2.183100000023842,2.1996000000237927,2.21630000001187,2.2329999999999472,2.2496000000237473,2.2663000000118245,2.2829999999999018,2.299600000023702,2.316300000011779,2.3329999999998563,2.3496000000238837,2.366300000011961,2.383800000011888,2.3998000000119646,2.4163000000119155,2.4329999999999927,2.44969999998807,2.4673000000118464,2.4829999999999472,2.499499999999898,2.5163000000118245,2.533100000023751,2.549600000023702,2.566300000011779,2.5829999999998563,2.5996999999879336,2.616300000011961,2.632899999976189,2.649600000023838,2.6663000000119155,2.6836999999879936,2.700600000023769,2.7163999999761472,2.7329999999999472,2.7498000000118736,2.766499999999951,2.7828999999760526,2.7993999999760035,2.81619999998793,2.8329999999998563,2.8496000000238837,2.866300000011961,2.8838999999761654,2.8996999999881155,2.9163000000119155,2.9328999999761436,2.9503000000117936,2.966800000011972,2.9829999999999472,3.0003999999760254,3.0163000000118245,3.033100000023751,3.049699999987979,3.0663999999760563,3.0829999999998563,3.0993999999761854,3.116300000011961,3.133000000000038,3.149600000023838,3.1661999999880663,3.1829999999999927,3.1996000000237927,3.2163999999761472,3.2329999999999472,3.2496999999880245,3.2663000000118245,3.28369999998813,3.2998999999761054,3.316300000011779,3.3331000000237054,3.3496000000238837,3.366999999999962,3.3833000000117863,3.39939999997614,3.4163999999761927,3.4328999999761436,3.4496000000237927,3.46630000001187,3.482899999976098,3.4993000000117718,3.5163000000118245,3.5329999999999018,3.5494999999998527,3.566300000011779,3.5838999999759835,3.600399999976162,3.616300000011961,3.632899999976189,3.6496999999881155,3.6661999999880663,3.6836000000237163,3.7000000000000455,3.7168999999760217,3.732899999976098,3.7496000000237473,3.767300000011801,3.7833999999761545,3.799600000023702,3.816300000011779,3.8329999999998563,3.8496000000238837,3.866300000011961,3.883000000000038,3.899600000023838,3.915899999976091,3.9329999999999927,3.94969999998807,3.96630000001187,3.983500000000049,4.0004999999998745,4.016199999987975,4.033100000023751,4.05030000001193,4.066300000011779,4.082899999976007,4.099399999976185,4.116199999988112,4.133000000000038,4.149600000023838,4.1663000000119155,4.182899999976144,4.200300000011794,4.217699999988099,4.232899999976098,4.250399999976025,4.2663000000118245,4.282899999976053,4.299800000011828,4.31619999998793,4.333600000023807,4.349800000011783,4.366300000011961,4.382899999976189,4.399499999999989,4.4163000000119155,4.433600000023716,4.449600000023793]",0.016650562,0.000459145,268.0,left,1.0,,,,,,2.0,0.0,12.0,0.5,-5.483921975,-1.0,0.555308497,-0.895972869,10.0,-0.004363323,0.356575755,0.034939804,0.084929929,0.233599272,6.0,1.470966966,-0.198334843,25.0,0.001745329,0.371739039,0.031180836,0.079221418,0.176784845,4.0,2.354552799,0.99999461,3.0,0.001745329,0.342027877,0.030569748,0.094119191,0.219456558,8.0,1.37884655,-0.374539018,54.0,-0.000872665,0.390632361,0.034931933,0.073298853,0.195852464,4.0,3.130679268,0.021825039,90.0,-0.005235988,0.41932645,0.033694537,0.059919896,0.18718849,4.0,0.090840919,-0.180683986,50.0,-0.003490659,0.388365859,0.031859869,0.061653869,0.235670302,6.0,0.761526239,-0.998860479,56.0,0.002617994,0.391878159,0.037400891,0.06461151,0.256914973,6.0,1.378510806,-0.375161544,1.0,-0.007853982,0.332308035,0.049961894,0.10302439,0.316973442,6.0,0.723093719,-0.992246353,33.0,-0.006108652,0.377230834,0.032847101,0.067598606,0.249691544,6.0,1.236258166,-0.620261723,86.0,-0.01134464,0.414570186,0.03611148,0.064685839,0.099529567,3.0,0.551959429,-0.892978091,7.0,-0.003490659,0.352071506,0.033456274,0.080650645,0.190019159,6.0,0.893537675,-0.976702719,12.0,0.006981317,0.359228273,0.039160557,0.080955667,0.284615847,7.0,,,,,,,0.4859,,0.0,20.0,20.0,20.0,1.0,,,,,,,,,,,,,,,,,,,,,,,,,,,,0
S070,2,2024-11-21_13h14.36.924,MotivatedInference,2024.1.5,Win32,60.24096386,668be8e87e83611e680fb3ab,{{%SESSION_ID%},Chrome,,,,,,,,,,,,,,,,,,,,,,,,,,,,,,-1.0,,,,,,,,7.0,,,,,,,,,conditions/conds_177.csv,4.0,0.0,,,,,,,,,1612.5389,1615.6373,"[0.002900000035879202,0.018900000035728226,0.032400000035750054,0.05220000004783287,0.06570000004762733,0.08500000000003638,0.09860000002390734,0.1150000000000091,0.13690000003589375,0.14880000001198823,0.16510000002381275,0.18170000004784015,0.1984000000359174,0.21500000000014552,0.23170000004779467,0.2483000000120228,0.26500000000010004,0.2817000000477492,0.30330000001208646,0.3159000000357537,0.3345000000001619,0.35180000001196277,0.36580000001208646,0.38550000000009277,0.39920000004781286,0.4187000000476928,0.43180000001189,0.4487000000476655,0.4684000000358992,0.48240000003579553,0.5018000000120537,0.5157000000476728,0.5364000000358828,0.5499000000359047,0.5651000000239037,0.5864000000358374,0.5991000000237818,0.6187000000477383,0.6322000000477601,0.6510000000000673,0.6651000000238128,0.6847000000477692,0.7010000000000218,0.7151000000239947,0.735600000023851,0.7487000000478474,0.7681000000238782,0.7818000000120264,0.8016000000238819,0.8157000000476273,0.8345000000001619,0.8486000000239073,0.8659000000357082,0.8862000000476655,0.8988000000119882,0.9194999999999709,0.9317000000478401,0.9512000000477201,0.9650000000001455,0.9816000000239455,0.9983000000120228,1.0149000000358228,1.0326000000238764,1.0515000000000327,1.0687000000477838,1.0817000000477037,1.10140000003571,1.1154000000358337,1.1348000000118645,1.1483000000118864,1.1691000000239455,1.1819000000357391,1.198200000047791,1.2179000000357973,1.23490000003585,1.25280000001203,1.2659000000357992,1.2854999999999563,1.2991000000238273,1.3181000000238328,1.3324999999999818,1.35140000003571,1.3658000000120865,1.3847000000478147,1.4039000000357191,1.415800000012041,1.4355000000000473,1.4484999999999673,1.4679000000357973,1.48210000002382,1.5017000000477765,1.5154000000359247,1.5353000000120574,1.5492000000476764,1.5695000000000618,1.5821000000239565,1.6010000000001128,1.6149000000357319,1.6317000000476582,1.6483000000118864,1.6649999999999636,1.6848000000120464,1.6984000000359174,1.7191000000239,1.7367000000476764,1.7490000000000236,1.7681000000238782,1.78240000003575,1.8016000000238819,1.8155000000001564,1.8359000000357355,1.8487000000477565,1.8690000000001419,1.8816000000238091,1.901400000035892,1.91800000000012,1.9317000000478401,1.9534000000357992,1.9658000000119955,1.9847000000477237,1.9982000000477456,2.018500000000131,2.0362000000477565,2.0483000000119773,2.069600000023911,2.0860000000000127,2.101200000047811,2.114900000035732,2.132000000000062,2.1484000000357355,2.1649999999999636,2.18460000002392,2.1983000000120683,2.2150000000001455,2.2316000000239455,2.2482000000477456,2.265900000035799,2.2861000000239073,2.298999999999978,2.31890000003591,2.3324000000357046,2.351300000011861,2.364900000035732,2.3859000000359174,2.3983000000118864,2.4191000000239455,2.4355000000000473,2.4514000000358465,2.4679000000357973,2.4824000000357955,2.501400000035801,2.514900000035823,2.531500000000051,2.548700000047802,2.5698000000120373,2.5821000000239565,2.601900000035812,2.615500000000111,2.6368000000120446,2.6482000000478365,2.669400000035921,2.68180000001189,2.701000000000022,2.7150000000001455,2.73780000001193,2.753700000047729,2.767900000035752,2.7816000000239,2.8010000000001583,2.8158000000119046,2.8364000000358374,2.849200000047631,2.86920000004784,2.882100000023911,2.902700000047844,2.9155000000000655,2.934500000000071,2.9483000000120683,2.9651000000239947,2.9859000000358265,2.9990000000000236,3.0150000000001,3.0316000000239,3.0532000000478092,3.0657000000476273,3.084700000047633,3.098300000011932]",0.016641935,0.002960468,187.0,left,0.0,,,,,,2.0,0.0,8.0,0.5,-0.889908369,1.0,2.329362908,0.998560478,11.0,-0.013089969,0.357861323,0.044486954,0.075207378,0.243622836,5.0,0.641002871,-0.95858901,34.0,-0.01134464,0.377900669,0.035623555,0.066078969,0.222301383,5.0,2.963856834,0.348032557,4.0,0.001745329,0.345391377,0.044661649,0.086491224,0.292502374,6.0,2.599276507,0.884131668,33.0,-0.006108652,0.377230834,0.032847101,0.067598606,0.249691544,6.0,1.216539105,-0.650706463,55.0,-0.003490659,0.391280598,0.028194872,0.063513844,0.18961797,6.0,0.110527347,-0.219258774,86.0,-0.01134464,0.414570186,0.03611148,0.064685839,0.099529567,3.0,1.042364899,-0.87081753,84.0,-0.002617994,0.412727296,0.032139903,0.078825818,0.191863964,5.0,1.353378533,-0.421261294,14.0,-0.004363323,0.361562951,0.033827978,0.08680928,0.200727788,5.0,0.0,0.0,0.0,0.0,0.0,0.0,0.0,0.0,0.0,0.0,0.0,0.0,0.0,0.0,0.0,0.0,0.0,0.0,0.0,0.0,0.0,0.0,0.0,0.0,0.0,0.0,0.0,0.0,0.0,0.0,0.0,0.0,0.0,0.0,0.0,0.0,,,,,,,0.7344,,0.0,21.0,21.0,21.0,1.0,,,,,,,,,,,,,,,,,,,,,,,,,,,,0
S070,2,2024-11-21_13h14.36.924,MotivatedInference,2024.1.5,Win32,60.24096386,668be8e87e83611e680fb3ab,{{%SESSION_ID%},Chrome,,,,,,,,,,,,,,,,,,,,,,,,,,,,,,-1.0,,,,,,,,3.0,,,,,,,,,conditions/conds_177.csv,4.0,0.0,,,,,,,,,1617.3594,1619.0734,"[0.0015000000000782165,0.014900000035822814,0.03050000000007458,0.044400000035693665,0.06360000002382549,0.07780000001184817,0.09940000003575733,0.11130000001185181,0.13260000002378547,0.14510000002383094,0.1647000000477874,0.17870000004768372,0.19440000003578461,0.21560000002386914,0.22840000003589012,0.24790000003577006,0.26500000000010004,0.28090000003567184,0.29690000003574823,0.31180000001199915,0.3324999999999818,0.3444999999999254,0.3641000000238819,0.37780000001203007,0.39430000001198096,0.4147000000477874,0.42849999999998545,0.44849999999996726,0.4618000000118627,0.4777000000476619,0.4972000000477692,0.5142000000475946,0.5277000000476164,0.5451000000239219,0.5648000000119282,0.5806000000238782,0.5944999999999254,0.6119000000358028,0.6324000000358865,0.64810000002376,0.66390000003571,0.6803000000120392,0.6991000000239183,0.7118000000118627,0.7311000000238437,0.7452000000475891,0.7612000000476655,0.7808000000118227,0.7996000000239292,0.8115000000000236,0.8330000000000837,0.8444999999999254,0.8667000000477856,0.8779999999999291,0.8972000000476328,0.91599999999994,0.9284999999999854,0.9474000000357137,0.9664000000357191,0.9779000000357883,0.9967000000476673,1.0117000000477674,1.0314000000357737,1.048900000035701,1.0613000000118973,1.0806000000238782,1.0944000000358756,1.1151000000238582,1.128500000000031,1.1478000000120119,1.1612000000477565,1.1804999999999382,1.1949999999999363,1.2139000000356646,1.228600000023789,1.2496000000237473,1.26090000003569,1.2809000000356718,1.2970000000000255,1.31120000004762,1.3322000000478056,1.3483000000119318,1.3638000000119064,1.3777000000477528,1.3982000000476091,1.4152000000476619,1.4286000000238346,1.4474000000357137,1.4670000000000982,1.4784000000358901,1.4974000000356682,1.5119000000356664,1.5319999999999254,1.5448000000119464,1.5642000000477765,1.5777000000477983,1.5950000000000273,1.6146000000237564,1.6277000000477528,1.6488000000119882,1.6619000000357573,1.6809000000357628,1.6952000000476346,1.7139000000356646]",0.016625243,0.003084686,104.0,right,1.0,,,,,,2.0,0.0,4.0,0.5,-2.389272681,1.0,1.68108606,0.218795086,95.0,-0.003490659,0.427246221,0.028411926,0.064304978,0.203029515,6.0,0.646589496,-0.961711173,51.0,-0.000872665,0.388957543,0.039197552,0.074659583,0.215725836,5.0,0.474111259,-0.812380289,79.0,-0.004363323,0.40793127,0.02386995,0.059748747,0.165450333,7.0,0.493137493,-0.833976306,80.0,0.000872665,0.408817555,0.034279956,0.069360427,0.160822937,4.0,0.0,0.0,0.0,0.0,0.0,0.0,0.0,0.0,0.0,0.0,0.0,0.0,0.0,0.0,0.0,0.0,0.0,0.0,0.0,0.0,0.0,0.0,0.0,0.0,0.0,0.0,0.0,0.0,0.0,0.0,0.0,0.0,0.0,0.0,0.0,0.0,0.0,0.0,0.0,0.0,0.0,0.0,0.0,0.0,0.0,0.0,0.0,0.0,0.0,0.0,0.0,0.0,0.0,0.0,0.0,0.0,0.0,0.0,0.0,0.0,0.0,0.0,0.0,0.0,0.0,0.0,0.0,0.0,0.0,0.0,0.0,0.0,,,,,,,0.6336,,0.0,22.0,22.0,22.0,1.0,,,,,,,,,,,,,,,,,,,,,,,,,,,,0
S070,2,2024-11-21_13h14.36.924,MotivatedInference,2024.1.5,Win32,60.24096386,668be8e87e83611e680fb3ab,{{%SESSION_ID%},Chrome,,,,,,,,,,,,,,,,,,,,,,,,,,,,,,-1.0,,,,,,,,1.0,,,,,,,,,conditions/conds_177.csv,4.0,0.0,,,,,,,,,1620.7078,1622.4103,"[0.0018000000118263415,0.01709999996432998,0.03239999997617815,0.04600000000004911,0.06689999997615814,0.07939999997620362,0.09869999998818457,0.11769999998796266,0.12980000001198277,0.1500999999641408,0.16319999998813728,0.17930000001183544,0.19589999997606355,0.21789999997622544,0.22980000001189183,0.24880000001189728,0.2625000000000455,0.28209999996420265,0.2960000000000491,0.3168000000118809,0.33009999996420447,0.3458999999761545,0.36630000001196095,0.380099999964159,0.39939999997613995,0.4169999999999163,0.4300999999643409,0.44989999997619634,0.46359999996434453,0.4839999999999236,0.4968000000119446,0.5154999999999745,0.5293000000119719,0.5501999999880809,0.5634999999999764,0.5826999999881082,0.6001999999880354,0.6133999999760817,0.6325999999642136,0.6460999999642354,0.6666999999881682,0.6798999999762145,0.7000000000000455,0.7133999999762182,0.7321999999880973,0.7460000000000946,0.7663000000118245,0.7789999999999964,0.7986999999880027,0.8128999999762527,0.8321999999880063,0.8495000000000346,0.8626999999880809,0.8818999999762127,0.89650000000006,0.9153999999762163,0.9293000000118354,0.9458999999760636,0.9625999999641408,0.9801999999881446,1.0009999999999764,1.012800000012021,1.0325000000000273,1.0485999999641535,1.0625999999642772,1.0793000000119264,1.0958999999761545,1.1165000000000873,1.1300000000001091,1.1516999999880682,1.1631999999881373,1.182599999964168,1.1959999999999127,1.2156999999881464,1.2315000000000964,1.2458999999762455,1.2623999999761963,1.2791999999881227,1.296800000011899,1.3126999999881264,1.3293000000119264,1.34909999996421,1.3669999999999618,1.3833000000120137,1.3989999999998872,1.4126999999880354,1.4318999999761672,1.4465000000000146,1.4655999999642972,1.4791999999881682,1.49919999998815,1.5165999999642281,1.5338999999762564,1.5463999999760745,1.566000000000031,1.5798000000120282,1.5985999999643354,1.613599999964208,1.6324999999999363,1.6465999999643373,1.6669999999999163,1.6800000000000637,1.7023000000119737]",0.016671569,0.002933524,103.0,left,0.0,,,,,,1.0,0.0,4.0,0.5,-0.010594618,-1.0,1.807089953,0.455191479,90.0,-0.005235988,0.41932645,0.033694537,0.059919896,0.18718849,4.0,1.551825873,-0.037931805,38.0,-0.004363323,0.380540373,0.035789754,0.080850361,0.267900983,7.0,1.816670412,0.472167637,47.0,-0.003490659,0.386485672,0.032547094,0.064121381,0.201087455,6.0,1.010886414,-0.900021929,25.0,0.001745329,0.371739039,0.031180836,0.079221418,0.176784845,4.0,0.0,0.0,0.0,0.0,0.0,0.0,0.0,0.0,0.0,0.0,0.0,0.0,0.0,0.0,0.0,0.0,0.0,0.0,0.0,0.0,0.0,0.0,0.0,0.0,0.0,0.0,0.0,0.0,0.0,0.0,0.0,0.0,0.0,0.0,0.0,0.0,0.0,0.0,0.0,0.0,0.0,0.0,0.0,0.0,0.0,0.0,0.0,0.0,0.0,0.0,0.0,0.0,0.0,0.0,0.0,0.0,0.0,0.0,0.0,0.0,0.0,0.0,0.0,0.0,0.0,0.0,0.0,0.0,0.0,0.0,0.0,0.0,,,,,,,0.6346,,0.0,23.0,23.0,23.0,1.0,,,,,,,,,,,,,,,,,,,,,,,,,,,,0
S070,2,2024-11-21_13h14.36.924,MotivatedInference,2024.1.5,Win32,60.24096386,668be8e87e83611e680fb3ab,{{%SESSION_ID%},Chrome,,,,,,,,,,,,,,,,,,,,,,,,,,,,,,0.0,,,,,,,,4.0,,,,,,,,,conditions/conds_177.csv,4.0,0.0,,,,,,,,,1625.7708,1627.4707,"[0.003499999999803549,0.015999999999849024,0.03280000001177541,0.04959999996412989,0.06719999998790627,0.08449999999993452,0.09999999999990905,0.11619999998788444,0.13280000001191183,0.14959999996403894,0.16619999998806634,0.1828999999761436,0.1991999999879681,0.21619999998802086,0.23280000001182088,0.24949999999989814,0.2673000000118009,0.2828000000117754,0.29939999997600353,0.3161999999879299,0.33280000001172994,0.3495999999640844,0.3663000000117336,0.38280000001191183,0.40099999999983993,0.4160999999642172,0.43280000001186636,0.4493999999760945,0.46589999997604536,0.4828000000118209,0.49949999999989814,0.5161999999879754,0.5335999999640535,0.5494999999998527,0.5660999999640808,0.5828000000117299,0.6000999999641863,0.6161999999878844,0.6328999999759617,0.64939999997614,0.6669999999999163,0.6830999999640426,0.6994999999999436,0.71630000001187,0.7329999999999472,0.7493000000117718,0.7663999999761018,0.7828000000117754,0.7993999999760035,0.8160999999640808,0.8328000000117299,0.8493000000119082,0.8666999999879863,0.8828000000119118,0.89939999997614,0.918199999988019,0.9338999999761199,0.9499999999998181,0.9661999999880209,0.9829999999999472,1.0000999999640499,1.0169999999998254,1.0341999999880045,1.050499999999829,1.0659999999998035,1.083399999976109,1.0994999999998072,1.1165999999641372,1.1334999999999127,1.1498999999760144,1.1661999999880663,1.1828000000118664,1.1994999999999436,1.2161999999880209,1.2328000000118209,1.2494999999998981,1.2660999999641263,1.2838000000117518,1.3000999999642318,1.3176999999880081,1.3326999999878808,1.3494999999998072,1.3658999999761363,1.3840999999640644,1.3998999999760144,1.4160999999642172,1.4328000000118664,1.4493999999760945,1.4666999999878954,1.4825999999641226,1.4990999999640735,1.5164999999999509,1.5335999999640535,1.54959999996413,1.5660999999640808,1.5828999999760072,1.6003999999761618,1.6161999999878844,1.6328000000119118,1.649499999999989,1.6660999999642172,1.6833000000117408,1.69969999998807]",0.016629412,0.000728629,103.0,right,0.0,,,,,,2.0,0.0,4.0,0.5,-0.898117059,-1.0,0.106643485,-0.211673525,44.0,-0.006981317,0.384544024,0.027675657,0.071715856,0.246225121,7.0,2.214903794,0.960338855,23.0,0.001745329,0.370048297,0.033576258,0.089212406,0.165879093,5.0,0.652101377,-0.964673904,74.0,-0.002617994,0.403888444,0.032857311,0.06846285,0.186846183,6.0,1.195475244,-0.682108484,36.0,0.002617994,0.379263044,0.03913601,0.077664539,0.168574417,3.0,0.0,0.0,0.0,0.0,0.0,0.0,0.0,0.0,0.0,0.0,0.0,0.0,0.0,0.0,0.0,0.0,0.0,0.0,0.0,0.0,0.0,0.0,0.0,0.0,0.0,0.0,0.0,0.0,0.0,0.0,0.0,0.0,0.0,0.0,0.0,0.0,0.0,0.0,0.0,0.0,0.0,0.0,0.0,0.0,0.0,0.0,0.0,0.0,0.0,0.0,0.0,0.0,0.0,0.0,0.0,0.0,0.0,0.0,0.0,0.0,0.0,0.0,0.0,0.0,0.0,0.0,0.0,0.0,0.0,0.0,0.0,0.0,,,,,,,0.8706,,0.0,24.0,24.0,24.0,1.0,,,,,,,,,,,,,,,,,,,,,,,,,,,,0
S070,2,2024-11-21_13h14.36.924,MotivatedInference,2024.1.5,Win32,60.24096386,668be8e87e83611e680fb3ab,{{%SESSION_ID%},Chrome,,,,,,,,,,,,,,,,,,,,,,,,,,,,,,0.0,,,,,,,,2.0,,,,,,,,,conditions/conds_177.csv,4.0,0.0,,,,,,,,,1629.3215,1631.0547,"[0.0018000000118263415,0.01610000002392553,0.032100000023774555,0.04880000001185181,0.06610000002388006,0.08249999999998181,0.09919999998805906,0.11539999997626182,0.13210000002391098,0.1486999999881391,0.16539999997621635,0.18230000001199187,0.19869999998809362,0.21539999997617088,0.2319999999999709,0.24880000001189728,0.26530000001184817,0.28210000002377456,0.2986999999880027,0.3153999999760799,0.3320000000001073,0.3488000000120337,0.3661000000238346,0.382100000023911,0.3986999999881391,0.4155000000000655,0.4321000000238655,0.4493000000120446,0.46630000001187,0.48210000002382003,0.4984999999999218,0.5153999999761254,0.5319999999999254,0.5488000000118518,0.5653999999760799,0.5820000000001073,0.5996000000238837,0.6159999999999854,0.6320000000000618,0.6486999999881391,0.6655000000000655,0.6820000000000164,0.6996000000237927,0.7153999999761709,0.7319999999999709,0.7486999999880481,0.7654999999999745,0.7826999999881536,0.7986999999880027,0.8153000000120301,0.8321000000239565,0.8488000000120337,0.8653000000119846,0.8820000000000618,0.8988000000119882,0.9153999999762163,0.9320000000000164,0.9488000000119428,0.9653000000118936,0.9821999999880973,0.9988000000118973,1.0153999999761254,1.0321000000237746,1.04950000000008,1.06610000002388,1.0821000000239565,1.0986999999881846,1.1158999999761363,1.1320000000000618,1.1488000000119882,1.1653999999762163,1.1821000000238655,1.1986999999880936,1.2153999999761709,1.23210000002382,1.2493999999762764,1.2653999999761254,1.2818999999760763,1.2986999999880027,1.31530000001203,1.3328999999762345,1.3486999999881846,1.3653999999762618,1.3818999999762127,1.398699999988139,1.4153000000119391,1.4320000000000164,1.4486999999880936,1.46630000001187,1.481999999999971,1.4984999999999218,1.5153000000118482,1.5321000000237746,1.5486999999880027,1.56539999997608,1.5820000000001073,1.5988000000120337,1.6153999999762618,1.6318999999762127,1.6496000000238382,1.665800000012041,1.6821000000238655,1.6988000000119428,1.7153999999761709,1.7328999999760981]",0.016645192,0.000452956,105.0,right,1.0,,,,,,1.0,0.0,4.0,0.5,1.552879254,-1.0,0.559515708,-0.899678025,15.0,-0.006108652,0.362511679,0.045131456,0.089284594,0.250473103,5.0,2.394195885,0.997113178,51.0,-0.000872665,0.388957543,0.039197552,0.074659583,0.215725836,5.0,2.447687623,0.983304677,21.0,-0.010471976,0.368150016,0.035450396,0.075174448,0.223969416,6.0,2.895734571,0.472139424,18.0,-0.008726646,0.365457086,0.031782524,0.075683607,0.153768306,4.0,0.0,0.0,0.0,0.0,0.0,0.0,0.0,0.0,0.0,0.0,0.0,0.0,0.0,0.0,0.0,0.0,0.0,0.0,0.0,0.0,0.0,0.0,0.0,0.0,0.0,0.0,0.0,0.0,0.0,0.0,0.0,0.0,0.0,0.0,0.0,0.0,0.0,0.0,0.0,0.0,0.0,0.0,0.0,0.0,0.0,0.0,0.0,0.0,0.0,0.0,0.0,0.0,0.0,0.0,0.0,0.0,0.0,0.0,0.0,0.0,0.0,0.0,0.0,0.0,0.0,0.0,0.0,0.0,0.0,0.0,0.0,0.0,,,,,,,0.5183,,0.0,25.0,25.0,25.0,1.0,,,,,,,,,,,,,,,,,,,,,,,,,,,,0
S070,2,2024-11-21_13h14.36.924,MotivatedInference,2024.1.5,Win32,60.24096386,668be8e87e83611e680fb3ab,{{%SESSION_ID%},Chrome,,,,,,,,,,,,,,,,,,,,,,,,,,,,,,0.0,,,,,,,,12.0,,,,,,,,,conditions/conds_177.csv,4.0,0.0,,,,,,,,,1632.5707,1637.0705,"[0.003699999987929914,0.01619999998797539,0.03280000001177541,0.049600000023701796,0.06610000002388006,0.08280000001195731,0.09990000003563182,0.11610000002383458,0.13280000001191183,0.14949999999998909,0.16619999998806634,0.18399999999996908,0.19960000002379275,0.21619999998802086,0.23280000001182088,0.24919999998792264,0.26610000002369816,0.28319999998802814,0.2994000000358028,0.31690000003573005,0.3333000000118318,0.34950000000003456,0.3661999999881118,0.38280000001191183,0.3994999999999891,0.4161000000237891,0.43280000001186636,0.4494999999999436,0.46610000002374363,0.4828000000118209,0.49949999999989814,0.5161999999879754,0.5329999999999018,0.5501000000238037,0.5664999999999054,0.5826999999881082,0.5995000000000346,0.6161000000238346,0.6334999999999127,0.6498000000119646,0.6661999999880663,0.6828000000118664,0.6994000000356664,0.7161999999880209,0.73290000003567,0.7494999999998981,0.7661000000236982,0.7826999999879263,0.7994000000358028,0.8161000000238801,0.8328000000119573,0.8495000000000346,0.8666000000237091,0.8830000000000382,0.8991999999880136,0.9161000000237891,0.9328000000118664,0.9494999999999436,0.9661999999880209,0.9826999999879718,1.0001000000238491,1.0161999999879754,1.0328000000117754,1.0494999999998527,1.06610000002388,1.0829000000358064,1.0995000000000346,1.1161000000238346,1.1328000000119118,1.149499999999989,1.166100000023789,1.1833000000119682,1.1999000000357682,1.2161999999880209,1.2328000000118209,1.249400000035621,1.2671000000239019,1.2828000000117754,1.2994000000358028,1.31690000003573,1.3334999999999582,1.3494000000357573,1.3661999999881118,1.382900000035761,1.3994000000357119,1.416900000035639,1.4333000000119682,1.4494999999999436,1.4661000000237436,1.4828000000118209,1.4994999999998981,1.5166999999880773,1.5326999999879263,1.5528000000117572,1.5664000000356282,1.5826999999881082,1.5994000000357573,1.6159000000357082,1.6328000000119118,1.6494000000357119,1.666100000023789,1.6828000000118664,1.6993000000118172,1.7161999999880209,1.7328000000118209,1.7494999999998981,1.7661000000236982,1.7828000000117754,1.7994000000358028,1.81610000002388,1.8326999999881082,1.8494000000357573,1.866300000011961,1.8833000000117863,1.8994000000357119,1.916100000023789,1.9328000000118664,1.9494999999999436,1.9659999999998945,1.98290000003567,1.999400000035621,2.0168000000119264,2.0328000000117754,2.0494999999998527,2.06619999998793,2.0828000000119573,2.099300000011908,2.1161000000238346,2.132800000011912,2.15019999998799,2.16680000001179,2.1828000000118664,2.20049999999992,2.21630000001187,2.2326999999879718,2.249499999999898,2.265900000035799,2.2828000000117754,2.299400000035803,2.31610000002388,2.3328000000119573,2.349300000011908,2.3661000000238346,2.383600000023762,2.399499999999989,2.416100000023789,2.4328000000118664,2.4494000000356664,2.4661000000237436,2.4826999999879718,2.5003000000119755,2.5169000000357755,2.5328000000117754,2.549800000011828,2.56610000002388,2.582699999988108,2.5994000000357573,2.6161000000238346,2.6326999999880627,2.649499999999989,2.66599999999994,2.6826999999880172,2.6994000000356664,2.7161000000237436,2.7326999999879718,2.7501999999881264,2.766100000023698,2.7828000000117754,2.7994999999998527,2.816000000000031,2.832699999988108,2.8495000000000346,2.866300000011961,2.8826999999880627,2.899499999999989,2.916100000023789,2.9326999999880172,2.9494999999999436,2.966199999988021,2.9836000000238982,3.0001999999881264,3.016100000023698,3.0328000000117754,3.0491999999881045,3.06610000002388,3.082699999988108,3.100100000023758,3.1168000000118354,3.133600000023762,3.149400000035712,3.16599999999994,3.1826999999880172,3.19969999998807,3.2173000000118464,3.233400000035772,3.250100000023849,3.266100000023698,3.2826999999879263,3.299400000035803,3.31610000002388,3.332699999988108,3.3495000000000346,3.3659999999999854,3.382800000011912,3.399499999999989,3.416100000023789,3.4326999999880172,3.4494000000356664,3.4661000000237436,3.482800000011821,3.499400000035621,3.516100000023698,3.5326999999879263,3.5494999999998527,3.5666000000237545,3.582699999988108,3.5994000000357573,3.6161000000238346,3.6326999999880627,3.649400000035712,3.666100000023789,3.6826999999880172,3.6994000000356664,3.716900000035821,3.7326999999879718,3.749400000035621,3.76580000001195,3.7826999999879263,3.7994999999998527,3.816000000000031,3.8328000000119573,3.8495000000000346,3.86649999999986,3.8826999999880627,3.899400000035712,3.916100000023789,3.9336000000237163,3.9494999999999436,3.9661000000237436,3.9826999999879718,3.999499999999898,4.016100000023698,4.032800000011775,4.049400000035803,4.066000000000031,4.082800000011957,4.099400000035757,4.116199999988112,4.132800000011912,4.149499999999989,4.166400000035765,4.182699999988017,4.199300000011817,4.216100000023744,4.233500000000049,4.250100000023849,4.265999999999849,4.282800000011775,4.300199999988081,4.316499999999905,4.332600000023831,4.349400000035757,4.366100000023835,4.382800000011912,4.399199999988014,4.416100000023789,4.432800000011866,4.449400000035666,4.4659999999998945,4.482699999987972,4.499499999999898]",0.016651111,0.00051487,271.0,right,1.0,,,,,,2.0,0.0,12.0,0.5,-2.157486566,1.0,0.966101607,-0.935400287,43.0,0.004363323,0.383893371,0.033132061,0.062242434,0.239996947,6.0,2.440555202,0.985800274,60.0,0.008726646,0.394321176,0.024708435,0.063628191,0.162696287,6.0,0.283414036,-0.536958889,17.0,-0.004363323,0.364429878,0.03744875,0.082879054,0.20378895,5.0,1.586175195,0.030752888,37.0,-0.010471976,0.379878099,0.039758221,0.071440932,0.269646059,5.0,2.7260974,0.738599478,71.0,0.013962634,0.401673071,0.031502829,0.073976735,0.151529972,4.0,1.253104304,-0.593486654,64.0,-0.012217305,0.396824946,0.026418425,0.079335183,0.168726505,6.0,0.634509299,-0.954809625,36.0,0.002617994,0.379263044,0.03913601,0.077664539,0.168574417,3.0,1.278546555,-0.551782076,32.0,0.007853982,0.376580194,0.027808234,0.064839678,0.152904525,6.0,0.574799689,-0.912600218,94.0,0.004363323,0.42523076,0.035907823,0.059015617,0.218525823,5.0,1.717426178,0.28907429,49.0,-0.003490659,0.387690152,0.036925942,0.073283012,0.194967171,5.0,2.551068826,0.925004583,8.0,-0.008726646,0.353798062,0.040824325,0.088208322,0.256820315,6.0,1.222452765,-0.641680329,1.0,-0.007853982,0.332308035,0.049961894,0.10302439,0.316973442,6.0,,,,,,,0.702,,0.0,26.0,26.0,26.0,1.0,,,,,,,,,,,,,,,,,,,,,,,,,,,,0
S070,2,2024-11-21_13h14.36.924,MotivatedInference,2024.1.5,Win32,60.24096386,668be8e87e83611e680fb3ab,{{%SESSION_ID%},Chrome,,,,,,,,,,,,,,,,,,,,,,,,,,,,,,0.0,,,,,,,,6.0,,,,,,,,,conditions/conds_177.csv,4.0,0.0,,,,,,,,,1638.7703,1641.8708,"[0.003199999988055424,0.016499999999950887,0.032999999999901775,0.04980000001182816,0.06719999998813364,0.08380000001193366,0.09989999997605992,0.11639999997623818,0.1330000000000382,0.14969999998811545,0.1663999999761927,0.18299999999999272,0.19989999997619634,0.21639999997614723,0.23339999997619998,0.2503000000119755,0.2665999999642281,0.2829999999999018,0.299699999987979,0.3163000000120064,0.3330000000000837,0.3505000000000109,0.3663999999762382,0.38309999996431543,0.3998000000119646,0.41650000000004184,0.43359999996414444,0.44989999997619634,0.46639999997614723,0.4830999999642245,0.4996999999880245,0.5173000000120282,0.5340000000001055,0.5503999999762073,0.5663999999760563,0.5831999999879827,0.5996999999881609,0.6163999999762382,0.6330999999643154,0.6498000000119646,0.6663999999761927,0.68309999996427,0.6998000000119191,0.7163999999761472,0.7330999999642245,0.7498000000118736,0.7668000000119264,0.783099999964179,0.7998000000118282,0.8163999999760563,0.8330999999641335,0.8496999999881609,0.8665000000000873,0.8830999999643154,0.900000000000091,0.9163999999761927,0.93309999996427,0.9493999999760945,0.9663999999761472,0.9830999999642245,0.9998000000118736,1.0171999999881791,1.0340999999641554,1.0498000000118282,1.0664999999999054,1.0830999999641335,1.09980000001201,1.1165000000000873,1.1338000000118882,1.1498999999762418,1.1663999999761927,1.18389999997612,1.19969999998807,1.21759999996425,1.2340999999642008,1.2500999999642772,1.2663999999761018,1.2829999999999018,1.3003999999762073,1.3164999999999054,1.3330999999641335,1.3495999999643118,1.3666999999879863,1.3830999999643154,1.3996999999881155,1.4163999999761927,1.43309999996427,1.44969999998807,1.4663999999761472,1.4829999999999472,1.4998000000118736,1.5164999999999509,1.5329999999999018,1.5505999999643336,1.5663999999760563,1.5833000000118318,1.599699999988161,1.6165000000000873,1.6330999999643154,1.64939999997614,1.6663999999761927,1.68309999996427,1.69969999998807,1.7163999999761472,1.7330999999642245,1.7498000000118736,1.7663000000118245,1.783099999964179,1.799699999987979,1.8163999999760563,1.8330000000000837,1.849699999988161,1.866300000011961,1.8830000000000382,1.8996999999881155,1.9163999999761927,1.93309999996427,1.949800000011919,1.9663999999761472,1.9830999999642245,1.9996999999880245,2.0163999999761018,2.0329999999999018,2.049699999987979,2.0670999999642845,2.0831999999879827,2.09980000001201,2.116399999976238,2.1330999999643154,2.1496999999881155,2.166699999988168,2.18309999996427,2.20049999999992,2.216899999976249,2.2329999999999472,2.2496999999880245,2.2663999999761018,2.2829999999999018,2.299800000011828,2.3170000000000073,2.3330999999641335,2.349699999988161,2.366399999976238,2.3830999999643154,2.3996999999881155,2.4171999999880427,2.4329999999999927,2.44969999998807,2.467199999987997,2.484300000011899,2.499899999976151,2.5163999999761018,2.533099999964179,2.5505000000000564,2.5670999999642845,2.5838000000119337,2.59980000001201,2.616199999988112,2.6330999999643154,2.6498000000119646,2.6663999999761927,2.68309999996427,2.69969999998807,2.71630000001187,2.7330999999642245,2.7496999999880245,2.7663999999761018,2.783199999988028,2.799699999987979,2.8163999999760563,2.8330000000000837,2.84980000001201,2.866399999976238,2.883699999988039,2.8996999999881155,2.9163000000119155,2.9341999999880954,2.9500000000000455,2.9663999999761472,2.9829999999999472,2.9996999999880245,3.0163000000118245,3.033099999964179,3.049800000011828,3.0663000000120064,3.0838000000119337,3.1003000000118845]",0.016651075,0.000445677,187.0,left,1.0,,,,,,1.0,0.0,8.0,0.5,4.214368075,1.0,2.929897617,0.410853543,97.0,0.006981317,0.43254107,0.031598025,0.077611504,0.241207486,6.0,2.041961709,0.808930563,25.0,0.001745329,0.371739039,0.031180836,0.079221418,0.176784845,4.0,0.485583038,-0.825544335,88.0,0.001745329,0.416906428,0.03407937,0.068935353,0.194962658,5.0,2.377570578,0.999086265,59.0,0.006981317,0.393731017,0.031135395,0.06163787,0.205460115,5.0,2.375916151,0.999222213,56.0,0.002617994,0.391878159,0.037400891,0.06461151,0.256914973,6.0,2.071472456,0.842200843,27.0,-0.002617994,0.373032979,0.031793157,0.076653108,0.191027089,4.0,1.687969803,0.232207837,18.0,-0.008726646,0.365457086,0.031782524,0.075683607,0.153768306,4.0,2.719514285,0.747411146,14.0,-0.004363323,0.361562951,0.033827978,0.08680928,0.200727788,5.0,0.0,0.0,0.0,0.0,0.0,0.0,0.0,0.0,0.0,0.0,0.0,0.0,0.0,0.0,0.0,0.0,0.0,0.0,0.0,0.0,0.0,0.0,0.0,0.0,0.0,0.0,0.0,0.0,0.0,0.0,0.0,0.0,0.0,0.0,0.0,0.0,,,,,,,0.6336,,0.0,27.0,27.0,27.0,1.0,,,,,,,,,,,,,,,,,,,,,,,,,,,,0
S070,2,2024-11-21_13h14.36.924,MotivatedInference,2024.1.5,Win32,60.24096386,668be8e87e83611e680fb3ab,{{%SESSION_ID%},Chrome,,,,,,,,,,,,,,,,,,,,,,,,,,,,,,0.0,,,,,,,,10.0,,,,,,,,,conditions/conds_177.csv,4.0,0.0,,,,,,,,,1643.5206,1647.9894,"[0.003699999987929914,0.015999999999849024,0.032699999987926276,0.04919999998810454,0.06600000000003092,0.08339999997610903,0.0992999999523363,0.11599999999998545,0.1326999999880627,0.14939999997613995,0.1660999999642172,0.18269999998801723,0.19929999995224534,0.21609999996417173,0.23269999998797175,0.249399999976049,0.26609999996412625,0.2833999999761545,0.29939999997600353,0.3160000000000309,0.33279999995215803,0.3493999999761854,0.36599999999998545,0.3826999999880627,0.39909999996416445,0.41599999999994,0.43279999995229446,0.4494999999999436,0.4659999999998945,0.48269999998797175,0.499399999976049,0.515999999999849,0.5325999999640771,0.5493999999760035,0.566799999952309,0.5826999999881082,0.5993999999761854,0.6161999999881118,0.6326999999880627,0.6494999999999891,0.6660999999642172,0.6827999999522945,0.70049999999992,0.7159999999998945,0.732799999952249,0.749399999976049,0.765999999999849,0.7826999999879263,0.8001999999880809,0.8160999999640808,0.8326999999881082,0.8493999999761854,0.8660999999642627,0.8826999999880627,0.89939999997614,0.91599999999994,0.9326999999880172,0.9493999999760945,0.9659999999998945,0.9824999999998454,1.0005999999641517,1.0160999999641263,1.0327999999522035,1.0493999999760035,1.066000000000031,1.0826999999881082,1.0992999999523363,1.1159999999999854,1.1325999999642136,1.1498999999760144,1.16599999999994,1.1826999999880172,1.19969999998807,1.2158999999760454,1.2326999999879718,1.249399999976049,1.265999999999849,1.2826999999879263,1.2994999999998527,1.3166999999880318,1.332599999964259,1.3495000000000346,1.3661999999881118,1.3830000000000382,1.3992999999522908,1.4162999999523436,1.4326999999880172,1.4493999999760945,1.4658999999760454,1.4825999999641226,1.499399999976049,1.515999999999849,1.5326999999879263,1.5492999999521544,1.5658999999761818,1.5826999999881082,1.5993999999761854,1.6160999999642627,1.6326999999880627,1.649499999999989,1.6814999999999145,1.6850999999642227,1.6994999999999436,1.7195999999642027,1.7359999999998763,1.7567999999523636,1.7698999999761327,1.787499999999909,1.79959999996413,1.816799999952309,1.8335999999642354,1.852999999999838,1.8667999999522635,1.886599999964119,1.8996999999881155,1.916799999952218,1.9328999999761436,1.954799999952229,1.9667999999521726,1.9835000000000491,2.003500000000031,2.0163999999761018,2.035899999976209,2.0527999999521853,2.065899999976182,2.085499999999911,2.10349999999994,2.1167999999522635,2.1351999999881173,2.14939999997614,2.166099999964217,2.185399999976198,2.1993999999760945,2.2158999999760454,2.2326999999879718,2.25209999996423,2.2660999999641263,2.2826999999879263,2.2993999999760035,2.3166999999880318,2.335599999964188,2.3500999999641863,2.3702999999522945,2.383000000000038,2.40309999996407,2.41889999997602,2.4327999999522945,2.4517999999523,2.4660999999641717,2.485699999988128,2.5000999999642772,2.5198999999761327,2.534399999976131,2.5492999999521544,2.569699999987961,2.582699999988108,2.6022999999522654,2.6166999999879863,2.635799999952269,2.64939999997614,2.669799999952147,2.683499999999867,2.7032999999521508,2.716999999999871,2.7333999999762,2.7540999999641826,2.77079999995226,2.7827999999522035,2.8007999999522326,2.82029999995234,2.833399999976109,2.85269999998809,2.86859999996409,2.8826999999880627,2.899499999999989,2.9204999999999472,2.93309999996427,2.9521999999881245,2.9660999999641717,2.987699999988081,2.9997999999523017,3.018799999952307,3.032599999964077,3.0493999999760035,3.06829999995216,3.0830999999641335,3.0993999999761854,3.1187999999522162,3.1326999999880627,3.1520999999640935,3.1661999999880663,3.182599999964168,3.1992999999522453,3.2159999999998945,3.2326999999879718,3.25209999996423,3.2690999999642827,3.2835000000000036,3.2992999999521544,3.318399999976009,3.332599999964259,3.3495000000000346,3.36779999995224,3.3834999999999127,3.399299999952291,3.41599999999994,3.4362999999523254,3.452699999987999,3.4659999999998945,3.485500000000002,3.50209999996423,3.515999999999849,3.5355999999642336,3.5498999999761054,3.5686999999879845,3.582599999964259,3.602099999964139,3.6160999999642627,3.6351999999881173,3.649299999952291,3.669799999952147,3.683399999976018,3.7037999999522526,3.7159999999998945,3.7367999999521544,3.7545000000000073,3.7666999999880773,3.7854999999999563,3.8025999999642863,3.815899999976182,3.8351999999879354,3.849799999952211,3.8688999999760654,3.8825999999642136,3.89939999997614,3.9198999999759963,3.9326999999880172,3.95259999996415,3.9660999999641717,3.9873999999761054,4.000199999988126,4.019299999952182,4.033500000000004,4.052599999964286,4.069799999952238,4.082699999988108,4.099399999976185,4.119999999999891,4.136399999975993,4.1490999999641645,4.16889999997602,4.182399999976042,4.201999999999998,4.2159999999998945,4.233299999952351,4.254399999976158,4.266599999964228,4.285299999952258,4.2993999999760035,4.316099999964081,4.335399999976062,4.349299999952336,4.365899999976136,4.385399999976016,4.399299999952291,4.41599999999994,4.437699999988126,4.449499999999944,4.468699999988075]",0.016660448,0.002521623,269.0,right,1.0,,,,,,1.0,0.0,12.0,0.5,3.923685315,-1.0,1.118965793,-0.78559741,84.0,-0.002617994,0.412727296,0.032139903,0.078825818,0.191863964,5.0,2.904392062,0.456805841,18.0,-0.008726646,0.365457086,0.031782524,0.075683607,0.153768306,4.0,0.002769694,-0.00553936,12.0,0.006981317,0.359228273,0.039160557,0.080955667,0.284615847,7.0,2.73388612,0.728008846,58.0,-8.92894e-14,0.393104459,0.040573715,0.076987883,0.227814169,5.0,2.238424159,0.97238831,88.0,0.001745329,0.416906428,0.03407937,0.068935353,0.194962658,5.0,1.729499195,0.312102938,2.0,0.008726646,0.338473989,0.032964075,0.086271212,0.185208292,4.0,1.962070227,0.705088401,43.0,0.004363323,0.383893371,0.033132061,0.062242434,0.239996947,6.0,2.323511968,0.997864466,100.0,-0.001745329,0.484835711,0.035177462,0.059949939,0.178411257,4.0,1.853994222,0.536594162,68.0,0.009599311,0.399449425,0.031951263,0.065393928,0.165147664,5.0,1.221974717,-0.642413335,85.0,0.003490659,0.413672168,0.024690997,0.064801949,0.114487367,4.0,1.432679777,-0.272733495,47.0,-0.003490659,0.386485672,0.032547094,0.064121381,0.201087455,6.0,2.556123915,0.921115951,19.0,-8.92894e-14,0.366380653,0.037711395,0.069882825,0.280007013,7.0,,,,,,,0.7345,,0.0,28.0,28.0,28.0,1.0,,,,,,,,,,,,,,,,,,,,,,,,,,,,0
S070,2,2024-11-21_13h14.36.924,MotivatedInference,2024.1.5,Win32,60.24096386,668be8e87e83611e680fb3ab,{{%SESSION_ID%},Chrome,,,,,,,,,,,,,,,,,,,,,,,,,,,,,,0.0,,,,,,,,9.0,,,,,,,,,conditions/conds_177.csv,4.0,0.0,,,,,,,,,1649.7368,1654.192,"[0.0036999999881572876,0.019300000011980956,0.033099999964179005,0.04980000001182816,0.06639999997605628,0.08699999999998909,0.10059999996428814,0.1195999999642936,0.13789999997607083,0.1503999999761163,0.16969999998809726,0.18280000001186636,0.1998000000119191,0.21930000001202643,0.23580000001197732,0.2496999999880245,0.2665999999642281,0.28319999998802814,0.299699999987979,0.3164999999999054,0.33380000001193366,0.3541999999881682,0.36739999997621453,0.38739999997619634,0.4025999999641954,0.4203000000118209,0.43389999997611994,0.4538000000118245,0.4708999999761545,0.48359999996432634,0.5045000000000073,0.5213000000119337,0.53369999998813,0.55319999998801,0.5670999999642845,0.5860000000000127,0.5996999999881609,0.6203000000118664,0.6338999999761654,0.6543000000119719,0.6673000000118918,0.6861999999880481,0.69969999998807,0.7163999999761472,0.7365999999642554,0.7505999999641517,0.770899999976109,0.7885999999641626,0.8005999999643336,0.8195999999643391,0.8333000000118318,0.8533999999760908,0.867899999976089,0.8858999999761181,0.8998999999762418,0.9208999999762,0.9333999999762455,0.9528999999761254,0.9694999999999254,0.9830999999642245,1.0045000000000073,1.020099999964259,1.0338000000119791,1.05319999998801,1.0671999999881336,1.086199999988139,1.100500000000011,1.1191999999880409,1.1338000000118882,1.1524999999999181,1.1665000000000418,1.1833000000119682,1.2005999999641972,1.2210000000000036,1.2330999999642245,1.25489999997626,1.2663000000118245,1.283099999964179,1.302500000000009,1.3163999999760563,1.3336999999880845,1.3540000000000418,1.3703000000118664,1.3838000000118882,1.4035999999641717,1.4169999999999163,1.4358000000120228,1.45049999999992,1.4701999999881536,1.4835000000000491,1.50280000001203,1.5163999999761018,1.5328999999760526,1.5540000000000873,1.5673000000119828,1.586199999988139,1.6044999999999163,1.6203999999761436,1.6359999999999673,1.6498000000119646,1.6663999999761927,1.6828999999761436,1.7036999999879754,1.7195999999642027,1.7378999999762073,1.7503999999762527,1.7696999999880063,1.783099999964179,1.802500000000009,1.8170999999642845,1.8375999999641408,1.850500000000011,1.8695999999642936,1.8838000000118882,1.8998000000119646,1.9205999999642245,1.9335999999641444,1.9538000000118245,1.9668000000119719,1.9883000000120319,1.9998999999761509,2.0203000000119573,2.0333999999761545,2.049800000011828,2.070500000000038,2.083899999976211,2.1046999999880427,2.120699999988119,2.1330999999643154,2.152899999976171,2.170399999976098,2.1836999999879936,2.2036999999879754,2.217099999964148,2.2330999999642245,2.2496999999880245,2.2703999999762345,2.2838999999762564,2.3026999999881355,2.3163999999760563,2.3358000000118864,2.34989999997606,2.369199999988041,2.3831999999881646,2.4028000000118936,2.4163000000119155,2.435800000012023,2.4525000000001,2.46630000001187,2.4829999999999472,2.4998000000118736,2.521399999976211,2.53369999998813,2.553099999964161,2.5688000000118336,2.5830999999641335,2.602599999964241,2.62139999997612,2.633800000011888,2.6535999999641717,2.6668000000120173,2.686099999964199,2.69969999998807,2.7163999999761472,2.7330999999642245,2.7525000000000546,2.7663999999761018,2.78369999998813,2.803000000000111,2.8173000000119828,2.8331999999879827,2.85349999999994,2.867099999964239,2.883000000000038,2.9025999999641954,2.9193999999761218,2.9329999999999927,2.94969999998807,2.9663999999761472,2.9838000000120246,3.0025000000000546,3.0163999999761018,3.038099999964288,3.05030000001193,3.0691999999880863,3.0858000000118864,3.099699999988161,3.1189999999999145,3.13639999997622,3.1495999999642663,3.1690000000000964,3.183999999999969,3.202699999987999,3.2163999999761472,3.236899999976231,3.2498000000118736,3.2663999999761018,3.283099999964179,3.30239999997616,3.3163000000120064,3.3336999999880845,3.3545999999641936,3.367099999964239,3.38719999998807,3.399899999976242,3.4211999999881755,3.43669999998815,3.45259999996415,3.4663999999761472,3.4836999999881755,3.5030999999642063,3.5163000000118245,3.535800000011932,3.549699999987979,3.56899999999996,3.58689999997614,3.599599999964312,3.619800000011992,3.6338999999761654,3.652899999976171,3.6669999999999163,3.6873000000118736,3.700199999988172,3.7191999999881773,3.7333000000119227,3.7505999999641517,3.771399999976211,3.783599999964281,3.802899999976262,3.821300000011888,3.8363000000119882,3.8523999999761145,3.866399999976238,3.8831999999881646,3.9040999999642736,3.916599999964319,3.9355999999643245,3.949800000011919,3.9663999999761472,3.9835999999643263,4.002699999988181,4.01709999996433,4.033500000000004,4.05030000001193,4.070399999976189,4.083399999976109,4.103699999988066,4.120300000011866,4.135899999976118,4.1496999999881155,4.1663000000119155,4.185899999976073,4.199599999964221,4.21630000001187,4.2330999999642245,4.252199999988079,4.2663000000118245,4.286000000000058,4.302300000011883,4.316099999964308,4.333000000000084,4.3503000000118845,4.369899999976269,4.383699999988039,4.40380000001187,4.421599999964201,4.432999999999993,4.454999999999927]",0.016671536,0.002804039,268.0,left,1.0,,,,,,1.0,0.0,12.0,0.5,1.352318335,1.0,2.976313774,0.324570641,54.0,-0.000872665,0.390632361,0.034931933,0.073298853,0.195852464,4.0,2.673432932,0.805381887,51.0,-0.000872665,0.388957543,0.039197552,0.074659583,0.215725836,5.0,2.255308426,0.979712972,7.0,-0.003490659,0.352071506,0.033456274,0.080650645,0.190019159,6.0,0.785603586,-0.999999916,20.0,0.004363323,0.367239871,0.029881231,0.073743484,0.121468441,4.0,2.006426857,0.765141494,25.0,0.001745329,0.371739039,0.031180836,0.079221418,0.176784845,4.0,2.254121908,0.979234643,9.0,0.01134464,0.355140301,0.038458273,0.073668072,0.274720221,7.0,2.944478687,0.38409546,3.0,0.001745329,0.342027877,0.030569748,0.094119191,0.219456558,8.0,0.330705397,-0.614230758,59.0,0.006981317,0.393731017,0.031135395,0.06163787,0.205460115,5.0,0.7731383,-0.999699407,9.0,0.01134464,0.355140301,0.038458273,0.073668072,0.274720221,7.0,0.752901259,-0.997888646,64.0,-0.012217305,0.396824946,0.026418425,0.079335183,0.168726505,6.0,0.044601625,-0.089084996,47.0,-0.003490659,0.386485672,0.032547094,0.064121381,0.201087455,6.0,2.047234241,0.815084959,17.0,-0.004363323,0.364429878,0.03744875,0.082879054,0.20378895,5.0,,,,,,,1.3743,,0.0,29.0,29.0,29.0,1.0,,,,,,,,,,,,,,,,,,,,,,,,,,,,0
S070,2,2024-11-21_13h14.36.924,MotivatedInference,2024.1.5,Win32,60.24096386,668be8e87e83611e680fb3ab,{{%SESSION_ID%},Chrome,,,,,,,,,,,,,,,,,,,,,,,,,,,,,,1.0,,,,,,,,12.0,,,,,,,,,conditions/conds_177.csv,4.0,0.0,,,,,,,,,1663.4367,1667.9202,"[0.004100000023754546,0.016300000011824523,0.032900000035624544,0.05060000002390552,0.06660000002375455,0.08269999998810817,0.10050000000001091,0.1166999999879863,0.13280000001191183,0.14969999998811545,0.16619999998806634,0.18360000002371635,0.2003000000117936,0.2166000000238455,0.23290000003567002,0.24960000002374727,0.2663000000118245,0.28369999998813,0.30030000001193,0.3161999999879299,0.3329999999998563,0.3509999999998854,0.3669999999999618,0.3830000000000382,0.3996000000238382,0.41630000001191547,0.4336999999879936,0.4500000000000455,0.466900000035821,0.48290000003567,0.49949999999989814,0.5164000000356737,0.5329000000356245,0.5501000000238037,0.566300000011779,0.5829000000358064,0.5996000000238837,0.616300000011961,0.6328000000119118,0.6496000000238382,0.6665000000000418,0.6829000000357155,0.6996000000237927,0.7161999999880209,0.7336000000238982,0.7498000000118736,0.7661999999879754,0.7829000000356245,0.7996000000237018,0.816300000011779,0.8329000000358064,0.8496000000238837,0.866300000011961,0.882900000035761,0.8994999999999891,0.9161999999880663,0.9329000000357155,0.9494999999999436,0.9669999999998709,0.9836999999879481,0.9996999999880245,1.0161999999879754,1.0329000000356245,1.0496000000237018,1.066300000011779,1.0829000000358064,1.0996000000238837,1.116300000011961,1.1336000000237618,1.149499999999989,1.166100000023789,1.1829000000357155,1.1994999999999436,1.21630000001187,1.23290000003567,1.2494999999998981,1.2668000000119264,1.2834000000357264,1.2994999999998527,1.316300000011779,1.333400000035681,1.3496000000238837,1.3669999999999618,1.3826000000237855,1.399499999999989,1.416900000035639,1.4334000000358174,1.4494999999999436,1.4661999999880209,1.4829999999999472,1.4996000000237473,1.5163000000118245,1.5329000000356245,1.5496000000237018,1.5670000000000073,1.5836999999880845,1.5996000000238837,1.6161999999881118,1.6331000000238873,1.649499999999989,1.6669999999999163,1.6833000000119682,1.6994999999999436,1.7161999999880209,1.7328000000118209,1.7496000000237473,1.7661000000236982,1.7829000000356245,1.7996000000237018,1.81619999998793,1.8328000000119573,1.8496000000238837,1.8661000000238346,1.882900000035761,1.899499999999989,1.9169999999999163,1.9329000000357155,1.9496000000237927,1.9661000000237436,1.9828000000118209,1.9996000000237473,2.0161999999879754,2.0329000000356245,2.0494999999998527,2.06619999998793,2.083300000011832,2.0996999999879336,2.116199999988112,2.132900000035761,2.149499999999989,2.166900000035639,2.1829000000357155,2.1994999999999436,2.216900000035821,2.2336000000238982,2.2496000000237473,2.2663000000118245,2.2829999999999018,2.299400000035803,2.31690000003573,2.3336999999880845,2.3503000000118845,2.366999999999962,2.382900000035761,2.399499999999989,2.4163000000119155,2.4334000000358174,2.4496000000237927,2.46630000001187,2.48290000003567,2.499499999999898,2.5161999999879754,2.5329000000356245,2.5494999999998527,2.56619999998793,2.5828000000119573,2.5995000000000346,2.6161000000238346,2.633800000011888,2.649499999999989,2.6661999999880663,2.6836999999879936,2.6994000000356664,2.71630000001187,2.7329999999999472,2.7496000000237473,2.766100000023698,2.7826999999881536,2.7999000000356773,2.816300000011779,2.832499999999982,2.8496000000238837,2.866199999988112,2.883699999988039,2.899499999999989,2.9161999999880663,2.9336000000237163,2.9494999999999436,2.9661000000237436,2.982800000011821,2.999499999999898,3.0161999999879754,3.0328000000117754,3.050400000035779,3.0671999999881336,3.083400000035681,3.0995000000000346,3.116199999988112,3.132800000011912,3.149499999999989,3.1669999999999163,3.1829000000357155,3.1994000000356664,3.216199999988021,3.232800000011821,3.249499999999898,3.2663000000118245,3.2828000000117754,3.2994999999998527,3.31619999998793,3.3328000000119573,3.3503000000118845,3.366999999999962,3.382800000011912,3.3996999999881155,3.4159000000356627,3.433499999999867,3.4500000000000455,3.4661000000237436,3.4826000000236945,3.499400000035621,3.516100000023698,3.5328000000117754,3.5494999999998527,3.56619999998793,3.5829000000358064,3.5996999999879336,3.6161000000238346,3.632800000011912,3.650300000011839,3.6671999999880427,3.6829000000357155,3.6996000000237927,3.7161000000237436,3.732800000011821,3.749400000035621,3.7661999999879754,3.7829000000356245,3.7994999999998527,3.81619999998793,3.8328000000119573,3.8495000000000346,3.8661000000238346,3.882900000035761,3.899499999999989,3.9161999999880663,3.9329000000357155,3.9494999999999436,3.966199999988021,3.98290000003567,3.999499999999898,4.0163000000118245,4.032999999999902,4.049699999987979,4.06619999998793,4.083300000011832,4.099800000011783,4.116199999988112,4.132699999988063,4.149600000023838,4.16599999999994,4.183800000011843,4.200300000011794,4.216100000023744,4.233500000000049,4.249499999999898,4.2663000000118245,4.282800000011775,4.300199999988081,4.316400000035628,4.332900000035806,4.349400000035757,4.366199999988112,4.383199999987937,4.399600000023838,4.416100000023789,4.433199999988119,4.449400000035666,4.466199999988021,4.483300000011923]",0.016651301,0.000491383,270.0,right,1.0,,,,,,2.0,0.0,12.0,0.5,-2.157486566,1.0,0.966101607,-0.935400287,43.0,0.004363323,0.383893371,0.033132061,0.062242434,0.239996947,6.0,2.440555202,0.985800274,60.0,0.008726646,0.394321176,0.024708435,0.063628191,0.162696287,6.0,0.283414036,-0.536958889,17.0,-0.004363323,0.364429878,0.03744875,0.082879054,0.20378895,5.0,1.586175195,0.030752888,37.0,-0.010471976,0.379878099,0.039758221,0.071440932,0.269646059,5.0,2.7260974,0.738599478,71.0,0.013962634,0.401673071,0.031502829,0.073976735,0.151529972,4.0,1.253104304,-0.593486654,64.0,-0.012217305,0.396824946,0.026418425,0.079335183,0.168726505,6.0,0.634509299,-0.954809625,36.0,0.002617994,0.379263044,0.03913601,0.077664539,0.168574417,3.0,1.278546555,-0.551782076,32.0,0.007853982,0.376580194,0.027808234,0.064839678,0.152904525,6.0,0.574799689,-0.912600218,94.0,0.004363323,0.42523076,0.035907823,0.059015617,0.218525823,5.0,1.717426178,0.28907429,49.0,-0.003490659,0.387690152,0.036925942,0.073283012,0.194967171,5.0,2.551068826,0.925004583,8.0,-0.008726646,0.353798062,0.040824325,0.088208322,0.256820315,6.0,1.222452765,-0.641680329,1.0,-0.007853982,0.332308035,0.049961894,0.10302439,0.316973442,6.0,,,,,,,0.7319,,0.0,30.0,30.0,30.0,1.0,,,,,,,,,,,,,,,,,,,,,,,,,,,,0
S070,2,2024-11-21_13h14.36.924,MotivatedInference,2024.1.5,Win32,60.24096386,668be8e87e83611e680fb3ab,{{%SESSION_ID%},Chrome,,,,,,,,,,,,,,,,,,,,,,,,,,,,,,1.0,,,,,,,,1.0,,,,,,,,,conditions/conds_177.csv,4.0,0.0,,,,,,,,,1669.6532,1671.3704,"[0.0019000000356754754,0.016400000035673656,0.032900000035624544,0.049600000023701796,0.06690000003573005,0.0836000000238073,0.10010000002375818,0.11630000001196095,0.13290000003576097,0.14960000002383822,0.16619999998806634,0.1829000000357155,0.19960000002379275,0.21630000001187,0.23290000003567002,0.24949999999989814,0.2663000000118245,0.28290000003562454,0.299699999987979,0.31630000001177905,0.33380000001193366,0.3499000000356318,0.3664000000358101,0.3830000000000382,0.3996000000238382,0.41650000000004184,0.43280000001186636,0.4494999999999436,0.46649999999999636,0.48290000003567,0.49960000002374727,0.5163000000118245,0.5329999999999018,0.5496000000237018,0.566300000011779,0.5829999999998563,0.5996000000238837,0.616300000011961,0.6330000000000382,0.6494999999999891,0.6669999999999163,0.6829999999999927,0.6996000000237927,0.71630000001187,0.7331999999880736,0.7496999999880245,0.7663000000118245,0.7826999999881536,0.7996000000237018,0.816300000011779,0.8329000000358064,0.8496000000238837,0.866300000011961,0.8828000000119118,0.9001999999879899,0.9163000000119155,0.9329000000357155,0.9503000000117936,0.96630000001187,0.98290000003567,1.0004000000358246,1.0161999999879754,1.0329000000356245,1.0496000000237018,1.066300000011779,1.0838000000119337,1.1004000000357337,1.1161999999881118,1.132900000035761,1.1504999999999654,1.1665000000000418,1.1831000000238419,1.2001999999879445,1.21630000001187,1.23290000003567,1.2496999999880245,1.2663000000118245,1.2829000000356245,1.2998000000118282,1.316300000011779,1.3329000000358064,1.3496999999879336,1.36640000003581,1.3830000000000382,1.399499999999989,1.4163000000119155,1.4329000000357155,1.4494999999999436,1.4666999999881227,1.4834000000357719,1.4993000000119991,1.5164000000356737,1.5329999999999018,1.549699999987979,1.5671999999881336,1.5831000000237054,1.5996000000238837,1.616300000011961,1.632900000035761,1.6496000000238382,1.6663000000119155,1.6831000000238419,1.69969999998807,1.716900000035821]",0.016650485,0.00041498,104.0,left,0.0,,,,,,1.0,0.0,4.0,0.5,-0.010594618,-1.0,1.807089953,0.455191479,90.0,-0.005235988,0.41932645,0.033694537,0.059919896,0.18718849,4.0,1.551825873,-0.037931805,38.0,-0.004363323,0.380540373,0.035789754,0.080850361,0.267900983,7.0,1.816670412,0.472167637,47.0,-0.003490659,0.386485672,0.032547094,0.064121381,0.201087455,6.0,1.010886414,-0.900021929,25.0,0.001745329,0.371739039,0.031180836,0.079221418,0.176784845,4.0,0.0,0.0,0.0,0.0,0.0,0.0,0.0,0.0,0.0,0.0,0.0,0.0,0.0,0.0,0.0,0.0,0.0,0.0,0.0,0.0,0.0,0.0,0.0,0.0,0.0,0.0,0.0,0.0,0.0,0.0,0.0,0.0,0.0,0.0,0.0,0.0,0.0,0.0,0.0,0.0,0.0,0.0,0.0,0.0,0.0,0.0,0.0,0.0,0.0,0.0,0.0,0.0,0.0,0.0,0.0,0.0,0.0,0.0,0.0,0.0,0.0,0.0,0.0,0.0,0.0,0.0,0.0,0.0,0.0,0.0,0.0,0.0,,,,,,,0.7505,,0.0,31.0,31.0,31.0,1.0,,,,,,,,,,,,,,,,,,,,,,,,,,,,0
S070,2,2024-11-21_13h14.36.924,MotivatedInference,2024.1.5,Win32,60.24096386,668be8e87e83611e680fb3ab,{{%SESSION_ID%},Chrome,,,,,,,,,,,,,,,,,,,,,,,,,,,,,,1.0,,,,,,,,7.0,,,,,,,,,conditions/conds_177.csv,4.0,0.0,,,,,,,,,1673.1366,1676.253,"[0.002599999964104427,0.016499999999950887,0.03279999995220351,0.04949999999985266,0.06619999998792991,0.0827999999523854,0.09939999997618543,0.11609999996426268,0.1330000000000382,0.15019999998798994,0.16619999998806634,0.18269999998801723,0.19959999996422084,0.21699999999987085,0.23289999997609812,0.249399999976049,0.2661999999879754,0.2827999999522035,0.29939999997600353,0.3161999999879299,0.3327999999523854,0.34950000000003456,0.36599999999998545,0.38289999997618906,0.3994999999999891,0.41619999998806634,0.4328999999761436,0.44929999995224534,0.4673999999761236,0.48269999998797175,0.5030999999642063,0.5160999999641263,0.5328999999760526,0.5494999999998527,0.5661999999879299,0.5830999999641335,0.5995000000000346,0.6163999999760108,0.6337999999523163,0.6510000000000673,0.6662999999523436,0.6829999999999927,0.6994999999999436,0.7158999999760454,0.732799999952249,0.7494999999998981,0.7661999999879754,0.7828999999760526,0.7994999999998527,0.8161999999879299,0.8332999999522599,0.8498999999760599,0.8662999999521617,0.8828999999761891,0.89939999997614,0.9161999999880663,0.9327999999522945,0.9493999999760945,0.9661999999880209,0.982799999952249,1.0002999999521762,1.0158999999762273,1.0326999999879263,1.0493999999760035,1.0660999999640808,1.082599999964259,1.0995000000000346,1.1161999999881118,1.132899999976189,1.1495999999642663,1.1661999999880663,1.1828999999761436,1.1994999999999436,1.2168999999760217,1.232799999952249,1.2494999999998981,1.2661999999879754,1.2826999999879263,1.2994999999998527,1.3166999999880318,1.333399999976109,1.34989999997606,1.3660999999642627,1.38279999995234,1.399499999999989,1.4165000000000418,1.4327999999522945,1.4500000000000455,1.4660999999641717,1.4826999999879718,1.499399999976049,1.5161999999879754,1.5327999999522035,1.5494999999998527,1.5660999999640808,1.5827999999523854,1.600500000000011,1.6169999999999618,1.633099999964088,1.649499999999989,1.66599999999994,1.6828999999761436,1.6992999999522453,1.7161999999880209,1.732799999952249,1.7494999999998981,1.7660999999641263,1.7827999999522035,1.7994999999998527,1.816000000000031,1.8327999999523854,1.8501999999880354,1.8663999999760108,1.882899999976189,1.899499999999989,1.9169999999999163,1.9334999999998672,1.9493999999760945,1.9660999999641717,1.9828999999760981,1.9994999999998981,2.0160999999641263,2.0328999999760526,2.0494999999998527,2.066299999952207,2.082699999988108,2.0995999999640844,2.1160999999642627,2.132899999976189,2.149499999999989,2.166099999964217,2.1836999999879936,2.1994999999999436,2.2160999999641717,2.232799999952249,2.250699999988001,2.2666999999880773,2.283199999988028,2.2994999999998527,2.316099999964081,2.332699999988108,2.34909999996421,2.3660999999642627,2.38279999995234,2.39939999997614,2.4169999999999163,2.4327999999522945,2.4494999999999436,2.4667999999521726,2.4826999999879718,2.499399999976049,2.5160999999641263,2.5329999999999018,2.5503999999762073,2.566899999976158,2.582699999988108,2.5995999999640844,2.616999999999962,2.63279999995234,2.64939999997614,2.666899999976067,2.6828999999761436,2.7000000000000455,2.7165999999642736,2.7323999999762236,2.749399999976049,2.7660999999641263,2.7826999999879263,2.7993999999760035,2.81619999998793,2.833499999999958,2.8493999999761854,2.86649999999986,2.8833999999760636,2.89939999997614,2.916099999964217,2.9328999999761436,2.9501999999879445,2.96759999996425,2.9831999999880736,2.9992999999522,3.0170000000000528,3.033599999964281,3.0498999999761054,3.066099999964081,3.0827999999523854,3.099199999988059,3.116199999988112]",0.016650267,0.000614127,188.0,right,1.0,,,,,,2.0,0.0,8.0,0.5,-0.889908369,1.0,2.329362908,0.998560478,11.0,-0.013089969,0.357861323,0.044486954,0.075207378,0.243622836,5.0,0.641002871,-0.95858901,34.0,-0.01134464,0.377900669,0.035623555,0.066078969,0.222301383,5.0,2.963856834,0.348032557,4.0,0.001745329,0.345391377,0.044661649,0.086491224,0.292502374,6.0,2.599276507,0.884131668,33.0,-0.006108652,0.377230834,0.032847101,0.067598606,0.249691544,6.0,1.216539105,-0.650706463,55.0,-0.003490659,0.391280598,0.028194872,0.063513844,0.18961797,6.0,0.110527347,-0.219258774,86.0,-0.01134464,0.414570186,0.03611148,0.064685839,0.099529567,3.0,1.042364899,-0.87081753,84.0,-0.002617994,0.412727296,0.032139903,0.078825818,0.191863964,5.0,1.353378533,-0.421261294,14.0,-0.004363323,0.361562951,0.033827978,0.08680928,0.200727788,5.0,0.0,0.0,0.0,0.0,0.0,0.0,0.0,0.0,0.0,0.0,0.0,0.0,0.0,0.0,0.0,0.0,0.0,0.0,0.0,0.0,0.0,0.0,0.0,0.0,0.0,0.0,0.0,0.0,0.0,0.0,0.0,0.0,0.0,0.0,0.0,0.0,,,,,,,0.6165,,0.0,32.0,32.0,32.0,1.0,,,,,,,,,,,,,,,,,,,,,,,,,,,,0
S070,2,2024-11-21_13h14.36.924,MotivatedInference,2024.1.5,Win32,60.24096386,668be8e87e83611e680fb3ab,{{%SESSION_ID%},Chrome,,,,,,,,,,,,,,,,,,,,,,,,,,,,,,1.0,,,,,,,,3.0,,,,,,,,,conditions/conds_177.csv,4.0,0.0,,,,,,,,,1677.8865,1679.6029,"[0.002199999988079071,0.01619999998797539,0.03289999997605264,0.04969999998797903,0.06619999998792991,0.08369999998808453,0.09969999998793355,0.11619999998811181,0.13289999997618906,0.14949999999998909,0.16699999999991633,0.18360000002371635,0.2003000000117936,0.21619999998802086,0.23360000002389825,0.24949999999989814,0.26589999997622726,0.2828000000117754,0.29949999999985266,0.31610000002388006,0.3328000000119573,0.34950000000003456,0.3661999999881118,0.38289999997618906,0.3996000000238382,0.41619999998806634,0.43360000002371635,0.4503000000117936,0.46610000002374363,0.48380000001179724,0.49949999999989814,0.5161999999879754,0.5328999999760526,0.5498999999761054,0.5670000000000073,0.5836000000238073,0.5996000000238837,0.6166000000237091,0.6328000000119118,0.6496999999881155,0.6661000000237891,0.6831999999881191,0.6994999999999436,0.7161999999880209,0.7338000000117972,0.7501999999881264,0.7661999999879754,0.7828999999760526,0.7994999999998527,0.8161999999879299,0.8328999999762345,0.8495000000000346,0.8661999999881118,0.8836000000237618,0.8996999999881155,0.9161000000237891,0.9343999999762218,0.9493999999760945,0.9661000000237436,0.9828999999760981,0.9993000000117718,1.0170000000000528,1.033100000023751,1.0491999999881045,1.06610000002388,1.0826999999881082,1.0996000000238837,1.1161999999881118,1.1328000000119118,1.1501000000237127,1.1671000000237655,1.1826999999880172,1.199800000011919,1.2164999999999964,1.233699999987948,1.2498000000118736,1.2668999999762036,1.2836000000238528,1.2998000000118282,1.3158999999761818,1.3324999999999818,1.3493000000119082,1.366300000011961,1.3831999999879372,1.3996999999881155,1.4169999999999163,1.433399999976018,1.4503999999760708,1.4664999999999964,1.4831000000237964,1.5003000000119755,1.5168999999762036,1.5336000000238528,1.5494999999998527,1.56619999998793,1.5828999999762345,1.5995000000000346,1.6161000000238346,1.6330000000000382,1.6501000000237127,1.6665000000000418,1.6828999999761436,1.6994999999999436,1.7161999999880209]",0.016640777,0.0005478,104.0,right,1.0,,,,,,2.0,0.0,4.0,0.5,-2.389272681,1.0,1.68108606,0.218795086,95.0,-0.003490659,0.427246221,0.028411926,0.064304978,0.203029515,6.0,0.646589496,-0.961711173,51.0,-0.000872665,0.388957543,0.039197552,0.074659583,0.215725836,5.0,0.474111259,-0.812380289,79.0,-0.004363323,0.40793127,0.02386995,0.059748747,0.165450333,7.0,0.493137493,-0.833976306,80.0,0.000872665,0.408817555,0.034279956,0.069360427,0.160822937,4.0,0.0,0.0,0.0,0.0,0.0,0.0,0.0,0.0,0.0,0.0,0.0,0.0,0.0,0.0,0.0,0.0,0.0,0.0,0.0,0.0,0.0,0.0,0.0,0.0,0.0,0.0,0.0,0.0,0.0,0.0,0.0,0.0,0.0,0.0,0.0,0.0,0.0,0.0,0.0,0.0,0.0,0.0,0.0,0.0,0.0,0.0,0.0,0.0,0.0,0.0,0.0,0.0,0.0,0.0,0.0,0.0,0.0,0.0,0.0,0.0,0.0,0.0,0.0,0.0,0.0,0.0,0.0,0.0,0.0,0.0,0.0,0.0,,,,,,,0.5672,,0.0,33.0,33.0,33.0,1.0,,,,,,,,,,,,,,,,,,,,,,,,,,,,0
S070,2,2024-11-21_13h14.36.924,MotivatedInference,2024.1.5,Win32,60.24096386,668be8e87e83611e680fb3ab,{{%SESSION_ID%},Chrome,,,,,,,,,,,,,,,,,,,,,,,,,,,,,,1.0,,,,,,,,2.0,,,,,,,,,conditions/conds_177.csv,4.0,0.0,,,,,,,,,1681.1864,1682.9027,"[0.0018999999761035724,0.016399999976101753,0.03309999996440638,0.0496999999882064,0.06630000001200642,0.08300000000008367,0.09969999998816093,0.11639999997623818,0.1330000000000382,0.14969999998811545,0.1663999999761927,0.18299999999999272,0.19969999998806998,0.21639999997614723,0.23299999999994725,0.2496999999880245,0.26639999997610175,0.28369999998813,0.2998999999761054,0.31689999997615814,0.33289999997623454,0.3495999999643118,0.3663999999762382,0.3826999999880627,0.3995999999642663,0.4163999999761927,0.4329999999999927,0.44969999998807,0.46709999996437546,0.4836999999881755,0.4996999999880245,0.5160999999643536,0.5330000000001291,0.5496999999882064,0.5663000000120064,0.5833000000120592,0.5996999999881609,0.6166999999882137,0.6333000000120137,0.6495999999642663,0.6666999999881682,0.6829999999999927,0.700300000012021,0.7174999999999727,0.7333000000119227,0.7496999999880245,0.7663999999761018,0.7830000000001291,0.7996999999882064,0.8163999999762837,0.8330999999643609,0.8498999999762873,0.866300000011961,0.8830000000000382,0.8996999999881155,0.9163000000119155,0.9338000000120701,0.9493999999763219,0.9666999999881227,0.9836999999881755,0.9996999999880245,1.016300000012052,1.0326999999881536,1.0496999999882064,1.0658999999761818,1.0830000000000837,1.099699999988161,1.116300000011961,1.1330999999643154,1.1496999999881155,1.1661999999880663,1.1829999999999927,1.1995999999642208,1.21630000001187,1.2338000000120246,1.2503999999762527,1.266300000012052,1.2840999999643827,1.2996999999882064,1.3163999999762837,1.3328999999762345,1.349699999988161,1.3663999999762382,1.3828000000119118,1.3996999999881155,1.4163000000119155,1.4329999999999927,1.44969999998807,1.46630000001187,1.4829999999999472,1.4996999999880245,1.516300000012052,1.5330999999644064,1.5496999999882064,1.5661999999881573,1.5836999999880845,1.59980000001201,1.6168000000120628,1.6338999999761654,1.64939999997614,1.6668000000120173,1.6835999999643718,1.69969999998807,1.71630000001187]",0.01664466,0.000446503,104.0,left,0.0,,,,,,1.0,0.0,4.0,0.5,1.552879254,-1.0,0.559515708,-0.899678025,15.0,-0.006108652,0.362511679,0.045131456,0.089284594,0.250473103,5.0,2.394195885,0.997113178,51.0,-0.000872665,0.388957543,0.039197552,0.074659583,0.215725836,5.0,2.447687623,0.983304677,21.0,-0.010471976,0.368150016,0.035450396,0.075174448,0.223969416,6.0,2.895734571,0.472139424,18.0,-0.008726646,0.365457086,0.031782524,0.075683607,0.153768306,4.0,0.0,0.0,0.0,0.0,0.0,0.0,0.0,0.0,0.0,0.0,0.0,0.0,0.0,0.0,0.0,0.0,0.0,0.0,0.0,0.0,0.0,0.0,0.0,0.0,0.0,0.0,0.0,0.0,0.0,0.0,0.0,0.0,0.0,0.0,0.0,0.0,0.0,0.0,0.0,0.0,0.0,0.0,0.0,0.0,0.0,0.0,0.0,0.0,0.0,0.0,0.0,0.0,0.0,0.0,0.0,0.0,0.0,0.0,0.0,0.0,0.0,0.0,0.0,0.0,0.0,0.0,0.0,0.0,0.0,0.0,0.0,0.0,,,,,,,1.1837,,0.0,34.0,34.0,34.0,1.0,,,,,,,,,,,,,,,,,,,,,,,,,,,,0
S070,2,2024-11-21_13h14.36.924,MotivatedInference,2024.1.5,Win32,60.24096386,668be8e87e83611e680fb3ab,{{%SESSION_ID%},Chrome,,,,,,,,,,,,,,,,,,,,,,,,,,,,,,1.0,,,,,,,,8.0,,,,,,,,,conditions/conds_177.csv,4.0,0.0,,,,,,,,,1685.0868,1688.1694,"[0.0028000000120300683,0.016599999964228118,0.032500000000027285,0.0490999999642554,0.06580000001190456,0.08319999998821004,0.09950000000003456,0.11580000001208646,0.13239999997631458,0.14909999996439183,0.16580000001204098,0.18250000000011823,0.19959999996422084,0.21589999997627274,0.23319999998807361,0.24919999998815,0.26669999998807725,0.2828000000120028,0.29919999998810454,0.31580000001190456,0.33239999997636005,0.34919999998805906,0.36580000001208646,0.38259999996444094,0.3990999999643918,0.4158999999763182,0.4323999999762691,0.4491999999881955,0.4658000000119955,0.4830999999642245,0.49919999998815,0.5156999999881009,0.5323999999761782,0.5491999999881045,0.5656999999882828,0.58239999997636,0.5990999999644373,0.6165000000000873,0.6330000000000382,0.6490999999643918,0.665800000012041,0.6833000000119682,0.6991999999881955,0.7158000000119955,0.7325000000000728,0.7490999999643009,0.76580000001195,0.7823999999761782,0.7991999999881045,0.8156999999882828,0.8324999999999818,0.8490999999644373,0.8658000000120865,0.8833999999762909,0.900000000000091,0.9158999999763182,0.9325000000001182,0.9490000000000691,0.9665999999642736,0.9828000000120483,0.9990999999643009,1.0161999999882028,1.032300000011901,1.0490999999642554,1.0656999999882828,1.0833000000120592,1.0990999999644373,1.1156999999882373,1.1325000000001637,1.1490999999643918,1.165800000012041,1.182399999976269,1.1991999999881955,1.2158000000119955,1.2325000000000728,1.2490999999643009,1.2666999999880773,1.2823999999761782,1.2991999999881045,1.3168999999761581,1.3323000000120828,1.34900000000016,1.3658000000120865,1.3825000000001637,1.3990999999643918,1.4156999999881918,1.4325000000001182,1.4491999999881955,1.4658000000119955,1.4825000000000728,1.49919999998815,1.51580000001195,1.5325000000000273,1.5490999999642554,1.5656999999882828,1.58239999997636,1.5990999999644373,1.6158000000120865,1.632099999964339,1.6490999999643918,1.6656999999881918,1.682399999976269,1.6990999999643464,1.7158000000119955,1.7333999999762,1.7490999999643009,1.7655999999642518,1.7823999999761782,1.8000999999642318,1.81659999996441,1.8323000000120828,1.8490999999644373,1.8656999999882373,1.8823999999763146,1.8990999999643918,1.9156999999881918,1.932399999976269,1.9490999999643464,1.9661999999882482,1.9823000000119464,1.9990000000000236,2.015500000000202,2.032300000011901,2.0490999999642554,2.065699999988283,2.082499999999982,2.0990999999644373,2.1158000000120865,2.1323999999763146,2.149199999988241,2.165800000012041,2.1825000000001182,2.199000000000069,2.2158000000119955,2.2323999999762236,2.2488000000121247,2.265699999988101,2.2825000000000273,2.3000999999642318,2.316099999964308,2.33239999997636,2.348899999976311,2.3658000000120865,2.3823999999763146,2.399099999964392,2.415800000012041,2.4325000000001182,2.4490999999643464,2.4656999999881464,2.4823999999762236,2.499099999964301,2.5158999999762273,2.532399999976178,2.5490999999642554,2.565699999988283,2.58239999997636,2.59900000000016,2.6156999999882373,2.6325000000001637,2.6490000000001146,2.665800000012041,2.6825999999643955,2.6990999999643464,2.7156999999881464,2.7325000000000728,2.749099999964301,2.7665000000001783,2.7825000000000273,2.7990999999642554,2.8158000000119046,2.83239999997636,2.8490999999644373,2.8656999999882373,2.8823000000120373,2.8990000000001146,2.915699999988192,2.9326999999882446,2.9490999999643464,2.96550000000002,2.9823999999762236,2.999099999964301,3.015699999988101,3.032399999976178,3.0490999999642554,3.0655999999644337,3.08239999997636]",0.016646486,0.000419783,186.0,right,1.0,,,,,,2.0,0.0,8.0,0.5,-1.636361657,1.0,2.562045795,0.916440818,3.0,0.001745329,0.342027877,0.030569748,0.094119191,0.219456558,8.0,1.126485126,-0.776203933,46.0,-8.92894e-14,0.385892478,0.022689461,0.062794509,0.135276835,6.0,0.427918936,-0.755120478,24.0,-0.000872665,0.370951047,0.044446314,0.068882508,0.271498611,5.0,1.638694562,0.135379491,40.0,0.001745329,0.381763748,0.031902579,0.075140032,0.211660484,6.0,1.784059209,0.413710331,66.0,-0.006108652,0.398200129,0.038012219,0.074472022,0.208169201,4.0,1.029465218,-0.883209459,3.0,0.001745329,0.342027877,0.030569748,0.094119191,0.219456558,8.0,0.046131234,-0.092131629,56.0,0.002617994,0.391878159,0.037400891,0.06461151,0.256914973,6.0,0.31877393,-0.595226797,21.0,-0.010471976,0.368150016,0.035450396,0.075174448,0.223969416,6.0,0.0,0.0,0.0,0.0,0.0,0.0,0.0,0.0,0.0,0.0,0.0,0.0,0.0,0.0,0.0,0.0,0.0,0.0,0.0,0.0,0.0,0.0,0.0,0.0,0.0,0.0,0.0,0.0,0.0,0.0,0.0,0.0,0.0,0.0,0.0,0.0,,,,,,,0.7344,,0.0,35.0,35.0,35.0,1.0,,,,,,,,,,,,,,,,,,,,,,,,,,,,0
S070,2,2024-11-21_13h14.36.924,MotivatedInference,2024.1.5,Win32,60.24096386,668be8e87e83611e680fb3ab,{{%SESSION_ID%},Chrome,,,,,,,,,,,,,,,,,,,,,,,,,,,,,,0.0,,,,,,,,11.0,,,,,,,,,conditions/conds_135.csv,5.0,0.0,,,,,,,,,1756.5068,1761.0181,"[0.0036999999881572876,0.014199999988022682,0.02769999998804451,0.049999999999954525,0.061800000011999145,0.07780000001184817,0.09439999997607629,0.11180000001195367,0.13230000001203734,0.1453000000119573,0.1638000000118609,0.18059999996421539,0.19509999996421357,0.2145999999643209,0.22869999998806634,0.24709999996434817,0.2610999999642445,0.28089999997609993,0.29439999997612176,0.3138999999762291,0.32780000001184817,0.3480999999642336,0.3650000000000091,0.37780000001203007,0.39709999996421175,0.4146999999879881,0.4305999999642154,0.4443999999762127,0.46100000000001273,0.4819999999999709,0.49480000001199187,0.514399999976149,0.5278999999761709,0.5444999999999709,0.5623000000118736,0.5805000000000291,0.5953000000120028,0.6108999999762545,0.6275999999643318,0.6449999999999818,0.6680999999641699,0.6780999999641608,0.6993999999760945,0.7143000000119173,0.7278000000119391,0.7493999999762764,0.7611999999880936,0.7805000000000746,0.7943999999761218,0.811099999964199,0.8278000000118482,0.8443999999760763,0.86200000000008,0.8785000000000309,0.8971999999880609,0.9110999999643354,0.9278000000119846,0.9450999999642136,0.9618000000118627,0.9828000000120483,0.9976999999880718,1.0108999999761181,1.0326999999881536,1.0445999999642481,1.0636999999881027,1.077699999987999,1.0980999999642336,1.1115999999642554,1.1305999999642609,1.1451999999881082,1.1645999999643664,1.1793999999761127,1.1976999999881173,1.2110000000000127,1.2308999999761454,1.245099999964168,1.2655999999642518,1.2789999999999964,1.2943999999761218,1.3109999999999218,1.3316999999881318,1.3448999999761782,1.3650999999642863,1.3813999999761108,1.3971999999880609,1.410899999976209,1.4311999999881664,1.4471999999880154,1.46109999996429,1.4778000000119391,1.49430000001189,1.5110999999642445,1.5330000000001291,1.5453000000120483,1.5643000000118263,1.5778000000118482,1.5988999999760836,1.611899999976231,1.6315999999642372,1.647899999976289,1.6610999999643354,1.6776999999881355,1.6978000000119664,1.7110000000000127,1.73059999996417,1.7476999999880718,1.7660999999643536,1.7785000000001219,1.7985000000001037,1.8109999999999218,1.8308000000120046,1.8451999999881536,1.865500000000111,1.878500000000031,1.8975999999643136,1.9118999999761854,1.9314999999999145,1.9450999999642136,1.9649999999999181,1.9783999999760908,1.9988000000118973,2.0111999999880936,2.0276999999880445,2.0454999999999472,2.06539999997608,2.081000000000131,2.101399999976138,2.1158999999761363,2.128500000000031,2.1490999999641645,2.161800000011908,2.186099999964199,2.194699999988188,2.2113000000119882,2.23130000001197,2.247899999976198,2.2610999999642445,2.2783999999762727,2.2948000000119464,2.314000000000078,2.327800000011848,2.3450999999643045,2.361899999976231,2.382000000000062,2.398099999964188,2.413899999976138,2.4306999999880645,2.444500000000062,2.4610000000000127,2.478300000012041,2.495099999964168,2.5148000000119737,2.5280999999642972,2.547599999964177,2.5613000000118973,2.5779999999999745,2.5988999999760836,2.611399999976129,2.6323000000120373,2.644599999964157,2.6610999999643354,2.6825000000001182,2.694899999976087,2.713999999999942,2.72769999998809,2.7443999999761672,2.762699999988172,2.782300000011901,2.7978999999761527,2.8108999999760726,2.832599999964259,2.8444999999999254,2.865500000000111,2.8783000000119046,2.8969999999999345,2.9111999999881846,2.930899999976191,2.9473000000118645,2.964599999964321,2.978300000012041,2.998699999988048,3.0146999999881245,3.0276999999880445,3.0470000000000255,3.0615000000000236,3.0801999999880536,3.0943000000120264,3.115000000000009,3.130800000011959,3.144399999976258,3.1649999999999636,3.1778000000119846,3.1981999999879918,3.211199999988139,3.230699999988019,3.2458999999762455,3.2618999999760945,3.280699999988201,3.2953000000120483,3.313899999976229,3.3285999999643536,3.3479999999999563,3.36200000000008,3.382099999964339,3.398699999988139,3.4113999999760836,3.4325000000001182,3.444500000000062,3.4618000000118627,3.4813999999762473,3.4945000000000164,3.5110999999642445,3.5276999999880445,3.545199999988199,3.564800000011928,3.5783999999762273,3.5989999999999327,3.61200000000008,3.632099999964339,3.6475999999643136,3.6653999999762163,3.678000000000111,3.6990999999643464,3.7113999999762655,3.73259999996435,3.744199999988041,3.7638999999762746,3.780699999988201,3.7943999999761218,3.8143000000118263,3.830899999976282,3.8480999999642336,3.8648000000118827,3.87780000001203,3.8975000000000364,3.9136999999880118,3.928000000000111,3.9473000000118645,3.9638999999760927,3.977599999964241,3.9953000000118664,4.01580000001195,4.027800000011894,4.047099999964303,4.06169999998815,4.080300000011903,4.095199999988154,4.11489999997616,4.128500000000031,4.147399999976187,4.164699999987988,4.180499999999938,4.1943000000119355,4.211000000000013,4.228599999964217,4.245300000011866,4.26139999997622,4.277599999964195,4.297199999988152,4.310899999976073,4.330500000000029,4.344099999964328,4.36409999996431,4.377599999964332,4.394300000011981,4.411800000011908,4.432399999976269,4.444500000000062,4.461000000000013,4.480899999976145,4.497000000000071,4.5110999999642445]",0.016632472,0.002953598,272.0,right,1.0,,,,,,2.0,0.0,12.0,0.5,-3.887775057,1.0,0.75501736,-0.998154581,15.0,-0.006108652,0.362511679,0.045131456,0.089284594,0.250473103,5.0,0.178542021,-0.349543704,4.0,0.001745329,0.345391377,0.044661649,0.086491224,0.292502374,6.0,0.055099326,-0.10997575,2.0,0.008726646,0.338473989,0.032964075,0.086271212,0.185208292,4.0,3.117342868,0.048480559,43.0,0.004363323,0.383893371,0.033132061,0.062242434,0.239996947,6.0,2.55473615,0.922192884,86.0,-0.01134464,0.414570186,0.03611148,0.064685839,0.099529567,3.0,1.891696545,0.598638595,51.0,-0.000872665,0.388957543,0.039197552,0.074659583,0.215725836,5.0,1.297005794,-0.520623501,76.0,-0.010471976,0.405435715,0.045146986,0.073305428,0.359082681,7.0,0.897214398,-0.9750983,82.0,0.004363323,0.410673221,0.022643594,0.062174001,0.106425045,4.0,0.730313893,-0.993937582,65.0,0.000872665,0.397557211,0.028332609,0.059251996,0.151978572,5.0,0.069391021,-0.13833697,8.0,-0.008726646,0.353798062,0.040824325,0.088208322,0.256820315,6.0,0.876867415,-0.983313367,100.0,-0.001745329,0.484835711,0.035177462,0.059949939,0.178411257,4.0,0.199286363,-0.38810334,21.0,-0.010471976,0.368150016,0.035450396,0.075174448,0.223969416,6.0,,,,,,,0.6439,,0.0,0.0,0.0,0.0,1.0,1689.2385,1754.4183,,,,,,,,,,,,,,,,,,,,,,,,,,0
S070,2,2024-11-21_13h14.36.924,MotivatedInference,2024.1.5,Win32,60.24096386,668be8e87e83611e680fb3ab,{{%SESSION_ID%},Chrome,,,,,,,,,,,,,,,,,,,,,,,,,,,,,,0.0,,,,,,,,9.0,,,,,,,,,conditions/conds_135.csv,5.0,0.0,,,,,,,,,1762.6848,1767.1346,"[0.0038000000117790478,0.016899999975976243,0.03289999997605264,0.04989999997610539,0.06669999998803178,0.08309999996413353,0.09959999996408442,0.11630000001173357,0.1328999999759617,0.14959999996403894,0.16699999999991633,0.18359999996414444,0.19959999996422084,0.21619999998802086,0.23289999997609812,0.24959999996417537,0.26639999997610175,0.2829999999999018,0.3003999999759799,0.31630000001177905,0.33289999997600717,0.3495999999640844,0.36689999997611267,0.38369999998803905,0.4003999999761163,0.41649999999981446,0.43330000001174085,0.44959999996422084,0.46630000001187,0.48299999999994725,0.5003999999760254,0.5165999999642281,0.5328999999760526,0.5495999999641299,0.566300000011779,0.5828999999760072,0.5994999999998072,0.6163999999760108,0.6329999999998108,0.6495999999640389,0.6663000000119155,0.6829999999999927,0.6995999999642208,0.7161999999880209,0.7336999999879481,0.7495999999641754,0.7663000000118245,0.7836999999879026,0.7995999999641299,0.8161999999879299,0.8328000000117299,0.8495999999640844,0.8659999999999854,0.8828000000119118,0.8995999999640389,0.9170999999641936,0.9338000000118427,0.9495999999642208,0.9663999999761472,0.9828999999760981,0.9996999999880245,1.0161999999879754,1.0328999999760526,1.0494999999998527,1.06619999998793,1.0829999999998563,1.0995999999640844,1.117099999964239,1.1340999999640644,1.1498999999760144,1.1661999999880663,1.1834999999998672,1.1995999999642208,1.2168000000117445,1.2333999999759726,1.2503999999760254,1.2666999999880773,1.2828999999760526,1.29959999996413,1.31619999998793,1.3329999999998563,1.349399999975958,1.3663000000117336,1.3828999999759617,1.399699999987888,1.4171999999880427,1.4336999999879936,1.4495999999642208,1.4661999999880209,1.4829999999999472,1.4995999999641754,1.5168999999759762,1.5335999999640535,1.54959999996413,1.566300000011779,1.5828999999760072,1.5995999999640844,1.6158999999761363,1.6328999999759617,1.649499999999989,1.6671999999880427,1.6829999999999927,1.6995999999642208,1.717099999964148,1.7329999999999472,1.7495999999641754,1.7670999999641026,1.7828999999760526,1.7994999999998527,1.81619999998793,1.8329999999998563,1.8494999999998072,1.8669999999999618,1.8838000000118882,1.8998000000117372,1.9163000000119155,1.9328999999761436,1.9493999999760945,1.9669999999998709,1.9828999999760981,1.9995999999641754,2.0170999999641026,2.0333000000118773,2.0494999999998527,2.06619999998793,2.082899999976007,2.0995999999640844,2.1163000000117336,2.132999999999811,2.149599999964039,2.167300000011892,2.1828999999761436,2.200599999964197,2.2168000000117445,2.232899999976098,2.249399999976049,2.2663000000118245,2.2828999999760526,2.29959999996413,2.31619999998793,2.332899999976007,2.349499999999807,2.3661999999878844,2.383099999964088,2.40019999998799,2.417399999976169,2.4328999999761436,2.449599999964221,2.466199999988021,2.483599999964099,2.4995999999641754,2.5171999999879517,2.5336999999879026,2.5494999999998527,2.566300000011779,2.58280000001173,2.5995999999640844,2.6161999999878844,2.632800000011912,2.649599999964039,2.6663000000119155,2.6829999999999927,2.699599999964221,2.7160999999641717,2.7329999999999472,2.749499999999898,2.7663000000118245,2.7828000000117754,2.7994999999998527,2.816300000011779,2.8336999999880845,2.8495999999640844,2.866599999964137,2.8833000000117863,2.899499999999989,2.9161999999880663,2.9328000000118664,2.949599999964221,2.966199999988021,2.982899999976098,3.0003999999760254,3.0168000000119264,3.0328999999760526,3.04959999996413,3.066099999964081,3.0829999999998563,3.0995999999640844,3.1161999999878844,3.132999999999811,3.149599999964039,3.1669999999999163,3.1836999999879936,3.199599999964221,3.216999999999871,3.2333000000119227,3.2495999999641754,3.2661999999879754,3.2828999999760526,3.299699999987979,3.31619999998793,3.332899999976007,3.349499999999807,3.3660999999640353,3.3828999999759617,3.399499999999989,3.416099999964217,3.4329999999999927,3.4494999999999436,3.46630000001187,3.483699999987948,3.499499999999898,3.5168000000119264,3.5329999999999018,3.54959999996413,3.566899999976158,3.5830999999641335,3.6000999999641863,3.6163000000117336,3.632800000011912,3.649499999999989,3.6669999999999163,3.6835999999641444,3.699599999964221,3.71630000001187,3.732899999976098,3.7495999999641754,3.7671999999879517,3.7836999999879026,3.7994999999998527,3.817099999964057,3.833399999976109,3.8495999999640844,3.8661999999878844,3.8828999999759617,3.9003999999761163,3.9161999999880663,3.9328000000118664,3.94969999998807,3.9664999999999964,3.982899999976098,3.9995999999641754,4.016199999987975,4.032899999976053,4.049499999999853,4.06619999998793,4.08280000001173,4.099599999964084,4.116199999987884,4.132899999975962,4.149599999964039,4.166999999999916,4.1835999999641444,4.1993999999760945,4.216899999976022,4.233599999964099,4.249499999999898,4.266199999987975,4.282899999976053,4.300099999964232,4.316499999999905,4.332699999987881,4.349499999999807,4.366199999987884,4.382899999975962,4.399599999964039,4.416199999988066,4.432999999999993,4.449599999964221]",0.016650936,0.000477694,268.0,left,1.0,,,,,,1.0,0.0,12.0,0.5,4.948667542,1.0,2.77223883,0.673332987,9.0,0.01134464,0.355140301,0.038458273,0.073668072,0.274720221,7.0,1.456633824,-0.226346318,4.0,0.001745329,0.345391377,0.044661649,0.086491224,0.292502374,6.0,2.646847266,0.835746464,17.0,-0.004363323,0.364429878,0.03744875,0.082879054,0.20378895,5.0,2.346010023,0.99979256,26.0,-8.92894e-14,0.37233788,0.03804093,0.07765862,0.260457405,6.0,1.719039858,0.292162353,51.0,-0.000872665,0.388957543,0.039197552,0.074659583,0.215725836,5.0,1.675326336,0.207540476,76.0,-0.010471976,0.405435715,0.045146986,0.073305428,0.359082681,7.0,2.619339528,0.864676619,64.0,-0.012217305,0.396824946,0.026418425,0.079335183,0.168726505,6.0,0.690289254,-0.981963075,64.0,-0.012217305,0.396824946,0.026418425,0.079335183,0.168726505,6.0,2.520971527,0.946186749,56.0,0.002617994,0.391878159,0.037400891,0.06461151,0.256914973,6.0,2.229074319,0.967854636,40.0,0.001745329,0.381763748,0.031902579,0.075140032,0.211660484,6.0,1.230562825,-0.629156084,72.0,0.006108652,0.40239539,0.026269008,0.066501733,0.165237327,6.0,2.380278198,0.998840174,83.0,0.005235988,0.41175896,0.032251087,0.065012348,0.244231929,6.0,,,,,,,0.6017,,0.0,1.0,1.0,1.0,1.0,,,,,,,,,,,,,,,,,,,,,,,,,,,,0
S070,2,2024-11-21_13h14.36.924,MotivatedInference,2024.1.5,Win32,60.24096386,668be8e87e83611e680fb3ab,{{%SESSION_ID%},Chrome,,,,,,,,,,,,,,,,,,,,,,,,,,,,,,0.0,,,,,,,,5.0,,,,,,,,,conditions/conds_135.csv,5.0,0.0,,,,,,,,,1768.7346,1771.8187,"[0.0029999999999290594,0.016399999976101753,0.032999999999901775,0.050399999976207255,0.06649999999990541,0.08300000000008367,0.09989999997605992,0.11639999997623818,0.1330000000000382,0.15089999997621817,0.16759999996429542,0.1835000000000946,0.19969999998806998,0.21649999999999636,0.23289999997609812,0.2496999999880245,0.26639999997610175,0.283099999964179,0.2995999999641299,0.31609999996430815,0.33309999996413353,0.3496999999881609,0.36719999998808817,0.38369999998803905,0.3997999999523927,0.4163999999761927,0.43309999996426995,0.44969999998807,0.4662999999522981,0.48379999995222533,0.5007999999522781,0.51709999996433,0.5332999999523054,0.549699999987979,0.5663999999760563,0.5828999999762345,0.6001999999880354,0.616299999952389,0.633699999988039,0.6496999999881155,0.6662999999523436,0.68309999996427,0.6997999999523472,0.7162999999522981,0.7330999999642245,0.7502999999524036,0.7663999999761018,0.783099999964179,0.799699999987979,0.8163999999760563,0.8338999999762109,0.8506999999881373,0.8665999999641372,0.8835999999641899,0.8996999999881155,0.9162999999523436,0.9329999999999927,0.94969999998807,0.9663999999761472,0.9829999999999472,0.9996999999880245,1.0162999999522526,1.0327999999522035,1.049699999987979,1.0662999999522071,1.0830000000000837,1.099699999988161,1.117099999964239,1.1340999999642918,1.1497999999523927,1.1663999999761927,1.1835000000000946,1.1997999999523472,1.216299999952298,1.2330999999642245,1.2495999999641754,1.2663999999761018,1.2829999999999018,1.299699999987979,1.3162999999522071,1.3330999999641335,1.349699999988161,1.366299999952389,1.3840000000000146,1.3995999999642663,1.4163999999761927,1.4336999999879936,1.4505999999641972,1.4663999999761472,1.4835999999643263,1.5,1.5162999999522526,1.5329999999999018,1.549699999987979,1.5662999999522071,1.5828999999762345,1.599699999988161,1.616299999952389,1.633699999988039,1.6496999999881155,1.6662999999523436,1.6837999999522708,1.6997999999523472,1.717099999964148,1.7339999999999236,1.7495999999641754,1.7662999999522526,1.7831999999880281,1.8005999999643336,1.8166999999880318,1.83329999995226,1.8493999999761854,1.866299999952389,1.883699999988039,1.8996999999881155,1.9163999999761927,1.93309999996427,1.9495999999642208,1.9663999999761472,1.9829999999999472,1.9996999999880245,2.0162999999522526,2.0329999999999018,2.0497999999522563,2.067299999952411,2.0836999999880845,2.099699999988161,2.116399999976238,2.1330999999643154,2.150799999952369,2.16809999996417,2.1827999999522945,2.199799999952347,2.216299999952298,2.2329999999999472,2.2496999999880245,2.266499999999951,2.2828999999760526,2.29959999996413,2.316299999952207,2.3330000000000837,2.349699999988161,2.366199999988112,2.383000000000038,2.4004999999999654,2.4163999999761927,2.4329999999999927,2.449799999952347,2.46759999996425,2.483299999952351,2.4996999999880245,2.5162999999522526,2.5329999999999018,2.54959999996413,2.566299999952207,2.5828999999762345,2.600399999976162,2.6172999999523654,2.6337999999523163,2.6496999999881155,2.6662999999523436,2.6829999999999927,2.69969999998807,2.7163999999761472,2.7336999999881755,2.7495999999641754,2.7663999999761018,2.783599999964281,2.8000999999642318,2.816299999952207,2.832699999988108,2.849599999964312,2.8666999999879863,2.883000000000038,2.8995999999642663,2.9162999999523436,2.9329999999999927,2.949799999952347,2.9663999999761472,2.9831999999880736,2.9996999999880245,3.0163999999761018,3.0328999999760526,3.0503999999762073,3.0671999999881336,3.083899999976211]",0.016653514,0.000506393,186.0,right,1.0,,,,,,1.0,0.0,8.0,0.5,2.665676628,-1.0,2.310091802,0.995752095,89.0,0.014835299,0.418022232,0.039220845,0.067729576,0.134251055,3.0,2.907173362,0.451850498,62.0,-0.006981317,0.395568746,0.03641844,0.082091507,0.288170754,7.0,2.377997093,0.999049444,43.0,0.004363323,0.383893371,0.033132061,0.062242434,0.239996947,6.0,1.964433394,0.708432048,32.0,0.007853982,0.376580194,0.027808234,0.064839678,0.152904525,6.0,3.082578204,0.117755051,100.0,-0.001745329,0.484835711,0.035177462,0.059949939,0.178411257,4.0,1.112922587,-0.793018171,76.0,-0.010471976,0.405435715,0.045146986,0.073305428,0.359082681,7.0,0.184781698,-0.361208339,23.0,0.001745329,0.370048297,0.033576258,0.089212406,0.165879093,5.0,2.852166244,0.547064002,6.0,-0.001745329,0.3497664,0.039524515,0.103278094,0.256513403,7.0,0.0,0.0,0.0,0.0,0.0,0.0,0.0,0.0,0.0,0.0,0.0,0.0,0.0,0.0,0.0,0.0,0.0,0.0,0.0,0.0,0.0,0.0,0.0,0.0,0.0,0.0,0.0,0.0,0.0,0.0,0.0,0.0,0.0,0.0,0.0,0.0,,,,,,,0.4669,,0.0,2.0,2.0,2.0,1.0,,,,,,,,,,,,,,,,,,,,,,,,,,,,0
S070,2,2024-11-21_13h14.36.924,MotivatedInference,2024.1.5,Win32,60.24096386,668be8e87e83611e680fb3ab,{{%SESSION_ID%},Chrome,,,,,,,,,,,,,,,,,,,,,,,,,,,,,,0.0,,,,,,,,6.0,,,,,,,,,conditions/conds_135.csv,5.0,0.0,,,,,,,,,1773.2846,1776.3686,"[0.0025000000000545697,0.016199999988202762,0.03279999995243088,0.0496999999882064,0.06719999998813364,0.08300000000008367,0.09969999998816093,0.11609999996426268,0.13289999997618906,0.14959999996426632,0.1663999999761927,0.18399999999996908,0.20000000000004547,0.21609999996417173,0.23299999999994725,0.24959999996417537,0.2667999999523545,0.28300000000012915,0.30039999997620725,0.3161999999881573,0.3327999999523854,0.3496999999881609,0.3661999999881118,0.3830000000000382,0.4001999999882173,0.41629999995234357,0.4329999999999927,0.44959999996422084,0.4662999999522981,0.48299999999994725,0.49959999996417537,0.5162999999522526,0.5330000000001291,0.5495999999643573,0.5662999999524345,0.5835999999642354,0.5995999999643118,0.6161999999881118,0.6331999999881646,0.6497999999523927,0.6665999999643191,0.6832999999523963,0.6995999999642208,0.7161999999880209,0.7329999999999472,0.7495999999641754,0.7661999999882028,0.7830000000001291,0.7996999999882064,0.8170999999642845,0.8336999999880845,0.8496999999881609,0.867099999964239,0.8828999999761891,0.8994999999999891,0.9170000000001437,0.9328999999761436,0.9495999999642208,0.9662999999522981,0.9831999999880736,0.9996999999880245,1.0161999999882028,1.0326999999881536,1.0496999999882064,1.0670999999642845,1.0835999999642354,1.0995999999643118,1.116299999952389,1.13359999996419,1.1503999999761163,1.1661999999880663,1.1828999999761436,1.1995999999642208,1.216299999952298,1.2329999999999472,1.2495999999641754,1.2670000000000528,1.283099999964179,1.2995999999643573,1.3162999999524345,1.33319999998821,1.3498999999762873,1.3665999999643645,1.382899999976189,1.39939999997614,1.4162999999523436,1.4328999999761436,1.4495999999642208,1.466299999952298,1.4829999999999472,1.4997999999523017,1.5162999999522526,1.5330000000001291,1.5495999999643573,1.5670999999642845,1.5830000000000837,1.6002999999523126,1.617099999964239,1.6330000000000382,1.650000000000091,1.6662999999523436,1.6832999999523963,1.6993999999760945,1.7170000000000982,1.7332999999523508,1.7496999999880245,1.7662999999522526,1.7830000000001291,1.8005999999643336,1.8161999999881573,1.8328999999762345,1.8495000000000346,1.8669999999999618,1.882899999976189,1.8995999999642663,1.9170999999641936,1.93389999997612,1.9494999999999436,1.9670000000000982,1.9829999999999472,1.9995999999641754,2.0161999999882028,2.032799999952431,2.0495999999643573,2.0662999999524345,2.0830000000000837,2.1001999999880354,2.1159999999999854,2.133399999976291,2.1495999999642663,2.1661999999880663,2.1829999999999927,2.1994999999999436,2.2170999999643755,2.2333999999762,2.2496999999880245,2.2662999999522526,2.283000000000129,2.2995999999643573,2.3170999999642845,2.3337999999523618,2.349699999988161,2.3665999999643645,2.3845999999643936,2.3995999999642663,2.4162999999523436,2.4328999999761436,2.449599999964221,2.466299999952298,2.482899999976098,2.4995000000001255,2.516599999964228,2.533000000000129,2.5495999999643573,2.5661999999881573,2.5828999999762345,2.599599999964312,2.616299999952389,2.63359999996419,2.6496999999881155,2.6662999999523436,2.6832999999523963,2.699599999964221,2.716199999988021,2.7336999999881755,2.7496999999880245,2.7662999999522526,2.782799999952431,2.7995999999643573,2.8170000000000073,2.832699999988108,2.849599999964312,2.866999999999962,2.883000000000038,2.899499999999989,2.9161999999880663,2.9340999999642463,2.950299999952449,2.966199999988021,2.9829999999999472,3.0003999999762527,3.0163999999761018,3.03289999997628,3.0495999999643573,3.0662999999524345,3.0836999999880845]",0.016655135,0.000525756,186.0,left,1.0,,,,,,1.0,0.0,8.0,0.5,3.614644932,1.0,0.090999498,-0.180995914,59.0,0.006981317,0.393731017,0.031135395,0.06163787,0.205460115,5.0,2.536190492,0.935899641,95.0,-0.003490659,0.427246221,0.028411926,0.064304978,0.203029515,6.0,1.31692244,-0.486210392,86.0,-0.01134464,0.414570186,0.03611148,0.064685839,0.099529567,3.0,3.009479162,0.261163157,91.0,0.001745329,0.420659204,0.046109782,0.086244352,0.261967492,5.0,2.205040662,0.954651987,85.0,0.003490659,0.413672168,0.024690997,0.064801949,0.114487367,4.0,1.779304992,0.405035201,100.0,-0.001745329,0.484835711,0.035177462,0.059949939,0.178411257,4.0,2.014493849,0.775429522,80.0,0.000872665,0.408817555,0.034279956,0.069360427,0.160822937,4.0,2.515499521,0.949671729,56.0,0.002617994,0.391878159,0.037400891,0.06461151,0.256914973,6.0,0.0,0.0,0.0,0.0,0.0,0.0,0.0,0.0,0.0,0.0,0.0,0.0,0.0,0.0,0.0,0.0,0.0,0.0,0.0,0.0,0.0,0.0,0.0,0.0,0.0,0.0,0.0,0.0,0.0,0.0,0.0,0.0,0.0,0.0,0.0,0.0,,,,,,,0.565,,0.0,3.0,3.0,3.0,1.0,,,,,,,,,,,,,,,,,,,,,,,,,,,,0
S070,2,2024-11-21_13h14.36.924,MotivatedInference,2024.1.5,Win32,60.24096386,668be8e87e83611e680fb3ab,{{%SESSION_ID%},Chrome,,,,,,,,,,,,,,,,,,,,,,,,,,,,,,0.0,,,,,,,,12.0,,,,,,,,,conditions/conds_135.csv,5.0,0.0,,,,,,,,,1777.9355,1782.4176,"[0.0036999999881572876,0.01530000001184817,0.03199999999992542,0.04849999999987631,0.0653000000118027,0.08199999999987995,0.0986999999879572,0.11539999997603445,0.13200000000006185,0.1486999999881391,0.16530000001193912,0.18269999998801723,0.1986000000238164,0.21530000001189364,0.2319999999999709,0.24949999999989814,0.26530000001184817,0.28269999998815365,0.29930000001195367,0.3153000000118027,0.3316999999881318,0.34860000002390734,0.36539999997603445,0.38169999998808635,0.39860000002386187,0.4153000000119391,0.43200000000001637,0.44960000002379275,0.46530000001189364,0.4819999999999709,0.4986000000237709,0.5153000000118482,0.5319999999999254,0.5486999999880027,0.5653000000118027,0.58199999999988,0.5995000000000346,0.6153000000119846,0.6318999999762127,0.6494999999999891,0.6661000000237891,0.6818999999761672,0.6993000000118172,0.7153000000118936,0.7319999999999709,0.7486999999880481,0.7653000000118482,0.7826999999881536,0.7989999999999782,0.8153999999760799,0.83199999999988,0.8486999999879572,0.8651999999881355,0.8820000000000618,0.8986999999881391,0.9153999999762163,0.93260000002374,0.9494999999999436,0.9653000000118936,0.9846999999881518,0.9983999999760726,1.015699999988101,1.0321000000237746,1.0483000000119773,1.0656999999880554,1.082100000023729,1.0988000000118063,1.1154999999998836,1.1326999999880627,1.1493000000118627,1.1656999999879645,1.1828000000118664,1.1990000000000691,1.21550000000002,1.2321999999880973,1.2488999999761745,1.2661999999879754,1.2818999999760763,1.299399999976231,1.3153000000118027,1.33199999999988,1.3486000000239073,1.3651999999881355,1.382100000023911,1.3986000000238619,1.4153000000119391,1.4320000000000164,1.4493999999760945,1.4653000000118936,1.4818999999761218,1.4994999999998981,1.5153000000118482,1.5319999999999254,1.5493000000119537,1.566000000000031,1.5826999999881082,1.5986999999879572,1.6151999999881355,1.6318999999762127,1.6488000000119882,1.66599999999994,1.6818999999761672,1.6986999999880936,1.7153000000118936,1.732600000023922,1.749399999976049,1.7660000000000764,1.782300000011901,1.7984999999998763,1.81539999997608,1.83199999999988,1.8496000000238837,1.8666000000239364,1.8831000000238873,1.8986000000238619,1.9153000000119391,1.9326999999880172,1.9486000000238164,1.9661999999880209,1.9821999999880973,1.9983999999760726,2.0153999999761254,2.0319999999999254,2.0484999999998763,2.0651999999879536,2.081899999976031,2.098500000000058,2.1153000000119846,2.132000000000062,2.148699999988139,2.1653999999762163,2.1818999999761672,2.1986000000238164,2.2153000000118936,2.2318999999761218,2.2496000000237473,2.2658999999762273,2.2826000000238764,2.298899999976129,2.3153000000118027,2.331699999988132,2.3486000000239073,2.3653000000119846,2.3818999999762127,2.398600000023862,2.41519999998809,2.4320000000000164,2.4486000000238164,2.4653000000118936,2.4818999999761218,2.498600000023771,2.51580000001195,2.5319999999999254,2.5486000000237254,2.5651999999879536,2.58199999999988,2.5993999999761854,2.6156000000237327,2.632100000023911,2.648600000023862,2.66519999998809,2.6826999999880172,2.6986000000238164,2.7153000000118936,2.7318999999761218,2.748699999988048,2.7660000000000764,2.782399999976178,2.7986999999880027,2.8153000000118027,2.832600000023831,2.8495000000000346,2.8653999999760345,2.8818999999762127,2.89939999997614,2.9161999999880663,2.93260000002374,2.9486000000238164,2.965399999976171,2.9818999999761218,2.9983999999760726,3.0153999999761254,3.0326000000238764,3.048999999999978,3.0651999999879536,3.081899999976031,3.098500000000058,3.1151999999881355,3.1318999999762127,3.1485000000000127,3.16519999998809,3.1820000000000164,3.1993000000118172,3.216199999988021,3.2318999999761218,3.248600000023771,3.265300000011848,3.2818999999760763,3.2999999999999545,3.3151999999879536,3.331899999976031,3.348500000000058,3.3651999999881355,3.3818000000119355,3.398699999988139,3.41599999999994,3.4320000000000164,3.4486000000238164,3.4659999999998945,3.481999999999971,3.498600000023771,3.515300000011848,3.531800000011799,3.5486000000237254,3.5653000000118027,3.581899999976031,3.5986000000239073,3.6153000000119846,3.6326999999880627,3.648600000023862,3.6661999999880663,3.6821000000238655,3.6986000000238164,3.715399999976171,3.7325000000000728,3.7488999999761745,3.7656000000238237,3.7816999999881773,3.7999999999999545,3.8151999999879536,3.831899999976031,3.848300000011932,3.8653000000119846,3.8818000000119355,3.898699999988139,3.915300000011939,3.9318999999761672,3.9486000000238164,3.9653000000118936,3.9836999999881755,3.99919999998815,4.014899999976251,4.031899999976076,4.048600000023725,4.06610000002388,4.0828999999762345,4.099199999988059,4.1151999999881355,4.131899999976213,4.148500000000013,4.16519999998809,4.181899999976167,4.198499999999967,4.2159999999998945,4.232800000011821,4.249399999976049,4.265399999976125,4.282699999988154,4.298600000023725,4.315899999976182,4.332100000023729,4.348699999987957,4.36489999997616,4.3818000000119355,4.398500000000013,4.415100000023813,4.431899999976167,4.449199999987968,4.4659999999998945,4.481899999976122]",0.016647584,0.000620621,270.0,right,0.0,,,,,,2.0,0.0,12.0,0.5,-2.548526313,-1.0,0.616583303,-0.943542474,19.0,-8.92894e-14,0.366380653,0.037711395,0.069882825,0.280007013,7.0,0.276037732,-0.524455485,89.0,0.014835299,0.418022232,0.039220845,0.067729576,0.134251055,3.0,0.391443767,-0.705329272,74.0,-0.002617994,0.403888444,0.032857311,0.06846285,0.186846183,6.0,0.31584738,-0.590513324,59.0,0.006981317,0.393731017,0.031135395,0.06163787,0.205460115,5.0,2.952489629,0.369253895,36.0,0.002617994,0.379263044,0.03913601,0.077664539,0.168574417,3.0,1.036006321,-0.87699878,94.0,0.004363323,0.42523076,0.035907823,0.059015617,0.218525823,5.0,0.073843643,-0.14715099,39.0,-0.006981317,0.381053424,0.030288742,0.070264002,0.227413277,7.0,2.877720677,0.503585523,43.0,0.004363323,0.383893371,0.033132061,0.062242434,0.239996947,6.0,2.971848665,0.333004336,59.0,0.006981317,0.393731017,0.031135395,0.06163787,0.205460115,5.0,1.760246642,0.3698993,51.0,-0.000872665,0.388957543,0.039197552,0.074659583,0.215725836,5.0,1.279595279,-0.550031617,24.0,-0.000872665,0.370951047,0.044446314,0.068882508,0.271498611,5.0,1.678503684,0.213752576,16.0,0.017453293,0.363466057,0.031192723,0.069909496,0.180964939,5.0,,,,,,,0.7179,,0.0,4.0,4.0,4.0,1.0,,,,,,,,,,,,,,,,,,,,,,,,,,,,0
S070,2,2024-11-21_13h14.36.924,MotivatedInference,2024.1.5,Win32,60.24096386,668be8e87e83611e680fb3ab,{{%SESSION_ID%},Chrome,,,,,,,,,,,,,,,,,,,,,,,,,,,,,,0.0,,,,,,,,2.0,,,,,,,,,conditions/conds_135.csv,5.0,0.0,,,,,,,,,1784.1373,1785.8535,"[0.0013999999762290827,0.016499999999950887,0.030099999964249946,0.05059999996433362,0.06419999998820458,0.08289999997623454,0.09759999996435909,0.11609999996426268,0.13089999997623636,0.14969999998811545,0.16419999998811363,0.18450000000007094,0.20019999998817184,0.21339999997621817,0.23019999998814455,0.24680000001194458,0.2673999999763055,0.2833999999761545,0.2968000000118991,0.3161999999881573,0.33489999997618725,0.3493999999761854,0.3635999999642081,0.38489999997614177,0.3995999999642663,0.4163999999761927,0.4300999999643409,0.4494999999999436,0.464099999964219,0.4808000000118682,0.5000999999642772,0.5148000000119737,0.5331999999880281,0.5465999999642008,0.5661999999881573,0.5796999999881791,0.5973999999762327,0.61409999996431,0.6304999999999836,0.6466999999881864,0.6690999999643736,0.6828999999761436,0.6966999999881409,0.7135000000000673,0.7325000000000728,0.7466999999880954,0.7674999999999272,0.7809999999999491,0.8005000000000564,0.8156999999880554,0.8330999999643609,0.8466999999880045,0.8630000000000564,0.8830999999643154,0.8968000000120355,0.9166999999881682,0.9298000000119373,0.9494999999999436,0.9633999999762182,0.984800000012001,0.9983999999763,1.0164999999999509,1.03289999997628,1.046800000011899,1.0633999999761272,1.0800999999642045,1.1001999999880354,1.114199999988159,1.1353000000119664,1.1475000000000364,1.1668999999762946,1.1804999999999382,1.199800000011919,1.2185999999642263,1.2308999999761454,1.2498999999761509,1.2676999999880536,1.280999999999949,1.3008999999760817,1.3141999999882046,1.3338000000119337,1.3475000000000819,1.3683000000119137,1.38350000000014,1.3966999999881864,1.4135000000001128,1.4303000000120392,1.44969999998807,1.4639999999999418,1.4838999999763018,1.4975999999642227,1.5180999999643063,1.5303000000119482,1.5495999999643573,1.5633999999761272,1.5828999999762345,1.5995999999643118,1.6168000000120628,1.6326999999880627,1.6466999999881864,1.6633999999762636,1.6828000000118664,1.696699999988141,1.7160000000001219]",0.016646602,0.00269958,104.0,left,1.0,,,,,,1.0,0.0,4.0,0.5,0.354177442,1.0,1.766443321,0.381384918,54.0,-0.000872665,0.390632361,0.034931933,0.073298853,0.195852464,4.0,1.775078226,0.397291748,14.0,-0.004363323,0.361562951,0.033827978,0.08680928,0.200727788,5.0,0.316823223,-0.592087263,89.0,0.014835299,0.418022232,0.039220845,0.067729576,0.134251055,3.0,3.057401356,0.167588039,66.0,-0.006108652,0.398200129,0.038012219,0.074472022,0.208169201,4.0,0.0,0.0,0.0,0.0,0.0,0.0,0.0,0.0,0.0,0.0,0.0,0.0,0.0,0.0,0.0,0.0,0.0,0.0,0.0,0.0,0.0,0.0,0.0,0.0,0.0,0.0,0.0,0.0,0.0,0.0,0.0,0.0,0.0,0.0,0.0,0.0,0.0,0.0,0.0,0.0,0.0,0.0,0.0,0.0,0.0,0.0,0.0,0.0,0.0,0.0,0.0,0.0,0.0,0.0,0.0,0.0,0.0,0.0,0.0,0.0,0.0,0.0,0.0,0.0,0.0,0.0,0.0,0.0,0.0,0.0,0.0,0.0,,,,,,,0.6834,,0.0,5.0,5.0,5.0,1.0,,,,,,,,,,,,,,,,,,,,,,,,,,,,0
S070,2,2024-11-21_13h14.36.924,MotivatedInference,2024.1.5,Win32,60.24096386,668be8e87e83611e680fb3ab,{{%SESSION_ID%},Chrome,,,,,,,,,,,,,,,,,,,,,,,,,,,,,,-1.0,,,,,,,,10.0,,,,,,,,,conditions/conds_135.csv,5.0,0.0,,,,,,,,,1789.0035,1793.4549,"[0.0036000000238800567,0.017600000023776374,0.03360000002385277,0.047800000011875454,0.06899999999995998,0.08119999998802996,0.10169999998811363,0.11460000002375637,0.13080000001195913,0.1476000000238855,0.16450000000008913,0.18530000001192093,0.1974999999999909,0.21419999998806816,0.2338000000120246,0.25160000002392735,0.26439999997614905,0.28500000000008185,0.2978999999761527,0.31819999998811,0.33060000002387824,0.35119999998801177,0.36910000002376364,0.38060000002383276,0.3998999999762418,0.4175000000000182,0.43049999999993815,0.45069999998804633,0.46419999998806816,0.48530000001187545,0.4971000000239201,0.5183000000120046,0.5338000000119791,0.5471999999881518,0.5666999999880318,0.5805000000000291,0.599999999999909,0.6144999999999072,0.6341000000238637,0.6478999999760617,0.6686000000238437,0.6811000000238892,0.6971000000237382,0.7170000000000982,0.7348999999760508,0.7476000000237946,0.7676999999880536,0.7811999999880754,0.7971000000238746,0.8138000000119519,0.8341999999881864,0.8481000000238055,0.8666000000239364,0.8803999999761345,0.8971000000237837,0.9190000000000964,0.9338999999761199,0.94969999998807,0.9638000000118154,0.9809999999999945,1.0019999999999527,1.0146999999881245,1.0335000000000036,1.0499999999999545,1.0638000000119519,1.0831000000239328,1.0971999999881064,1.11769999998819,1.1308999999762364,1.1498000000119646,1.1646000000239383,1.1841000000238182,1.197499999999991,1.2170000000000982,1.2306000000237418,1.2518000000118263,1.2641000000237455,1.2853999999761072,1.297300000012001,1.3181000000238328,1.3306000000238782,1.349999999999909,1.3665000000000873,1.3813000000118336,1.4008999999762182,1.4145000000000891,1.4343000000119446,1.4480000000000928,1.4666999999881227,1.481199999988121,1.5008999999761272,1.5138999999760472,1.5333999999761545,1.5513000000119064,1.567600000023731,1.580500000000029,1.599999999999909,1.6175000000000637,1.6311000000239346,1.65010000002394,1.6643000000119628,1.68389999997612,1.698100000023942,1.7183000000118227,1.7343999999761763,1.7501000000238491,1.7636999999881482,1.7805000000000746,1.80110000002378,1.8183000000119591,1.831300000011879,1.8473000000119555,1.864399999976058,1.88510000002384,1.8978000000120119,1.9186000000238437,1.9308000000119137,1.9498999999761963,1.9636999999881937,1.9804999999998927,1.99719999998797,2.013500000000022,2.0336000000238528,2.0474999999999,2.0643000000118263,2.0856999999880372,2.097899999976107,2.1136999999880572,2.130800000011959,2.1476000000238855,2.1669999999999163,2.181100000023889,2.197499999999991,2.2143000000119173,2.230699999988019,2.247899999976198,2.2641000000237455,2.2848000000119555,2.2978000000118755,2.3186999999879845,2.335499999999911,2.3514999999999873,2.36489999997616,2.3833999999760636,2.3971000000237837,2.413800000011861,2.434399999976222,2.450600000023769,2.4636999999881937,2.4803000000119937,2.501500000000078,2.5141000000237455,2.5341000000239546,2.547199999988152,2.5666000000237545,2.5844999999999345,2.597100000023829,2.6168999999761127,2.6303000000118573,2.651499999999942,2.664500000000089,2.684800000011819,2.69760000002384,2.716899999976249,2.730399999976271,2.751399999976229,2.7674999999999272,2.7833999999761545,2.8001000000238037,2.813800000011952,2.83039999997618,2.85189999997624,2.8646000000237564,2.8843999999762673,2.897800000012012,2.916600000023891,2.9311999999881664,2.95049999999992,2.964100000023791,2.9849999999999,2.9968000000119446,3.0181999999881555,3.0305000000000746,3.049800000011828,3.063800000011952,3.0853999999760617,3.102199999987988,3.1166999999879863,3.1341000000238637,3.1503999999761163,3.1636999999880118,3.180300000011812,3.1978999999762436,3.2173999999761236,3.231199999988121,3.251300000011952,3.2648000000119737,3.2856000000238055,3.297600000023749,3.3173000000119828,3.3331999999879827,3.3473999999762327,3.368399999976191,3.3811000000239346,3.401699999988068,3.4141999999881136,3.4333000000119682,3.450399999976071,3.4673999999761236,3.4845000000000255,3.49710000002392,3.519199999988132,3.53449999999998,3.5470000000000255,3.5666999999880318,3.585300000012012,3.5971999999881064,3.6166000000239364,3.6311999999879845,3.6483000000118864,3.6684999999999945,3.680499999999938,3.701899999976149,3.7138999999760927,3.730399999976271,3.750100000023849,3.767100000023902,3.7833000000118773,3.8001000000238037,3.8163999999760563,3.83039999997618,3.847100000023829,3.864399999976058,3.885800000011841,3.897800000012012,3.916699999988168,3.930399999976089,3.946999999999889,3.9638000000118154,3.9845000000000255,3.99710000002392,4.013800000011997,4.032300000011901,4.0470000000000255,4.0666000000237545,4.08039999997618,4.100899999976264,4.1173999999762145,4.1303999999761345,4.147100000023784,4.1636000000237345,4.182999999999993,4.196999999999889,4.214500000000044,4.233199999988074,4.248000000000047,4.267100000023902,4.284300000011854,4.301800000012008,4.314499999999953,4.333300000011832,4.347999999999956,4.3673999999762145,4.3811999999879845,4.400300000011839,4.421000000000049,4.430899999976191,4.451300000011997]",0.016658052,0.002991743,268.0,right,1.0,,,,,,1.0,0.0,12.0,0.5,-0.147488663,-1.0,1.787036051,0.419123252,95.0,-0.003490659,0.427246221,0.028411926,0.064304978,0.203029515,6.0,1.535409367,-0.070714851,89.0,0.014835299,0.418022232,0.039220845,0.067729576,0.134251055,3.0,2.265074965,0.983440371,19.0,-8.92894e-14,0.366380653,0.037711395,0.069882825,0.280007013,7.0,1.318568664,-0.483330683,22.0,-0.006108652,0.369173441,0.034771665,0.081264392,0.215269419,6.0,2.451105013,0.982038016,50.0,-0.003490659,0.388365859,0.031859869,0.061653869,0.235670302,6.0,0.769824551,-0.999514964,26.0,-8.92894e-14,0.37233788,0.03804093,0.07765862,0.260457405,6.0,1.097552879,-0.811366976,41.0,0.013089969,0.382506884,0.032100804,0.075836611,0.218324429,6.0,2.151072423,0.917023481,16.0,0.017453293,0.363466057,0.031192723,0.069909496,0.180964939,5.0,1.360748152,-0.407848427,54.0,-0.000872665,0.390632361,0.034931933,0.073298853,0.195852464,4.0,1.207324254,-0.66458938,60.0,0.008726646,0.394321176,0.024708435,0.063628191,0.162696287,6.0,0.3097984,-0.580706958,7.0,-0.003490659,0.352071506,0.033456274,0.080650645,0.190019159,6.0,2.838973263,0.568958457,83.0,0.005235988,0.41175896,0.032251087,0.065012348,0.244231929,6.0,,,,,,,0.5684,,0.0,6.0,6.0,6.0,1.0,,,,,,,,,,,,,,,,,,,,,,,,,,,,0
S070,2,2024-11-21_13h14.36.924,MotivatedInference,2024.1.5,Win32,60.24096386,668be8e87e83611e680fb3ab,{{%SESSION_ID%},Chrome,,,,,,,,,,,,,,,,,,,,,,,,,,,,,,-1.0,,,,,,,,4.0,,,,,,,,,conditions/conds_135.csv,5.0,0.0,,,,,,,,,1795.0207,1796.7208,"[0.0016999999879772076,0.01660000002380002,0.02980000001184635,0.0464999999999236,0.06810000002383276,0.08060000002365086,0.10030000001188455,0.11380000001190638,0.1326999999880627,0.14649999999983265,0.16310000002363267,0.18319999998789172,0.19619999998803905,0.215699999987919,0.22990000003574096,0.250199999987899,0.2634000000357446,0.2826999999879263,0.2969999999997981,0.31630000001177905,0.32990000003565,0.34910000002378183,0.3669999999999618,0.38060000002383276,0.3991999999880136,0.4130000000000109,0.4329999999999927,0.44650000000001455,0.46610000002374363,0.4796999999880427,0.49640000003569185,0.5171000000236745,0.5306000000236963,0.55030000001193,0.5676000000237309,0.5804999999998017,0.6001999999880354,0.6166999999879863,0.6298000000117554,0.6474000000357591,0.6638000000118609,0.6838000000118427,0.6999000000357682,0.7138000000118154,0.7298000000118918,0.75080000001185,0.7633000000118955,0.7798000000118464,0.799699999987979,0.8131000000237236,0.8326999999878808,0.847199999987879,0.8661999999878844,0.8804999999999836,0.9003000000118391,0.9163000000119155,0.9296000000238109,0.9493000000118172,0.9661000000237436,0.9798000000118918,0.9991000000236454,1.013100000023769,1.0298000000118464,1.0509999999999309,1.06619999998793,1.0824999999999818,1.0966000000237273,1.1161000000238346,1.1298000000117554,1.1464999999998327,1.163000000000011,1.1824999999998909,1.19969999998807,1.214100000023791,1.234300000011899,1.2501000000238491,1.2631999999880463,1.282300000011901,1.2969000000357482,1.3164000000356282,1.3298000000118009,1.3489000000356555,1.3631999999879554,1.382900000035761,1.3964999999998327,1.4159000000356627,1.429900000035559,1.4463000000118882,1.4669000000355936,1.4798000000118918,1.496499999999969,1.5131999999880463,1.5298000000118464,1.5506999999879554,1.5639000000355736,1.5796000000236745,1.5966000000237273,1.6159999999999854,1.6298000000117554,1.6459999999999582,1.6631000000236327,1.6849000000356682,1.6999000000357682]",0.01664902,0.00270108,103.0,right,1.0,,,,,,2.0,0.0,4.0,0.5,-0.547140963,1.0,1.304211492,-0.508265611,33.0,-0.006108652,0.377230834,0.032847101,0.067598606,0.249691544,6.0,0.206557574,-0.401464357,53.0,-0.003490659,0.390095866,0.043303837,0.083823939,0.349451294,6.0,2.081006025,0.852327444,83.0,0.005235988,0.41175896,0.032251087,0.065012348,0.244231929,6.0,0.255894864,-0.48973844,6.0,-0.001745329,0.3497664,0.039524515,0.103278094,0.256513403,7.0,0.0,0.0,0.0,0.0,0.0,0.0,0.0,0.0,0.0,0.0,0.0,0.0,0.0,0.0,0.0,0.0,0.0,0.0,0.0,0.0,0.0,0.0,0.0,0.0,0.0,0.0,0.0,0.0,0.0,0.0,0.0,0.0,0.0,0.0,0.0,0.0,0.0,0.0,0.0,0.0,0.0,0.0,0.0,0.0,0.0,0.0,0.0,0.0,0.0,0.0,0.0,0.0,0.0,0.0,0.0,0.0,0.0,0.0,0.0,0.0,0.0,0.0,0.0,0.0,0.0,0.0,0.0,0.0,0.0,0.0,0.0,0.0,,,,,,,0.6281,,0.0,7.0,7.0,7.0,1.0,,,,,,,,,,,,,,,,,,,,,,,,,,,,0
S070,2,2024-11-21_13h14.36.924,MotivatedInference,2024.1.5,Win32,60.24096386,668be8e87e83611e680fb3ab,{{%SESSION_ID%},Chrome,,,,,,,,,,,,,,,,,,,,,,,,,,,,,,-1.0,,,,,,,,8.0,,,,,,,,,conditions/conds_135.csv,5.0,0.0,,,,,,,,,1798.3509,1801.4346,"[0.003500000000030923,0.016399999976101753,0.03289999997605264,0.04959999996412989,0.06630000001177905,0.08289999997623454,0.09959999996431179,0.11630000001196095,0.13289999997618906,0.14959999996426632,0.16630000001191547,0.1831999999881191,0.1994999999999436,0.21639999997614723,0.23299999999994725,0.24959999996417537,0.26609999996412625,0.28289999997605264,0.29919999998810454,0.31630000001177905,0.33289999997623454,0.34969999998793355,0.36649999999985994,0.38289999997618906,0.3999999999998636,0.41680000001178996,0.4329999999999927,0.44969999998807,0.46630000001187,0.48299999999994725,0.49959999996417537,0.5161999999879754,0.5340999999641554,0.55030000001193,0.566300000011779,0.5828000000119573,0.6003000000118845,0.6161999999881118,0.6330000000000382,0.6496999999881155,0.6663000000119155,0.6829999999999927,0.6995999999642208,0.7163999999761472,0.7340999999642008,0.7498000000118736,0.7673000000118009,0.7831999999880281,0.8003999999762073,0.8171999999881336,0.8330999999641335,0.8498999999760599,0.866300000011961,0.8828999999761891,0.8998999999760144,0.9163000000119155,0.9331999999881191,0.9495999999642208,0.9666999999881227,0.9833000000119227,0.9998999999761509,1.0165999999642281,1.033099999964179,1.0498000000118282,1.0664999999999054,1.0830999999641335,1.1003999999761618,1.116300000011961,1.1330000000000382,1.15019999998799,1.1666999999879408,1.1834999999998672,1.1994999999999436,1.2164999999999964,1.2333999999762,1.2496999999880245,1.2670000000000528,1.2833999999761545,1.29959999996413,1.3178000000118573,1.3335999999642354,1.3496999999879336,1.366300000011961,1.3830000000000382,1.4003999999761163,1.4170999999641936,1.4338000000118427,1.4500999999640953,1.4666999999881227,1.4829999999999472,1.4993000000119991,1.5163000000118245,1.5328999999760526,1.549699999987979,1.5663999999760563,1.58400000000006,1.600500000000011,1.6161999999881118,1.6330000000000382,1.6495999999642663,1.6663000000119155,1.6828999999761436,1.6995999999642208,1.7168999999760217,1.733699999987948,1.7496999999880245,1.7663999999761018,1.7829999999999018,1.8003999999762073,1.8161999999881573,1.8328999999762345,1.8501999999880354,1.8665999999641372,1.882899999976189,1.899499999999989,1.9161999999880663,1.9328999999761436,1.9495999999642208,1.9678999999762254,1.9859999999998763,2.001300000011952,2.016499999999951,2.033099999964179,2.04950000000008,2.0663999999760563,2.083399999976109,2.0996999999879336,2.11649999999986,2.133000000000038,2.1495999999642663,2.1663000000119155,2.18389999997612,2.200599999964197,2.217199999987997,2.2338999999760745,2.2505999999641517,2.2671999999879517,2.283999999999878,2.3005000000000564,2.3173999999760326,2.333899999976211,2.350599999964288,2.3673999999762145,2.38359999996419,2.4004999999999654,2.417300000011892,2.4328999999761436,2.4500999999640953,2.4664999999999964,2.482899999976098,2.4996999999880245,2.5163000000118245,2.5328999999760526,2.5498999999761054,2.5665999999641826,2.5828999999762345,2.6003000000118845,2.6168999999761127,2.632899999976189,2.6505999999642427,2.6663000000119155,2.6828999999761436,2.69969999998807,2.7166999999881227,2.733599999964099,2.749499999999898,2.7661999999879754,2.7840999999641554,2.799800000011828,2.8170999999642845,2.8335999999642354,2.849300000011908,2.8666999999879863,2.882899999976189,2.9004999999999654,2.9170999999641936,2.933199999988119,2.95049999999992,2.9673000000118464,2.98419999998805,3.0001999999881264,3.0163999999761018,3.03369999998813,3.0505000000000564,3.0670999999642845,3.0835999999642354]",0.016649189,0.000564932,186.0,left,1.0,,,,,,2.0,0.0,8.0,0.5,-1.329421778,-1.0,1.852197859,0.533559019,74.0,-0.002617994,0.403888444,0.032857311,0.06846285,0.186846183,6.0,2.489201077,0.964826646,18.0,-0.008726646,0.365457086,0.031782524,0.075683607,0.153768306,4.0,0.570013397,-0.908644685,51.0,-0.000872665,0.388957543,0.039197552,0.074659583,0.215725836,5.0,0.485753123,-0.825736257,79.0,-0.004363323,0.40793127,0.02386995,0.059748747,0.165450333,7.0,0.110609067,-0.219418235,11.0,-0.013089969,0.357861323,0.044486954,0.075207378,0.243622836,5.0,0.334289124,-0.61987096,93.0,0.012217305,0.423353751,0.033559225,0.078739299,0.188587653,4.0,1.19727274,-0.679475241,31.0,0.004363323,0.375872077,0.0344646,0.07529372,0.228193104,6.0,2.92192503,0.425337935,28.0,0.006108652,0.373747518,0.036497013,0.082304542,0.218348002,5.0,0.0,0.0,0.0,0.0,0.0,0.0,0.0,0.0,0.0,0.0,0.0,0.0,0.0,0.0,0.0,0.0,0.0,0.0,0.0,0.0,0.0,0.0,0.0,0.0,0.0,0.0,0.0,0.0,0.0,0.0,0.0,0.0,0.0,0.0,0.0,0.0,,,,,,,0.5346,,0.0,8.0,8.0,8.0,1.0,,,,,,,,,,,,,,,,,,,,,,,,,,,,0
S070,2,2024-11-21_13h14.36.924,MotivatedInference,2024.1.5,Win32,60.24096386,668be8e87e83611e680fb3ab,{{%SESSION_ID%},Chrome,,,,,,,,,,,,,,,,,,,,,,,,,,,,,,-1.0,,,,,,,,3.0,,,,,,,,,conditions/conds_135.csv,5.0,0.0,,,,,,,,,1802.9841,1804.7337,"[0.002099999964229937,0.016299999952479993,0.03309999996440638,0.049899999976332765,0.06609999996430815,0.0835999999642354,0.10000000000013642,0.11619999998811181,0.13369999998826643,0.14989999997624182,0.1661999999882937,0.18359999996437182,0.19969999998806998,0.21629999995252547,0.2328999999763255,0.2502999999524036,0.26700000000005275,0.28409999996438273,0.29950000000008004,0.31609999996430815,0.33319999998821004,0.3505000000000109,0.3666999999882137,0.3836999999882664,0.3998999999762418,0.41629999995234357,0.4335999999643718,0.4500000000000455,0.46619999998824824,0.48359999996432634,0.4997999999525291,0.5161999999882028,0.5335999999642809,0.5503999999762073,0.5670000000000073,0.5837999999523618,0.6000999999644137,0.6170000000001892,0.6330999999643154,0.6495999999642663,0.6661999999882937,0.6835999999643718,0.7000000000000455,0.7161999999882482,0.7335999999643263,0.7496999999882519,0.7668999999762036,0.7835999999642809,0.7995999999643573,0.8170999999642845,0.8338999999762109,0.8502999999523126,0.8665999999643645,0.8833999999762909,0.8997999999523927,0.9160999999644446,0.9335000000000946,0.9500000000000455,0.9660999999643991,0.9828999999763255,0.9995999999644027,1.0170000000000528,1.0330000000001291,1.0495999999643573,1.0661999999881573,1.0828999999762345,1.1002999999523126,1.1160999999642627,1.1336999999882664,1.1498999999762418,1.1668999999762946,1.1835999999643718,1.1995999999644482,1.2164999999999964,1.23259999996435,1.2502999999524036,1.26629999995248,1.2837999999524072,1.3005000000000564,1.3161999999881573,1.3330000000000837,1.349699999988161,1.3661999999881118,1.382899999976189,1.4002999999524945,1.416599999964319,1.4329999999999927,1.4498999999761963,1.4662999999525255,1.4827999999524764,1.4995000000001255,1.5160999999643536,1.5337999999524072,1.5497999999524836,1.5661999999881573,1.5835999999642354,1.6015999999642645,1.6163999999762382,1.632899999976189,1.6495999999642663,1.6667999999524454,1.6835999999643718,1.6995999999644482,1.7167999999524,1.7328999999763255,1.7495000000001255]",0.016641905,0.000593421,106.0,right,1.0,,,,,,2.0,0.0,4.0,0.5,-1.467112222,1.0,1.285877716,-0.539494998,22.0,-0.006108652,0.369173441,0.034771665,0.081264392,0.215269419,6.0,0.177808634,-0.348169079,40.0,0.001745329,0.381763748,0.031902579,0.075140032,0.211660484,6.0,0.598970898,-0.931291306,54.0,-0.000872665,0.390632361,0.034931933,0.073298853,0.195852464,4.0,1.750566048,0.351843161,67.0,0.000872665,0.398829923,0.040120187,0.066830121,0.198372452,4.0,0.0,0.0,0.0,0.0,0.0,0.0,0.0,0.0,0.0,0.0,0.0,0.0,0.0,0.0,0.0,0.0,0.0,0.0,0.0,0.0,0.0,0.0,0.0,0.0,0.0,0.0,0.0,0.0,0.0,0.0,0.0,0.0,0.0,0.0,0.0,0.0,0.0,0.0,0.0,0.0,0.0,0.0,0.0,0.0,0.0,0.0,0.0,0.0,0.0,0.0,0.0,0.0,0.0,0.0,0.0,0.0,0.0,0.0,0.0,0.0,0.0,0.0,0.0,0.0,0.0,0.0,0.0,0.0,0.0,0.0,0.0,0.0,,,,,,,0.6,,0.0,9.0,9.0,9.0,1.0,,,,,,,,,,,,,,,,,,,,,,,,,,,,0
S070,2,2024-11-21_13h14.36.924,MotivatedInference,2024.1.5,Win32,60.24096386,668be8e87e83611e680fb3ab,{{%SESSION_ID%},Chrome,,,,,,,,,,,,,,,,,,,,,,,,,,,,,,-1.0,,,,,,,,1.0,,,,,,,,,conditions/conds_135.csv,5.0,0.0,,,,,,,,,1806.334,1808.0338,"[0.002300000011928205,0.016300000011824523,0.032999999999901775,0.04969999998797903,0.06700000000000728,0.08369999998808453,0.10060000002386005,0.11619999998811181,0.1330000000000382,0.14949999999998909,0.16710000002376546,0.18299999999999272,0.19930000001181725,0.21710000002371999,0.23339999997619998,0.24960000002374727,0.2663000000118245,0.2831000000237509,0.29930000001195367,0.3163000000120064,0.33369999998808453,0.3498000000117827,0.36599999999998545,0.3830000000000382,0.4003000000118391,0.41630000001191547,0.4329999999999927,0.44960000002379275,0.46619999998802086,0.48269999998797175,0.4996999999880245,0.5161999999879754,0.5328999999760526,0.5496000000237018,0.5663000000120064,0.5830000000000837,0.5995000000000346,0.6164999999998599,0.6328999999761891,0.6496000000238382,0.6661999999880663,0.6828999999761436,0.69969999998807,0.71630000001187,0.7329999999999472,0.7496999999880245,0.7666000000238,0.78369999998813,0.7996000000237018,0.8161999999881573,0.8330000000000837,0.8496999999881609,0.8666999999879863,0.883699999988039,0.9003999999761163,0.9161999999880663,0.9343999999762218,0.9496000000237927,0.9663999999761472,0.9828999999760981,0.9994999999998981,1.0171999999879517,1.03449999999998,1.050199999988081,1.0670000000000073,1.0828000000119573,1.099699999988161,1.117100000023811,1.1331000000238873,1.1496000000238382,1.1663000000119155,1.1829999999999927,1.1996000000237927,1.2161999999880209,1.2328999999760981,1.2496000000237473,1.2663000000118245,1.2829999999999018,1.3005000000000564,1.3161999999881573,1.3328999999762345,1.3501000000237582,1.3661999999881118,1.3828000000119118,1.3996000000238382,1.418199999988019,1.4328999999761436,1.4496000000237927,1.4661999999880209,1.4828999999760981,1.4996000000237473,1.5161999999879754,1.5328999999760526,1.5505000000000564,1.5663000000120064,1.5828000000119573,1.5996000000238837,1.6163999999762382,1.6334999999999127,1.6504999999999654,1.6679999999998927,1.683199999988119,1.6996000000237927]",0.016640196,0.000627204,103.0,right,1.0,,,,,,1.0,0.0,4.0,0.5,2.709572856,-1.0,2.480103867,0.969449765,79.0,-0.004363323,0.40793127,0.02386995,0.059748747,0.165450333,7.0,2.518499084,0.947775444,23.0,0.001745329,0.370048297,0.033576258,0.089212406,0.165879093,5.0,2.062801531,0.832724573,45.0,0.006108652,0.385245638,0.032702855,0.065559913,0.166419284,5.0,0.020193953,-0.040376926,35.0,0.01134464,0.378665605,0.034694997,0.068673497,0.233172687,6.0,0.0,0.0,0.0,0.0,0.0,0.0,0.0,0.0,0.0,0.0,0.0,0.0,0.0,0.0,0.0,0.0,0.0,0.0,0.0,0.0,0.0,0.0,0.0,0.0,0.0,0.0,0.0,0.0,0.0,0.0,0.0,0.0,0.0,0.0,0.0,0.0,0.0,0.0,0.0,0.0,0.0,0.0,0.0,0.0,0.0,0.0,0.0,0.0,0.0,0.0,0.0,0.0,0.0,0.0,0.0,0.0,0.0,0.0,0.0,0.0,0.0,0.0,0.0,0.0,0.0,0.0,0.0,0.0,0.0,0.0,0.0,0.0,,,,,,,0.6169,,0.0,10.0,10.0,10.0,1.0,,,,,,,,,,,,,,,,,,,,,,,,,,,,0
S070,2,2024-11-21_13h14.36.924,MotivatedInference,2024.1.5,Win32,60.24096386,668be8e87e83611e680fb3ab,{{%SESSION_ID%},Chrome,,,,,,,,,,,,,,,,,,,,,,,,,,,,,,-1.0,,,,,,,,11.0,,,,,,,,,conditions/conds_135.csv,5.0,0.0,,,,,,,,,1809.6516,1814.0842,"[0.0037999999524345185,0.01529999995250364,0.03189999997630366,0.04859999996438091,0.06529999995245817,0.08189999997625819,0.09939999997618543,0.11569999998823732,0.13200000000006185,0.14859999996428996,0.16529999995236722,0.1820999999642936,0.19950000000017099,0.21519999998827188,0.23209999996424813,0.24869999998827552,0.26529999995250364,0.2821999999880518,0.29869999998823005,0.31529999995245817,0.3318999999762582,0.34859999996433544,0.3653999999762618,0.38200000000006185,0.3986999999881391,0.4152999999523672,0.43200000000001637,0.4486999999880936,0.46589999997627274,0.48189999997634914,0.4985999999644264,0.5160999999643536,0.5327999999524309,0.5485999999643809,0.5655999999644337,0.5830000000000837,0.5990000000001601,0.6151999999881355,0.6318999999762127,0.6485000000000127,0.6652999999523672,0.6820000000000164,0.6986999999880936,0.7152999999523217,0.7326999999881991,0.7486999999882755,0.7653999999763528,0.7818999999763037,0.7985999999643809,0.8151999999881809,0.8326999999881082,0.8485999999643354,0.8660999999642627,0.8820000000000618,0.89859999996429,0.91519999998809,0.9320000000000164,0.9485999999642445,0.9658999999762727,0.9827999999524764,0.9985999999644264,1.0152999999525036,1.0320000000001528,1.048599999964381,1.0652999999524582,1.0827999999523854,1.0985999999643354,1.1152999999524127,1.1320000000000618,1.1485000000000127,1.1652999999523672,1.1826999999882446,1.1985999999642445,1.2155999999642972,1.2318999999763491,1.2485999999644264,1.2657999999523781,1.2823999999761782,1.298599999964381,1.3150999999643318,1.3318999999762582,1.3486999999881846,1.3651999999881355,1.3818999999762127,1.398699999988139,1.4152999999523672,1.4326999999882446,1.44969999998807,1.4652999999523217,1.4826999999881991,1.4985999999644264,1.5151999999882264,1.5326999999881536,1.5485000000001037,1.5650000000000546,1.582599999964259,1.5987999999524618,1.615500000000111,1.6326999999880627,1.648699999988139,1.6655999999643427,1.6820999999642936,1.6987999999523709,1.7155999999642972,1.73259999996435,1.7488999999761745,1.765699999988101,1.7821999999880518,1.7987999999525073,1.8156999999880554,1.8326999999881082,1.8492999999523363,1.8657999999522872,1.8817999999523636,1.8983999999761636,1.9152999999523672,1.9318999999761672,1.9485000000001946,1.9651999999882719,1.9818999999763491,1.9985999999644264,2.0151999999882264,2.0318999999763037,2.048599999964381,2.065199999988181,2.081899999976258,2.0985999999643354,2.1159999999999854,2.13279999995234,2.14859999996429,2.1655000000000655,2.1818999999761672,2.1986999999880936,2.2155999999642972,2.2328999999763255,2.248500000000149,2.2650999999643773,2.282199999988052,2.2985000000001037,2.315199999988181,2.331899999976258,2.3485999999643354,2.3652999999524127,2.3818999999762127,2.39859999996429,2.415299999952367,2.4318999999761672,2.449399999976322,2.466000000000122,2.481999999999971,2.4993999999762764,2.5151999999882264,2.532000000000153,2.548599999964381,2.565199999988181,2.5820000000001073,2.5985999999643354,2.6152999999524127,2.632000000000062,2.6485000000000127,2.66519999998809,2.6818999999761672,2.6985999999642445,2.715199999988272,2.731999999999971,2.7485999999644264,2.7653999999763528,2.782000000000153,2.7985000000001037,2.8161999999881573,2.831899999976258,2.8485999999643354,2.8652999999524127,2.88279999995234,2.8987999999524163,2.915299999952367,2.9318999999761672,2.9485000000001946,2.9658999999762727,2.981899999976349,2.9985999999644264,3.0151999999882264,3.0318999999763037,3.0485000000001037,3.0653999999763073,3.081899999976258,3.098500000000058,3.1151999999881355,3.13279999995234,3.148699999988139,3.165299999952367,3.1820000000000164,3.1992999999524727,3.215399999976171,3.231899999976349,3.2485999999644264,3.265699999988101,3.2818999999763037,3.29869999998823,3.315199999988181,3.331899999976258,3.348500000000058,3.3651999999881355,3.3818999999762127,3.39859999996429,3.415299999952367,3.4320000000000164,3.4485000000001946,3.466000000000122,3.482699999988199,3.4987999999523254,3.5155999999642518,3.5317999999524545,3.5485000000001037,3.565199999988181,3.5851999999881627,3.59829999995236,3.615500000000111,3.6322999999524654,3.6482999999523145,3.66519999998809,3.681799999952318,3.698799999952371,3.716000000000122,3.7321999999880973,3.7486999999882755,3.7655999999642518,3.78209999996443,3.7991999999881045,3.816099999964308,3.8321999999882337,3.8485999999643354,3.865799999952287,3.8823999999763146,3.8985000000000127,3.915299999952367,3.931799999952318,3.9485999999642445,3.965199999988272,3.981899999976349,3.9995000000001255,4.015299999952504,4.031899999976304,4.048599999964381,4.065099999964332,4.082000000000107,4.098599999964335,4.115399999976262,4.131899999976213,4.14859999996429,4.165099999964241,4.181799999952318,4.198500000000195,4.215299999952322,4.231899999976349,4.248500000000149,4.265299999952504,4.281899999976304,4.298599999964381,4.315199999988181,4.331899999976258,4.348599999964335,4.365299999952413,4.381899999976213,4.39859999996429,4.415099999964241,4.432199999988143]",0.01664812,0.000586066,267.0,right,1.0,,,,,,2.0,0.0,12.0,0.5,-3.887775057,1.0,0.75501736,-0.998154581,15.0,-0.006108652,0.362511679,0.045131456,0.089284594,0.250473103,5.0,0.178542021,-0.349543704,4.0,0.001745329,0.345391377,0.044661649,0.086491224,0.292502374,6.0,0.055099326,-0.10997575,2.0,0.008726646,0.338473989,0.032964075,0.086271212,0.185208292,4.0,3.117342868,0.048480559,43.0,0.004363323,0.383893371,0.033132061,0.062242434,0.239996947,6.0,2.55473615,0.922192884,86.0,-0.01134464,0.414570186,0.03611148,0.064685839,0.099529567,3.0,1.891696545,0.598638595,51.0,-0.000872665,0.388957543,0.039197552,0.074659583,0.215725836,5.0,1.297005794,-0.520623501,76.0,-0.010471976,0.405435715,0.045146986,0.073305428,0.359082681,7.0,0.897214398,-0.9750983,82.0,0.004363323,0.410673221,0.022643594,0.062174001,0.106425045,4.0,0.730313893,-0.993937582,65.0,0.000872665,0.397557211,0.028332609,0.059251996,0.151978572,5.0,0.069391021,-0.13833697,8.0,-0.008726646,0.353798062,0.040824325,0.088208322,0.256820315,6.0,0.876867415,-0.983313367,100.0,-0.001745329,0.484835711,0.035177462,0.059949939,0.178411257,4.0,0.199286363,-0.38810334,21.0,-0.010471976,0.368150016,0.035450396,0.075174448,0.223969416,6.0,,,,,,,0.5663,,0.0,11.0,11.0,11.0,1.0,,,,,,,,,,,,,,,,,,,,,,,,,,,,0
S070,2,2024-11-21_13h14.36.924,MotivatedInference,2024.1.5,Win32,60.24096386,668be8e87e83611e680fb3ab,{{%SESSION_ID%},Chrome,,,,,,,,,,,,,,,,,,,,,,,,,,,,,,1.0,,,,,,,,10.0,,,,,,,,,conditions/conds_135.csv,5.0,0.0,,,,,,,,,1816.8842,1821.3678,"[0.0036000000238800567,0.017100000023901885,0.03230000001190092,0.04919999998810454,0.06590000003575369,0.08349999999995816,0.10050000000001091,0.11619999998811181,0.13260000002378547,0.1491999999880136,0.1658000000118136,0.18330000001196822,0.19990000003576824,0.21649999999999636,0.23340000003577188,0.24919999998815,0.2660000000000764,0.28240000003575005,0.2999000000356773,0.31690000003573005,0.33310000002370543,0.34919999998805906,0.3661000000238346,0.38249999999993634,0.39969999998811545,0.41599999999994,0.43249999999989086,0.4490000000000691,0.46610000002374363,0.48269999998797175,0.49949999999989814,0.5161000000239255,0.5328000000120028,0.5498000000118282,0.5659000000357537,0.5829000000358064,0.5993000000119082,0.6161999999881118,0.6331000000238873,0.6494000000357119,0.6661000000237891,0.6829000000357155,0.6999000000357682,0.7166000000238455,0.7331999999880736,0.7499000000357228,0.7659000000357992,0.7825000000000273,0.7991999999881045,0.8158000000119046,0.8324999999999818,0.8493000000119082,0.8659000000357082,0.8824999999999363,0.8999999999998636,0.9163000000119155,0.9324999999998909,0.9491000000239183,0.9659000000358446,0.9825000000000728,0.99919999998815,1.0159000000357992,1.0326000000238764,1.0491000000238273,1.066000000000031,1.0824999999999818,1.099999999999909,1.1159999999999854,1.1326000000237855,1.1493000000118627,1.1659000000356627,1.1824999999998909,1.1991999999879681,1.2164000000357191,1.2325000000000728,1.25,1.2661999999879754,1.2829999999999018,1.2993000000119537,1.3158000000119046,1.3324000000357046,1.3493000000119082,1.3659000000357082,1.3826000000237855,1.3991999999880136,1.4159000000356627,1.43260000002374,1.4491999999879681,1.4659000000358446,1.4825000000000728,1.5003000000119755,1.5166000000238,1.5326000000238764,1.5491999999881045,1.5658000000119046,1.5834999999999582,1.5995000000000346,1.6159000000357082,1.6324999999999363,1.6491999999880136,1.6658000000118136,1.6826999999880172,1.6990000000000691,1.7159000000358446,1.7331000000237964,1.74919999998815,1.76580000001195,1.7825000000000273,1.7999999999999545,1.8166999999880318,1.8324999999999818,1.849199999988059,1.8659000000357082,1.8824999999999363,1.8999000000358137,1.916900000035639,1.9324999999998909,1.9491999999879681,1.9659999999998945,1.9836000000238982,1.9998000000118736,2.01580000001195,2.0326999999881536,2.0491999999881045,2.0659000000357537,2.083300000011832,2.0996000000238837,2.115900000035708,2.1324999999999363,2.1496999999881155,2.1658000000118136,2.182499999999891,2.199800000011919,2.2159000000358446,2.232600000023922,2.249300000011999,2.2666000000238,2.283199999988028,2.299600000023702,2.3158000000119046,2.332499999999982,2.349300000011908,2.365800000011859,2.3826000000237855,2.3998000000119646,2.4156999999879645,2.43260000002374,2.449199999987968,2.4659000000358446,2.4831999999880736,2.49919999998815,2.515900000035799,2.53240000003575,2.5491000000238273,2.5658000000119046,2.5824000000357046,2.599999999999909,2.615800000011859,2.6326000000237855,2.6491999999880136,2.6658000000118136,2.682400000035841,2.699199999987968,2.7158000000119955,2.7331999999880736,2.74919999998815,2.7666999999880773,2.7825000000000273,2.7991999999881045,2.8158000000119046,2.832499999999982,2.849199999988059,2.865900000035708,2.8824999999999363,2.8991000000237364,2.9158000000118136,2.932400000035841,2.9500000000000455,2.9666999999881227,2.982600000023922,2.9989000000357464,3.01580000001195,3.033199999988028,3.0499999999999545,3.0658000000119046,3.082499999999982,3.099300000011908,3.1156000000237327,3.1326000000237855,3.1491999999880136,3.1658000000118136,3.182499999999891,3.1991000000239183,3.2158000000119955,3.233400000035772,3.25,3.2663000000118245,3.2825000000000273,3.2991999999881045,3.3156999999880554,3.3321999999880063,3.349100000023782,3.365800000011859,3.3824999999999363,3.3991000000237364,3.4158000000118136,3.43260000002374,3.449199999987968,3.4658000000119955,3.4825000000000728,3.5,3.516499999999951,3.5326000000238764,3.5501000000238037,3.5658000000119046,3.582600000023831,3.599100000023782,3.6161000000238346,3.6326999999880627,3.6491000000237364,3.6659000000356627,3.68260000002374,3.699199999987968,3.7158000000119955,3.733500000000049,3.7499000000357228,3.765900000035799,3.7825000000000273,3.7991999999881045,3.8158000000119046,3.832499999999982,3.849100000023782,3.865800000011859,3.88230000001181,3.8999000000358137,3.9159000000356627,3.93260000002374,3.9500000000000455,3.966199999988021,3.9821999999880973,3.99919999998815,4.01580000001195,4.032500000000027,4.049100000023827,4.065800000011905,4.083800000011934,4.099699999988161,4.11569999998801,4.1326000000237855,4.149100000023736,4.166600000023891,4.18260000002374,4.199199999987968,4.2158000000119955,4.233400000035772,4.249900000035723,4.265900000035799,4.28240000003575,4.2991999999881045,4.315900000035754,4.332400000035705,4.349100000023782,4.365800000011859,4.382499999999936,4.399100000023736,4.415800000011814,4.432499999999891,4.449100000023918,4.4658000000119955,4.483400000035772]",0.016653532,0.000471213,270.0,left,0.0,,,,,,1.0,0.0,12.0,0.5,-0.147488663,-1.0,1.787036051,0.419123252,95.0,-0.003490659,0.427246221,0.028411926,0.064304978,0.203029515,6.0,1.535409367,-0.070714851,89.0,0.014835299,0.418022232,0.039220845,0.067729576,0.134251055,3.0,2.265074965,0.983440371,19.0,-8.92894e-14,0.366380653,0.037711395,0.069882825,0.280007013,7.0,1.318568664,-0.483330683,22.0,-0.006108652,0.369173441,0.034771665,0.081264392,0.215269419,6.0,2.451105013,0.982038016,50.0,-0.003490659,0.388365859,0.031859869,0.061653869,0.235670302,6.0,0.769824551,-0.999514964,26.0,-8.92894e-14,0.37233788,0.03804093,0.07765862,0.260457405,6.0,1.097552879,-0.811366976,41.0,0.013089969,0.382506884,0.032100804,0.075836611,0.218324429,6.0,2.151072423,0.917023481,16.0,0.017453293,0.363466057,0.031192723,0.069909496,0.180964939,5.0,1.360748152,-0.407848427,54.0,-0.000872665,0.390632361,0.034931933,0.073298853,0.195852464,4.0,1.207324254,-0.66458938,60.0,0.008726646,0.394321176,0.024708435,0.063628191,0.162696287,6.0,0.3097984,-0.580706958,7.0,-0.003490659,0.352071506,0.033456274,0.080650645,0.190019159,6.0,2.838973263,0.568958457,83.0,0.005235988,0.41175896,0.032251087,0.065012348,0.244231929,6.0,,,,,,,0.5978,,0.0,12.0,12.0,12.0,1.0,,,,,,,,,,,,,,,,,,,,,,,,,,,,0
S070,2,2024-11-21_13h14.36.924,MotivatedInference,2024.1.5,Win32,60.24096386,668be8e87e83611e680fb3ab,{{%SESSION_ID%},Chrome,,,,,,,,,,,,,,,,,,,,,,,,,,,,,,1.0,,,,,,,,4.0,,,,,,,,,conditions/conds_135.csv,5.0,0.0,,,,,,,,,1822.9677,1824.6835,"[0.0016000000239273504,0.016300000011824523,0.032999999999901775,0.049900000035677294,0.06630000001200642,0.08280000001195731,0.09969999998816093,0.11640000003581008,0.13319999998816456,0.14930000001186272,0.1664000000357646,0.18269999998801723,0.1998000000119191,0.21590000003584464,0.23290000003567002,0.2496999999880245,0.26590000003579917,0.2819999999999254,0.2986999999880027,0.3156000000237782,0.33210000002395645,0.34890000003588284,0.36569999998800995,0.38230000001203734,0.3998000000119646,0.41630000001191547,0.43230000001199187,0.4489000000357919,0.46560000002386914,0.48219999998809726,0.49900000000002365,0.5156999999881009,0.5323000000119009,0.5489000000357009,0.5656000000237782,0.5831999999879827,0.5995000000000346,0.61569999998801,0.6323000000120373,0.6489000000358374,0.665800000012041,0.6826999999880172,0.6989000000357919,0.71550000000002,0.7319999999999709,0.7488000000118973,0.7654999999999745,0.7823000000119009,0.7989999999999782,0.8156000000237782,0.8331999999879827,0.8496000000238837,0.8664000000358101,0.8831999999881646,0.8991000000239637,0.9156000000239146,0.9321999999881427,0.9488000000119428,0.9653000000118936,0.98290000003567,0.9994000000358483,1.015699999988101,1.0321999999880518,1.0489999999999782,1.065499999999929,1.0823000000118554,1.0989000000358828,1.115500000000111,1.132100000023911,1.1498000000119646,1.1656000000239146,1.1823000000119919,1.1988000000119428,1.2156999999881464,1.2321999999880973,1.2496000000237473,1.2653000000118482,1.282300000011901,1.298900000035701,1.3154000000358792,1.3323000000118554,1.3488000000120337,1.3654000000358337,1.382100000023911,1.3988000000119882,1.4155000000000655,1.4321999999881427,1.44969999998807,1.4654000000357428,1.4821999999880973,1.4988000000118973,1.5154999999999745,1.5321999999880518,1.548900000035701,1.565499999999929,1.5828000000119573,1.5989000000358828,1.615500000000111,1.6321999999881882,1.6493000000118627,1.6655000000000655,1.6823000000119919,1.698900000035792,1.7156000000238691]",0.016640777,0.000418373,104.0,right,1.0,,,,,,2.0,0.0,4.0,0.5,-0.547140963,1.0,1.304211492,-0.508265611,33.0,-0.006108652,0.377230834,0.032847101,0.067598606,0.249691544,6.0,0.206557574,-0.401464357,53.0,-0.003490659,0.390095866,0.043303837,0.083823939,0.349451294,6.0,2.081006025,0.852327444,83.0,0.005235988,0.41175896,0.032251087,0.065012348,0.244231929,6.0,0.255894864,-0.48973844,6.0,-0.001745329,0.3497664,0.039524515,0.103278094,0.256513403,7.0,0.0,0.0,0.0,0.0,0.0,0.0,0.0,0.0,0.0,0.0,0.0,0.0,0.0,0.0,0.0,0.0,0.0,0.0,0.0,0.0,0.0,0.0,0.0,0.0,0.0,0.0,0.0,0.0,0.0,0.0,0.0,0.0,0.0,0.0,0.0,0.0,0.0,0.0,0.0,0.0,0.0,0.0,0.0,0.0,0.0,0.0,0.0,0.0,0.0,0.0,0.0,0.0,0.0,0.0,0.0,0.0,0.0,0.0,0.0,0.0,0.0,0.0,0.0,0.0,0.0,0.0,0.0,0.0,0.0,0.0,0.0,0.0,,,,,,,0.6176,,0.0,13.0,13.0,13.0,1.0,,,,,,,,,,,,,,,,,,,,,,,,,,,,0
S070,2,2024-11-21_13h14.36.924,MotivatedInference,2024.1.5,Win32,60.24096386,668be8e87e83611e680fb3ab,{{%SESSION_ID%},Chrome,,,,,,,,,,,,,,,,,,,,,,,,,,,,,,1.0,,,,,,,,12.0,,,,,,,,,conditions/conds_135.csv,5.0,0.0,,,,,,,,,1826.3009,1830.7838,"[0.004200000047831054,0.015700000047900176,0.032300000012128294,0.04910000002405468,0.06650000000013279,0.08230000001208282,0.09900000000016007,0.11570000004780923,0.13340000003586283,0.14940000003593923,0.16560000002391462,0.1830000000002201,0.1992000000477674,0.21570000004771828,0.2323000000119464,0.24900000000002365,0.26560000002405104,0.2832000000478274,0.30030000001193,0.31590000003598107,0.3323000000120828,0.34980000001201006,0.36660000002393645,0.38230000001203734,0.39910000002396373,0.4162000000478656,0.43310000002384186,0.44940000003589375,0.4657000000477183,0.4823000000119464,0.5,0.5161000000239255,0.5324000000359774,0.5490000000002055,0.566700000047831,0.5831000000239328,0.5992000000478583,0.6156000000239601,0.6323000000120373,0.6498000000119646,0.666600000023891,0.6831000000238419,0.699500000000171,0.7158000000119955,0.7323000000119464,0.7490000000000236,0.765600000024051,0.7830000000001291,0.7994000000358028,0.8157000000478547,0.8323000000120828,0.8491000000240092,0.8658000000120865,0.8823000000120373,0.8997000000476874,0.9160000000001673,0.9331000000238419,0.9498000000119191,0.9660000000001219,0.982700000047771,0.9989000000359738,1.0154000000359247,1.0324000000359774,1.0489000000359283,1.065800000012132,1.082400000035932,1.09900000000016,1.1157000000478092,1.1323000000120373,1.1490000000001146,1.1664000000357646,1.1831000000238419,1.1999000000357682,1.2164000000359465,1.2323000000119464,1.2489000000359738,1.26580000001195,1.2828000000120028,1.2990000000002055,1.3156000000240056,1.3323000000120828,1.3489000000358828,1.3665000000000873,1.3831000000238873,1.3991000000239637,1.4157000000477638,1.4320000000000164,1.4490000000000691,1.4656000000238691,1.4824000000357955,1.499800000012101,1.5165000000001783,1.5327000000477256,1.5499000000359047,1.5662000000477292,1.583200000047782,1.59980000001201,1.616100000024062,1.632100000023911,1.6489000000358374,1.6664000000357646,1.6831000000238419,1.699800000011919,1.7164000000359465,1.7331000000240238,1.7491000000238728,1.765600000024051,1.7823000000121283,1.7994000000358028,1.816000000000031,1.83270000004768,1.8491000000240092,1.8665000000000873,1.8823000000120373,1.8991000000239637,1.9157000000477638,1.9323000000119919,1.9497000000478693,1.9664000000359465,1.9823000000119464,1.999800000012101,2.01580000001195,2.0323000000121283,2.0490000000002055,2.0663000000120064,2.0828000000119573,2.0994000000359847,2.116100000024062,2.1323000000120373,2.1490000000001146,2.1656000000239146,2.182300000011992,2.198900000035792,2.2157000000477183,2.2323000000119464,2.2490000000000236,2.265500000000202,2.2833000000121046,2.2997000000477783,2.3156000000240056,2.332400000035932,2.3495000000000346,2.36560000002396,2.3824000000358865,2.3997000000476874,2.4169000000358665,2.4326000000239674,2.4497000000478693,2.465600000023869,2.4824000000357955,2.498900000035974,2.515600000024051,2.5324000000359774,2.5489000000359283,2.5664000000358556,2.583100000023933,2.59900000000016,2.61560000002396,2.6323000000120373,2.6489000000358374,2.6656000000239146,2.682300000011992,2.699000000000069,2.7164000000359465,2.7322000000478965,2.7490000000000236,2.7667000000478765,2.7831000000239783,2.7991000000240547,2.816000000000031,2.832300000012083,2.848900000035883,2.86560000002396,2.8823000000120373,2.8990000000001146,2.9156000000239146,2.932300000011992,2.9500000000000455,2.966100000023971,2.9823000000119464,2.998900000035974,3.0157000000479,3.0323000000121283,3.0490000000002055,3.0663000000120064,3.083100000023933,3.098900000035883,3.116300000011961,3.1325000000001637,3.1491000000239637,3.166600000023891,3.182300000011992,3.198900000035792,3.21540000003597,3.2322000000478965,3.2490000000000236,3.2657000000479,3.2824000000359774,3.2989000000359283,3.316600000023982,3.332300000012083,3.348900000035883,3.36560000002396,3.3824000000358865,3.3990000000001146,3.4156000000239146,3.432300000011992,3.449000000000069,3.4659000000358446,3.485300000012103,3.4987000000478474,3.515500000000202,3.5323000000121283,3.548700000047802,3.5668000000121083,3.583100000023933,3.59900000000016,3.61640000003581,3.6323000000120373,3.6490000000001146,3.6657000000477638,3.6822000000477146,3.698900000035792,3.7164000000359465,3.7322000000478965,3.749700000047824,3.765600000024051,3.7824000000359774,3.799600000023929,3.8164000000358556,3.832400000035932,3.84900000000016,3.866300000011961,3.8823000000120373,3.8989000000358374,3.9156000000239146,3.9322000000477146,3.948900000035792,3.96550000000002,3.9822000000478965,3.998900000035974,4.0157000000479,4.033000000000129,4.048900000035928,4.066300000012006,4.083400000035908,4.098900000035883,4.115700000047809,4.132300000012037,4.149000000000115,4.165600000023915,4.182300000011992,4.198900000035792,4.215600000023869,4.2322000000478965,4.248900000035974,4.265600000024051,4.282300000012128,4.298800000012079,4.315600000024006,4.332200000047806,4.348900000035883,4.365700000047809,4.38220000004776,4.398800000011988,4.415600000023915,4.432200000047715,4.449000000000069,4.465600000023869,4.482700000047771]",0.016648699,0.00060614,270.0,left,1.0,,,,,,2.0,0.0,12.0,0.5,-2.548526313,-1.0,0.616583303,-0.943542474,19.0,-8.92894e-14,0.366380653,0.037711395,0.069882825,0.280007013,7.0,0.276037732,-0.524455485,89.0,0.014835299,0.418022232,0.039220845,0.067729576,0.134251055,3.0,0.391443767,-0.705329272,74.0,-0.002617994,0.403888444,0.032857311,0.06846285,0.186846183,6.0,0.31584738,-0.590513324,59.0,0.006981317,0.393731017,0.031135395,0.06163787,0.205460115,5.0,2.952489629,0.369253895,36.0,0.002617994,0.379263044,0.03913601,0.077664539,0.168574417,3.0,1.036006321,-0.87699878,94.0,0.004363323,0.42523076,0.035907823,0.059015617,0.218525823,5.0,0.073843643,-0.14715099,39.0,-0.006981317,0.381053424,0.030288742,0.070264002,0.227413277,7.0,2.877720677,0.503585523,43.0,0.004363323,0.383893371,0.033132061,0.062242434,0.239996947,6.0,2.971848665,0.333004336,59.0,0.006981317,0.393731017,0.031135395,0.06163787,0.205460115,5.0,1.760246642,0.3698993,51.0,-0.000872665,0.388957543,0.039197552,0.074659583,0.215725836,5.0,1.279595279,-0.550031617,24.0,-0.000872665,0.370951047,0.044446314,0.068882508,0.271498611,5.0,1.678503684,0.213752576,16.0,0.017453293,0.363466057,0.031192723,0.069909496,0.180964939,5.0,,,,,,,0.5843,,0.0,14.0,14.0,14.0,1.0,,,,,,,,,,,,,,,,,,,,,,,,,,,,0
S070,2,2024-11-21_13h14.36.924,MotivatedInference,2024.1.5,Win32,60.24096386,668be8e87e83611e680fb3ab,{{%SESSION_ID%},Chrome,,,,,,,,,,,,,,,,,,,,,,,,,,,,,,1.0,,,,,,,,6.0,,,,,,,,,conditions/conds_135.csv,5.0,0.0,,,,,,,,,1832.3843,1835.4675,"[0.0028000000118026946,0.016399999976101753,0.03230000001190092,0.04889999997612904,0.06559999996420629,0.08219999998800631,0.09880000001180633,0.11549999999988358,0.1320999999641117,0.14880000001198823,0.16550000000006548,0.1820999999642936,0.19889999997622,0.21550000000002,0.23289999997609812,0.24880000001189728,0.2653999999761254,0.2821999999880518,0.2988000000118518,0.3153999999760799,0.33230000001185545,0.34880000001180633,0.36519999998813546,0.38219999998796084,0.39880000001198823,0.4155000000000655,0.43219999998814274,0.44889999997622,0.46589999997604536,0.48219999998809726,0.4988999999761745,0.5161999999879754,0.5321999999880518,0.5488000000118518,0.5658000000119046,0.5828999999762345,0.5988999999760836,0.6154999999998836,0.6328999999761891,0.6494999999999891,0.6661999999880663,0.6826999999880172,0.6988000000119428,0.71550000000002,0.7320999999642481,0.748599999964199,0.7663000000118245,0.7821999999880518,0.7986999999880027,0.8154999999999291,0.8321999999880063,0.8495999999643118,0.8653999999760345,0.8820999999641117,0.8988000000119882,0.9155000000000655,0.9321999999881427,0.9488000000119428,0.9661999999880209,0.9820999999642481,0.9988000000118973,1.0163000000118245,1.0323999999761782,1.0505000000000564,1.06539999997608,1.0824999999999818,1.09909999996421,1.1160999999642627,1.1323999999760872,1.1490999999641645,1.16599999999994,1.1821999999881427,1.1993000000118172,1.2156999999881464,1.2329999999999472,1.2494999999998981,1.26580000001195,1.2826999999881536,1.29959999996413,1.3160999999643082,1.332599999964259,1.34909999996421,1.365800000011859,1.3821999999879608,1.398899999976038,1.4155000000000655,1.4323999999760417,1.4488000000119428,1.4653999999761709,1.4820999999642481,1.4988000000118973,1.5154999999999745,1.5320999999642027,1.5488000000118518,1.56539999997608,1.5820999999641572,1.5988000000118063,1.6153999999760345,1.6320000000000618,1.648699999988139,1.6655000000000655,1.6821999999881427,1.6986999999880936,1.7158999999760454,1.7325999999641226,1.7488000000118973,1.7663000000118245,1.7820999999642027,1.7988000000118518,1.81539999997608,1.8321999999880063,1.8486999999879572,1.8653999999760345,1.8820999999641117,1.898699999988139,1.9155000000000655,1.9320999999642936,1.9488000000119428,1.96550000000002,1.9830999999642245,2.0003999999760254,2.0153999999761254,2.032199999988052,2.048999999999978,2.06539999997608,2.0823000000118554,2.0988000000118063,2.115599999964161,2.1318999999762127,2.148899999976038,2.1653999999762163,2.1821999999881427,2.1988000000119428,2.21550000000002,2.2321999999880973,2.2488999999761745,2.2660999999641263,2.2819999999999254,2.298899999976129,2.31539999997608,2.3321999999880063,2.3495000000000346,2.3653999999760345,2.3824999999999363,2.4033999999760454,2.415300000011939,2.4321999999881427,2.4488000000119428,2.4655999999642972,2.481999999999971,2.498699999988048,2.5155999999642518,2.5320999999642027,2.548800000011852,2.5656999999880554,2.58199999999988,2.5988000000118063,2.6153999999760345,2.6320999999641117,2.6489999999998872,2.6653999999762163,2.6820999999642936,2.6988000000119428,2.71550000000002,2.7323000000119464,2.748699999988048,2.765699999988101,2.782399999976178,2.798800000011852,2.815499999999929,2.83199999999988,2.8488000000118063,2.8653000000119846,2.8820999999641117,2.8988000000119882,2.915300000011939,2.9320999999642936,2.949099999964119,2.965399999976171,2.981999999999971,2.9988000000118973,3.0153999999761254,3.0320999999642027,3.048800000011852,3.06539999997608,3.0828000000119573]",0.016648649,0.000648,186.0,left,1.0,,,,,,1.0,0.0,8.0,0.5,3.614644932,1.0,0.090999498,-0.180995914,59.0,0.006981317,0.393731017,0.031135395,0.06163787,0.205460115,5.0,2.536190492,0.935899641,95.0,-0.003490659,0.427246221,0.028411926,0.064304978,0.203029515,6.0,1.31692244,-0.486210392,86.0,-0.01134464,0.414570186,0.03611148,0.064685839,0.099529567,3.0,3.009479162,0.261163157,91.0,0.001745329,0.420659204,0.046109782,0.086244352,0.261967492,5.0,2.205040662,0.954651987,85.0,0.003490659,0.413672168,0.024690997,0.064801949,0.114487367,4.0,1.779304992,0.405035201,100.0,-0.001745329,0.484835711,0.035177462,0.059949939,0.178411257,4.0,2.014493849,0.775429522,80.0,0.000872665,0.408817555,0.034279956,0.069360427,0.160822937,4.0,2.515499521,0.949671729,56.0,0.002617994,0.391878159,0.037400891,0.06461151,0.256914973,6.0,0.0,0.0,0.0,0.0,0.0,0.0,0.0,0.0,0.0,0.0,0.0,0.0,0.0,0.0,0.0,0.0,0.0,0.0,0.0,0.0,0.0,0.0,0.0,0.0,0.0,0.0,0.0,0.0,0.0,0.0,0.0,0.0,0.0,0.0,0.0,0.0,,,,,,,0.6669,,0.0,15.0,15.0,15.0,1.0,,,,,,,,,,,,,,,,,,,,,,,,,,,,0
S070,2,2024-11-21_13h14.36.924,MotivatedInference,2024.1.5,Win32,60.24096386,668be8e87e83611e680fb3ab,{{%SESSION_ID%},Chrome,,,,,,,,,,,,,,,,,,,,,,,,,,,,,,1.0,,,,,,,,9.0,,,,,,,,,conditions/conds_135.csv,5.0,0.0,,,,,,,,,1837.1351,1841.5675,"[0.003500000000030923,0.016499999999950887,0.0313999999762018,0.04779999995230355,0.0644999999999527,0.08129999995230719,0.09789999997610721,0.11459999996418446,0.13119999998821186,0.14800000000013824,0.16450000000008913,0.1812999999524436,0.19800000000009277,0.2145999999643209,0.23109999996427177,0.24869999998804815,0.2645999999642754,0.28129999995235266,0.29929999995238177,0.31459999996422994,0.3313999999761563,0.3478999999761072,0.36459999996418446,0.38200000000006185,0.3978999999762891,0.41450000000008913,0.4311999999881664,0.44789999997624363,0.46529999995232174,0.4820999999642481,0.49789999997619816,0.5145999999642754,0.5312999999523527,0.5476999999880263,0.5654999999999291,0.5812999999523072,0.5980999999642336,0.6145999999641845,0.6312999999522617,0.64859999996429,0.66439999997624,0.6813999999762927,0.6977999999523945,0.7145000000000437,0.7316999999882228,0.7478999999761982,0.7644999999999982,0.7811999999880754,0.7980000000000018,0.8147999999523563,0.8312999999523072,0.8479999999999563,0.8647999999523108,0.8816999999880863,0.8980000000001382,0.9146999999882155,0.9311999999881664,0.9478999999762436,0.9645000000000437,0.9818999999761218,0.9986999999880481,1.0144999999999982,1.0311999999880754,1.048099999964279,1.0644999999999527,1.08119999998803,1.0979999999999563,1.1143999999762855,1.1312999999522617,1.1480000000001382,1.1645000000000891,1.1812999999524436,1.1980000000000928,1.2145999999643209,1.2312999999523981,1.2478999999761982,1.2645999999642754,1.2811999999880754,1.2978999999761527,1.31459999996423,1.3312999999523072,1.3479999999999563,1.3645999999641845,1.3810999999643627,1.397899999976289,1.4145000000000891,1.4312999999524436,1.4475999999642681,1.4645000000000437,1.4817999999522726,1.4980999999643245,1.5152999999522763,1.5311999999880754,1.5478999999761527,1.56459999996423,1.5812999999523072,1.5978999999761072,1.6146999999880336,1.6312999999522617,1.647899999976289,1.6645000000000891,1.6811999999881664,1.6978999999762436,1.7145999999643209,1.7320999999642481,1.748599999964199,1.7647999999524018,1.7810999999642263,1.7983999999762545,1.8150000000000546,1.8312999999523072,1.8479999999999563,1.8645000000001346,1.8811999999882119,1.897899999976289,1.9145999999643664,1.9311999999881664,1.9478999999762436,1.9645999999643209,1.9813999999762473,1.9978999999761982,2.0145999999642754,2.0312999999523527,2.0478999999761527,2.06459999996423,2.081299999952307,2.0980999999642336,2.1152999999524127,2.131599999964237,2.1480000000001382,2.1645999999643664,2.1811999999881664,2.1978999999762436,2.2145000000000437,2.231999999999971,2.247899999976198,2.2658999999762273,2.281399999976202,2.298000000000002,2.31459999996423,2.331299999952307,2.34829999995236,2.365000000000009,2.382000000000062,2.39859999996429,2.4149999999999636,2.4312999999524436,2.4477999999523945,2.4645000000000437,2.4815000000000964,2.4990000000000236,2.5155999999642518,2.5317999999524545,2.5482999999524054,2.565199999988181,2.581299999952307,2.5981999999880827,2.6152999999524127,2.632000000000062,2.647899999976289,2.664500000000089,2.6812999999524436,2.6980000000000928,2.714599999964321,2.731199999988121,2.747899999976198,2.7652999999522763,2.7811999999880754,2.798000000000002,2.8147999999523563,2.831299999952307,2.847899999976107,2.8645999999641845,2.8810000000000855,2.89779999995244,2.9145999999643664,2.9312999999524436,2.9478999999762436,2.9645000000000437,2.981299999952398,2.997799999952349,3.014499999999998,3.032199999988052,3.0478999999761527,3.0644999999999527,3.0821999999880063,3.0985999999643354,3.1145999999641845,3.131199999988212,3.147899999976289,3.164500000000089,3.1812999999524436,3.1978999999762436,3.2145000000000437,3.231999999999971,3.247899999976198,3.264499999999998,3.2818999999763037,3.2978999999761527,3.31459999996423,3.33119999998803,3.3479999999999563,3.3645000000001346,3.382099999964339,3.398099999964188,3.4149999999999636,3.4313999999762927,3.4478999999762436,3.4645000000000437,3.4807999999522963,3.497899999976198,3.5145999999642754,3.5311999999880754,3.5478999999761527,3.5644999999999527,3.58119999998803,3.5979999999999563,3.6145000000001346,3.631199999988212,3.64779999995244,3.664500000000089,3.6811999999881664,3.6978999999762436,3.714599999964321,3.731999999999971,3.748499999999922,3.7650999999643773,3.781500000000051,3.798000000000002,3.814699999988079,3.83119999998803,3.8479999999999563,3.8645000000001346,3.881199999988212,3.897899999976289,3.9145999999643664,3.9311999999881664,3.9478999999762436,3.9648999999762964,3.9818999999761218,3.997899999976198,4.014499999999998,4.031199999988075,4.047899999976153,4.065299999952458,4.0815000000000055,4.098699999988185,4.1145999999641845,4.131299999952262,4.14779999995244,4.16439999997624,4.18100000000004,4.1977999999523945,4.214500000000044,4.231199999988121,4.247899999976198,4.265299999952276,4.281299999952353,4.297899999976153,4.314499999999953,4.33119999998803,4.347899999976107,4.364500000000135,4.381199999988212,4.39779999995244,4.414500000000089,4.432199999988143]",0.016649248,0.000457621,267.0,left,1.0,,,,,,1.0,0.0,12.0,0.5,4.948667542,1.0,2.77223883,0.673332987,9.0,0.01134464,0.355140301,0.038458273,0.073668072,0.274720221,7.0,1.456633824,-0.226346318,4.0,0.001745329,0.345391377,0.044661649,0.086491224,0.292502374,6.0,2.646847266,0.835746464,17.0,-0.004363323,0.364429878,0.03744875,0.082879054,0.20378895,5.0,2.346010023,0.99979256,26.0,-8.92894e-14,0.37233788,0.03804093,0.07765862,0.260457405,6.0,1.719039858,0.292162353,51.0,-0.000872665,0.388957543,0.039197552,0.074659583,0.215725836,5.0,1.675326336,0.207540476,76.0,-0.010471976,0.405435715,0.045146986,0.073305428,0.359082681,7.0,2.619339528,0.864676619,64.0,-0.012217305,0.396824946,0.026418425,0.079335183,0.168726505,6.0,0.690289254,-0.981963075,64.0,-0.012217305,0.396824946,0.026418425,0.079335183,0.168726505,6.0,2.520971527,0.946186749,56.0,0.002617994,0.391878159,0.037400891,0.06461151,0.256914973,6.0,2.229074319,0.967854636,40.0,0.001745329,0.381763748,0.031902579,0.075140032,0.211660484,6.0,1.230562825,-0.629156084,72.0,0.006108652,0.40239539,0.026269008,0.066501733,0.165237327,6.0,2.380278198,0.998840174,83.0,0.005235988,0.41175896,0.032251087,0.065012348,0.244231929,6.0,,,,,,,0.7334,,0.0,16.0,16.0,16.0,1.0,,,,,,,,,,,,,,,,,,,,,,,,,,,,0
S070,2,2024-11-21_13h14.36.924,MotivatedInference,2024.1.5,Win32,60.24096386,668be8e87e83611e680fb3ab,{{%SESSION_ID%},Chrome,,,,,,,,,,,,,,,,,,,,,,,,,,,,,,1.0,,,,,,,,2.0,,,,,,,,,conditions/conds_135.csv,5.0,0.0,,,,,,,,,1843.3011,1845.0193,"[0.001899999976330946,0.018899999976156323,0.034699999988106356,0.05269999998813546,0.06589999997618179,0.08600000000001273,0.0992999999523363,0.11529999995241269,0.13579999995249636,0.15200000000004366,0.16519999998808998,0.1860999999644264,0.19900000000006912,0.21939999997630366,0.23219999998809726,0.25309999996443366,0.26529999995250364,0.2861999999881846,0.2993999999762309,0.31869999998821186,0.33259999996425904,0.3515999999642645,0.3695999999642936,0.3825000000001637,0.40509999996424995,0.41569999998819185,0.43650000000002365,0.44889999997622,0.46589999997627274,0.48619999998823005,0.4988999999761745,0.5181999999881555,0.5348999999762327,0.5485999999643809,0.5693999999762127,0.5827999999523854,0.6040999999643191,0.6196999999881427,0.6325999999644409,0.6511999999881937,0.6660999999644446,0.6858999999763,0.7019999999999982,0.7150000000001455,0.7360000000001037,0.7488999999761745,0.7697999999525109,0.7820000000001528,0.8027999999524127,0.8153999999763073,0.8345999999644391,0.8495000000000346,0.8658999999763637,0.8825999999644409,0.89939999997614,0.9190000000000964,0.9325999999643955,0.9525000000001,0.9655999999642972,0.9822999999523745,1.0025999999643318,1.015699999988101,1.0370999999643118,1.0534999999999854,1.0652999999524582,1.0865000000001146,1.103299999952469,1.1151999999881355,1.1320000000000618,1.151599999964219,1.16800000000012,1.1818999999761672,1.1987999999523709,1.2180999999643518,1.2325000000000728,1.2485000000001492,1.2653999999763528,1.2855000000001837,1.30239999997616,1.3152999999524582,1.3346999999880609,1.3481999999880827,1.3651999999881355,1.382599999964441,1.40300000000002,1.4185999999642718,1.4345999999643482,1.4485999999642445,1.4650999999644228,1.4821999999880973,1.5030000000001564,1.5157999999523781,1.535099999964359,1.5485000000001037,1.5686999999882119,1.5827999999523854,1.6014999999999873,1.6158999999763637,1.6351999999881173,1.64939999997614,1.66800000000012,1.6816999999882682,1.6983999999763455,1.7180999999643518]",0.016662136,0.003047237,104.0,left,1.0,,,,,,1.0,0.0,4.0,0.5,0.354177442,1.0,1.766443321,0.381384918,54.0,-0.000872665,0.390632361,0.034931933,0.073298853,0.195852464,4.0,1.775078226,0.397291748,14.0,-0.004363323,0.361562951,0.033827978,0.08680928,0.200727788,5.0,0.316823223,-0.592087263,89.0,0.014835299,0.418022232,0.039220845,0.067729576,0.134251055,3.0,3.057401356,0.167588039,66.0,-0.006108652,0.398200129,0.038012219,0.074472022,0.208169201,4.0,0.0,0.0,0.0,0.0,0.0,0.0,0.0,0.0,0.0,0.0,0.0,0.0,0.0,0.0,0.0,0.0,0.0,0.0,0.0,0.0,0.0,0.0,0.0,0.0,0.0,0.0,0.0,0.0,0.0,0.0,0.0,0.0,0.0,0.0,0.0,0.0,0.0,0.0,0.0,0.0,0.0,0.0,0.0,0.0,0.0,0.0,0.0,0.0,0.0,0.0,0.0,0.0,0.0,0.0,0.0,0.0,0.0,0.0,0.0,0.0,0.0,0.0,0.0,0.0,0.0,0.0,0.0,0.0,0.0,0.0,0.0,0.0,,,,,,,0.7674,,0.0,17.0,17.0,17.0,1.0,,,,,,,,,,,,,,,,,,,,,,,,,,,,0
S070,2,2024-11-21_13h14.36.924,MotivatedInference,2024.1.5,Win32,60.24096386,668be8e87e83611e680fb3ab,{{%SESSION_ID%},Chrome,,,,,,,,,,,,,,,,,,,,,,,,,,,,,,0.0,,,,,,,,7.0,,,,,,,,,conditions/conds_135.csv,5.0,0.0,,,,,,,,,1848.2195,1851.3025,"[0.002399999976205436,0.016399999976329127,0.03269999998815365,0.04669999998827734,0.06330000001207736,0.08289999997623454,0.09669999998823187,0.11339999997630912,0.13289999997618906,0.14739999997618725,0.1673000000121192,0.18089999997619088,0.20030000001202097,0.21419999998829553,0.23400000000015098,0.24739999997632367,0.26819999998815547,0.28269999998815365,0.3005000000000564,0.31360000002405286,0.3326000000240583,0.34669999998823187,0.3663999999762382,0.3813999999763382,0.3966999999881864,0.4173000000121192,0.4306999999882919,0.44969999998829735,0.4641000000240183,0.4846000000238746,0.4971999999881973,0.5133000000121228,0.5308999999763273,0.5511000000240074,0.564399999976331,0.5838999999762109,0.5973999999762327,0.6170000000001892,0.6301000000239583,0.650000000000091,0.6663000000119155,0.6853000000119209,0.7006999999882737,0.7163000000120974,0.7325000000000728,0.7468000000119446,0.7661000000239255,0.7800000000002001,0.80030000001193,0.8133999999763546,0.8348999999761872,0.8468999999763582,0.8633999999763091,0.8800000000001091,0.9011000000239164,0.9168000000120173,0.9300000000000637,0.950300000012021,0.9636000000239164,0.9806000000239692,1.0006999999882282,1.0138000000119973,1.0353000000120574,1.0498000000120555,1.066000000000031,1.0800000000001546,1.0973999999762327,1.118300000012141,1.1311000000239346,1.1498999999762418,1.1633000000119864,1.180699999988292,1.2018000000120992,1.2136000000239164,1.2331999999880736,1.2493000000119991,1.265699999988101,1.2821999999882792,1.2963000000120246,1.3163000000120064,1.3300000000001546,1.346800000012081,1.368199999988292,1.3801000000239583,1.3996000000238382,1.4133000000119864,1.4326999999882446,1.446699999988141,1.4661999999882482,1.4801000000238673,1.4968000000119446,1.5168000000119264,1.5305000000000746,1.5496000000239292,1.5658999999761818,1.5826000000240583,1.596800000012081,1.6168000000120628,1.6298000000119828,1.6490000000001146,1.66439999997624,1.6826999999882446,1.696699999988141,1.7158000000119955,1.7300000000000182,1.7466999999880954,1.7683000000120046,1.7820000000001528,1.79950000000008,1.8133999999763546,1.8348999999761872,1.8470000000002074,1.8678000000120392,1.8825000000001637,1.8966000000239092,1.9184999999999945,1.93380000001207,1.947300000012092,1.9664999999999964,1.9801000000238673,1.9996000000239746,2.0133999999761727,2.0301000000240492,2.0493000000119537,2.066500000000133,2.0798999999763055,2.099699999988161,2.113399999976309,2.130000000000109,2.15219999998817,2.1638999999763655,2.183199999988119,2.1966000000238637,2.2175000000002,2.231199999988121,2.2508000000120774,2.263699999988148,2.285000000000082,2.2966999999882773,2.3163000000120064,2.3300000000001546,2.3493999999761854,2.363399999976309,2.380000000000109,2.4016000000240183,2.417100000023993,2.4300000000000637,2.4491999999881955,2.463399999976218,2.480000000000018,2.5003000000119755,2.5140000000001237,2.534199999988232,2.547399999976278,2.566500000000133,2.5833999999763364,2.5966000000239546,2.616100000024062,2.634699999988243,2.6471999999882883,2.6663000000119155,2.6806000000240147,2.701100000023871,2.7141000000240183,2.7331000000240238,2.7466999999880954,2.766300000012052,2.7831000000239783,2.7966999999882773,2.81739999997626,2.8328000000119573,2.846699999988232,2.863399999976309,2.880000000000109,2.8966999999881864,2.9141000000238364,2.9343000000119446,2.9470000000001164,2.9664999999999964,2.979800000012119,3.0016999999882046,3.0166999999880773,3.0301000000240492,3.046600000024,3.0683999999762364,3.0830000000000837]",0.016651892,0.002952124,186.0,right,0.0,,,,,,2.0,0.0,8.0,0.5,-0.030068004,-1.0,1.334199913,-0.455730595,78.0,0.004363323,0.407032945,0.030231373,0.057417546,0.211999481,6.0,0.903748575,-0.97211691,100.0,-0.001745329,0.484835711,0.035177462,0.059949939,0.178411257,4.0,1.98590442,0.738077253,51.0,-0.000872665,0.388957543,0.039197552,0.074659583,0.215725836,5.0,1.98282493,0.733907716,37.0,-0.010471976,0.379878099,0.039758221,0.071440932,0.269646059,5.0,1.839529636,0.511961441,78.0,0.004363323,0.407032945,0.030231373,0.057417546,0.211999481,6.0,1.290087792,-0.532386284,24.0,-0.000872665,0.370951047,0.044446314,0.068882508,0.271498611,5.0,0.621680834,-0.946870511,20.0,0.004363323,0.367239871,0.029881231,0.073743484,0.121468441,4.0,2.589509005,0.893089885,3.0,0.001745329,0.342027877,0.030569748,0.094119191,0.219456558,8.0,0.0,0.0,0.0,0.0,0.0,0.0,0.0,0.0,0.0,0.0,0.0,0.0,0.0,0.0,0.0,0.0,0.0,0.0,0.0,0.0,0.0,0.0,0.0,0.0,0.0,0.0,0.0,0.0,0.0,0.0,0.0,0.0,0.0,0.0,0.0,0.0,,,,,,,0.9509,,0.0,18.0,18.0,18.0,1.0,,,,,,,,,,,,,,,,,,,,,,,,,,,,0
S070,2,2024-11-21_13h14.36.924,MotivatedInference,2024.1.5,Win32,60.24096386,668be8e87e83611e680fb3ab,{{%SESSION_ID%},Chrome,,,,,,,,,,,,,,,,,,,,,,,,,,,,,,0.0,,,,,,,,3.0,,,,,,,,,conditions/conds_135.csv,5.0,0.0,,,,,,,,,1853.2693,1854.9857,"[0.0013999999762290827,0.016300000011824523,0.030099999964249946,0.0468000000118991,0.06619999998815729,0.0801999999880536,0.09989999997605992,0.11339999997608174,0.1343999999760399,0.1475999999643136,0.16680000001178996,0.18089999997619088,0.19680000001199005,0.21869999998807543,0.2303000000119937,0.2504999999998745,0.26319999998804633,0.28319999998802814,0.2968000000118991,0.31349999999997635,0.33489999997618725,0.3515999999642645,0.3641999999881591,0.38019999998800813,0.3975999999643136,0.4173000000118918,0.43080000001191365,0.45080000001189546,0.46419999998806816,0.4836999999879481,0.4976999999880718,0.5166999999880773,0.5303000000119482,0.5505999999641062,0.5685999999641353,0.5801999999880536,0.5998999999760599,0.61409999996431,0.6343999999760399,0.6475999999643136,0.6678000000119937,0.6805999999642154,0.6994999999999436,0.7141999999880682,0.7339999999999236,0.7473999999760963,0.7663999999761018,0.7801999999880991,0.7968999999761763,0.8185999999641353,0.8345999999642117,0.8468000000118536,0.8675999999641135,0.8804999999999836,0.9000999999641408,0.9148999999761145,0.9353999999761982,0.9500999999643227,0.9633999999762182,0.9828000000118209,0.9968000000119446,1.0164999999999509,1.0329999999999018,1.046800000011899,1.0660999999643082,1.08400000000006,1.0976999999879808,1.116300000011961,1.1310000000000855,1.1499999999998636,1.1641999999881136,1.183999999999969,1.197499999999991,1.2173000000118464,1.2304999999998927,1.2498000000118736,1.2661999999879754,1.280199999988099,1.299399999976231,1.3134999999999764,1.3343999999760854,1.3473999999762327,1.3668000000118354,1.3853999999762436,1.3973999999761872,1.416599999964319,1.4301999999879627,1.4506999999880463,1.464099999964219,1.4843999999761763,1.497000000000071,1.5166999999880773,1.5328999999760526,1.546800000011899,1.5634999999999764,1.580500000000029,1.6011999999880118,1.613599999964208,1.6346999999880154,1.6471999999880609,1.6663000000119155,1.6800999999641135,1.6993000000118172,1.7163999999761472]",0.016650485,0.003044552,104.0,left,0.0,,,,,,2.0,0.0,4.0,0.5,-1.467112222,1.0,1.285877716,-0.539494998,22.0,-0.006108652,0.369173441,0.034771665,0.081264392,0.215269419,6.0,0.177808634,-0.348169079,40.0,0.001745329,0.381763748,0.031902579,0.075140032,0.211660484,6.0,0.598970898,-0.931291306,54.0,-0.000872665,0.390632361,0.034931933,0.073298853,0.195852464,4.0,1.750566048,0.351843161,67.0,0.000872665,0.398829923,0.040120187,0.066830121,0.198372452,4.0,0.0,0.0,0.0,0.0,0.0,0.0,0.0,0.0,0.0,0.0,0.0,0.0,0.0,0.0,0.0,0.0,0.0,0.0,0.0,0.0,0.0,0.0,0.0,0.0,0.0,0.0,0.0,0.0,0.0,0.0,0.0,0.0,0.0,0.0,0.0,0.0,0.0,0.0,0.0,0.0,0.0,0.0,0.0,0.0,0.0,0.0,0.0,0.0,0.0,0.0,0.0,0.0,0.0,0.0,0.0,0.0,0.0,0.0,0.0,0.0,0.0,0.0,0.0,0.0,0.0,0.0,0.0,0.0,0.0,0.0,0.0,0.0,,,,,,,0.7862,,0.0,19.0,19.0,19.0,1.0,,,,,,,,,,,,,,,,,,,,,,,,,,,,0
S070,2,2024-11-21_13h14.36.924,MotivatedInference,2024.1.5,Win32,60.24096386,668be8e87e83611e680fb3ab,{{%SESSION_ID%},Chrome,,,,,,,,,,,,,,,,,,,,,,,,,,,,,,0.0,,,,,,,,8.0,,,,,,,,,conditions/conds_135.csv,5.0,0.0,,,,,,,,,1856.7702,1859.8504,"[0.0026000000239037035,0.015499999999974534,0.029100000023845496,0.048699999988002673,0.06260000002384913,0.08190000003583009,0.09580000001187727,0.11249999999995453,0.13200000000006185,0.14590000003568093,0.1661000000237891,0.18360000002394372,0.19660000002386369,0.21619999998802086,0.22980000001189183,0.24930000001199915,0.26299999999991996,0.2829999999999018,0.29610000002389825,0.31530000001203007,0.32919999998807725,0.3465000000001055,0.36599999999998545,0.38290000003576097,0.3958000000118318,0.4166999999881682,0.43260000002374,0.44560000002388733,0.46550000000002,0.47910000002389097,0.49590000003581736,0.5164999999999509,0.5299000000356955,0.5493000000119537,0.5656999999880554,0.5791000000238,0.5958000000118773,0.6169999999999618,0.6334999999999127,0.6459000000356809,0.6626000000237582,0.6836999999879936,0.6999000000357682,0.712500000000091,0.7294000000358665,0.75080000001185,0.7626999999881718,0.7826999999881536,0.7959000000357719,0.8154000000358792,0.8299999999999272,0.8486999999881846,0.8624999999999545,0.8826000000237855,0.9001999999879899,0.9135000000001128,0.9291999999879863,0.9459000000358628,0.9673000000118464,0.9790000000000418,0.9986000000237709,1.0156000000238237,1.0293000000119719,1.0488000000118518,1.0626999999881264,1.0836000000238073,1.0960000000000036,1.1151000000238582,1.1334999999999127,1.1461000000238073,1.1673000000118918,1.1794999999999618,1.1990000000000691,1.212500000000091,1.229100000023891,1.2509999999999764,1.26290000003587,1.2821999999880518,1.2961000000238982,1.315499999999929,1.3320000000001073,1.3458000000118773,1.3624999999999545,1.3800000000001091,1.398699999988139,1.41310000002386,1.4291000000239364,1.4458000000120137,1.4631999999880918,1.4839000000358737,1.4960000000000946,1.5160000000000764,1.5291999999881227,1.5505000000000564,1.563100000023951,1.5824000000357046,1.5958000000118773,1.6161999999881118,1.629900000035832,1.6496999999881155,1.6631999999881373,1.6821000000238655,1.6958000000120137,1.7161000000237436,1.7331000000237964,1.7458000000119682,1.7671000000239019,1.7803000000119482,1.7994000000358028,1.8129000000358246,1.8324999999999818,1.8459000000357264,1.8624999999999545,1.884999999999991,1.89650000000006,1.9156000000239146,1.9298000000119373,1.9491000000239183,1.962500000000091,1.9828000000118209,1.9983000000120228,2.0125000000000455,2.028900000035719,2.048900000035701,2.0625,2.081800000011981,2.0966000000239546,2.1161000000238346,2.129900000035832,2.150300000011839,2.164500000000089,2.182499999999891,2.196300000011888,2.214999999999918,2.229199999988168,2.248600000023771,2.2626000000238946,2.2791000000238455,2.2999000000356773,2.312600000023849,2.3321999999880063,2.3466999999880045,2.367100000023811,2.379900000035832,2.399600000023838,2.4169999999999163,2.4291999999879863,2.4499000000357682,2.4631000000238146,2.4836999999881755,2.496600000023818,2.515199999987999,2.5318000000120264,2.5454999999999472,2.567500000000109,2.5793000000119264,2.595699999988028,2.6131000000239055,2.633400000035863,2.64650000000006,2.66599999999994,2.679499999999962,2.699000000000069,2.7124000000358137,2.733500000000049,2.7490000000000236,2.7624000000357682,2.7791000000238455,2.800999999999931,2.813100000023951,2.8323000000118554,2.8466000000239546,2.866199999988112,2.8798000000119828,2.8956999999879827,2.9156000000239146,2.9329000000357155,2.946199999988039,2.965400000035743,2.9788000000119155,2.9958000000119682,3.0124000000357682,3.0316999999881773,3.045900000035772,3.065499999999929,3.0799000000358774]",0.016634054,0.003052155,186.0,left,1.0,,,,,,2.0,0.0,8.0,0.5,-1.329421778,-1.0,1.852197859,0.533559019,74.0,-0.002617994,0.403888444,0.032857311,0.06846285,0.186846183,6.0,2.489201077,0.964826646,18.0,-0.008726646,0.365457086,0.031782524,0.075683607,0.153768306,4.0,0.570013397,-0.908644685,51.0,-0.000872665,0.388957543,0.039197552,0.074659583,0.215725836,5.0,0.485753123,-0.825736257,79.0,-0.004363323,0.40793127,0.02386995,0.059748747,0.165450333,7.0,0.110609067,-0.219418235,11.0,-0.013089969,0.357861323,0.044486954,0.075207378,0.243622836,5.0,0.334289124,-0.61987096,93.0,0.012217305,0.423353751,0.033559225,0.078739299,0.188587653,4.0,1.19727274,-0.679475241,31.0,0.004363323,0.375872077,0.0344646,0.07529372,0.228193104,6.0,2.92192503,0.425337935,28.0,0.006108652,0.373747518,0.036497013,0.082304542,0.218348002,5.0,0.0,0.0,0.0,0.0,0.0,0.0,0.0,0.0,0.0,0.0,0.0,0.0,0.0,0.0,0.0,0.0,0.0,0.0,0.0,0.0,0.0,0.0,0.0,0.0,0.0,0.0,0.0,0.0,0.0,0.0,0.0,0.0,0.0,0.0,0.0,0.0,,,,,,,0.7333,,0.0,20.0,20.0,20.0,1.0,,,,,,,,,,,,,,,,,,,,,,,,,,,,0
S070,2,2024-11-21_13h14.36.924,MotivatedInference,2024.1.5,Win32,60.24096386,668be8e87e83611e680fb3ab,{{%SESSION_ID%},Chrome,,,,,,,,,,,,,,,,,,,,,,,,,,,,,,0.0,,,,,,,,10.0,,,,,,,,,conditions/conds_135.csv,5.0,0.0,,,,,,,,,1861.5832,1866.0827,"[0.004400000035730045,0.018900000035728226,0.03249999999979991,0.05310000002373272,0.06640000003562818,0.08719999998788808,0.10060000002363267,0.12019999998801723,0.13330000001178632,0.15210000002366542,0.16680000001178996,0.18619999998804815,0.1999999999998181,0.21649999999999636,0.2359999999998763,0.24949999999989814,0.2686000000237527,0.28749999999990905,0.3034000000357082,0.31810000002383276,0.3329999999998563,0.3494999999998072,0.36910000002376364,0.38560000002371453,0.3993000000118627,0.42040000003567,0.43310000002384186,0.44960000002379275,0.47069999998802814,0.4836000000236709,0.5033000000119046,0.5169999999998254,0.5354999999999563,0.5494000000355754,0.56899999999996,0.5873000000117372,0.6001000000237582,0.6191999999880409,0.6334999999999127,0.6564000000357737,0.6661999999880663,0.6861999999880481,0.7028000000118482,0.7159999999998945,0.7366000000238273,0.7494999999998981,0.7690000000000055,0.7835000000000036,0.8033000000118591,0.8166999999880318,0.8363000000117609,0.8503000000118845,0.8699000000356136,0.8834999999999127,0.8994999999999891,0.9161000000237891,0.9328000000118664,0.9493000000118172,0.9710000000000036,0.9834999999998217,1.002999999999929,1.0161000000236982,1.0356999999880827,1.053300000011859,1.0659999999998035,1.087800000011839,1.0996000000236563,1.1209999999998672,1.1378000000117936,1.1526999999880445,1.1659000000356627,1.1828000000118664,1.2023000000117463,1.2186999999880754,1.2355000000000018,1.2493000000117718,1.2661000000236982,1.2829000000356245,1.2993000000117263,1.3209000000356355,1.3336000000238073,1.3531999999879645,1.3669000000356846,1.385800000011841,1.4019999999998163,1.41680000001179,1.43549999999982,1.4501999999879445,1.4701999999879263,1.4828000000118209,1.5019999999999527,1.5161000000236982,1.5324999999998,1.5534999999999854,1.566800000011881,1.5854999999999109,1.6001000000237582,1.6191999999880409,1.6331999999879372,1.6528000000118936,1.669800000011719,1.6826999999880172,1.7021999999878972,1.7161000000237436,1.7381999999879554,1.7534999999998035,1.7661000000236982,1.7854999999999563,1.8034999999999854,1.8161000000236527,1.8361999999879117,1.8528000000117117,1.865800000011859,1.8856000000237145,1.8993000000118627,1.9188000000117427,1.9326999999880172,1.9543000000119264,1.9661999999880209,1.9866999999878772,1.9993000000117718,2.0158000000117227,2.0359000000355536,2.052600000023631,2.070300000011912,2.083499999999958,2.1036999999880663,2.1199000000356136,2.132999999999811,2.149400000035712,2.1706000000237964,2.1831999999878917,2.1994999999999436,2.21919999998795,2.2333000000119227,2.2498000000118736,2.2706999999879827,2.2835000000000036,2.303300000011859,2.31690000003573,2.3361000000236345,2.349300000011908,2.3704000000357155,2.383699999988039,2.4021999999879426,2.41680000001179,2.4371000000237473,2.4536999999879754,2.469400000035648,2.4854000000357246,2.4993000000117718,2.5156999999878735,2.536999999999807,2.549800000011828,2.5709999999999127,2.58280000001173,2.604199999987941,2.6184999999998126,2.632900000035761,2.653900000035719,2.666699999987941,2.6829000000357155,2.7023000000117463,2.716999999999871,2.736300000011852,2.7496999999880245,2.7696999999880063,2.7836000000238528,2.8036999999878844,2.820300000011912,2.8331000000237054,2.8544999999999163,2.8666999999879863,2.8826999999880627,2.9039999999999964,2.9166000000236636,2.9326999999880172,2.9493000000118172,2.969800000011901,2.986699999987877,3.003100000023778,3.02030000001173,3.032600000023649,3.05319999998801,3.066800000011881,3.0854000000356336,3.0994000000357573,3.115900000035708,3.1326999999880627,3.152300000011792,3.166100000023789,3.1863000000118973,3.1994999999999436,3.2159999999998945,3.235500000000002,3.249400000035621,3.2711000000238073,3.2834000000357264,3.2993000000117263,3.3218000000117627,3.337100000023838,3.3501999999880354,3.369999999999891,3.38310000002366,3.40380000001187,3.416100000023789,3.4331999999878917,3.4544000000357755,3.4661000000237436,3.48580000001175,3.4993000000117718,3.518800000011879,3.533199999988028,3.552400000035732,3.566800000011881,3.582499999999982,3.600100000023758,3.6204000000357155,3.6334000000356355,3.652300000011792,3.666699999987941,3.68549999999982,3.7033000000117227,3.7159999999998945,3.7374999999999545,3.750199999987899,3.7690000000000055,3.7834000000357264,3.7994999999998527,3.821300000011888,3.832900000035579,3.8526000000238128,3.8659999999999854,3.8874000000357682,3.8999000000355863,3.919800000011719,3.932499999999891,3.9544999999998254,3.9659999999998945,3.986699999987877,4,4.019400000035603,4.033900000035601,4.053300000011859,4.068600000023707,4.083400000035681,4.099400000035757,4.115900000035708,4.132400000035659,4.149600000023838,4.168900000035592,4.182999999999993,4.200300000011794,4.216900000035594,4.235600000023851,4.25,4.2663000000118245,4.282999999999902,4.3034999999999854,4.317699999988008,4.335699999988037,4.349600000023656,4.3659999999999854,4.382699999988063,4.402999999999793,4.416699999987941,4.436100000023771,4.44969999998807,4.468900000035774,4.482699999987972,4.499300000011772]",0.016647778,0.003035819,271.0,left,0.0,,,,,,1.0,0.0,12.0,0.5,-0.147488663,-1.0,1.787036051,0.419123252,95.0,-0.003490659,0.427246221,0.028411926,0.064304978,0.203029515,6.0,1.535409367,-0.070714851,89.0,0.014835299,0.418022232,0.039220845,0.067729576,0.134251055,3.0,2.265074965,0.983440371,19.0,-8.92894e-14,0.366380653,0.037711395,0.069882825,0.280007013,7.0,1.318568664,-0.483330683,22.0,-0.006108652,0.369173441,0.034771665,0.081264392,0.215269419,6.0,2.451105013,0.982038016,50.0,-0.003490659,0.388365859,0.031859869,0.061653869,0.235670302,6.0,0.769824551,-0.999514964,26.0,-8.92894e-14,0.37233788,0.03804093,0.07765862,0.260457405,6.0,1.097552879,-0.811366976,41.0,0.013089969,0.382506884,0.032100804,0.075836611,0.218324429,6.0,2.151072423,0.917023481,16.0,0.017453293,0.363466057,0.031192723,0.069909496,0.180964939,5.0,1.360748152,-0.407848427,54.0,-0.000872665,0.390632361,0.034931933,0.073298853,0.195852464,4.0,1.207324254,-0.66458938,60.0,0.008726646,0.394321176,0.024708435,0.063628191,0.162696287,6.0,0.3097984,-0.580706958,7.0,-0.003490659,0.352071506,0.033456274,0.080650645,0.190019159,6.0,2.838973263,0.568958457,83.0,0.005235988,0.41175896,0.032251087,0.065012348,0.244231929,6.0,,,,,,,0.5665,,0.0,21.0,21.0,21.0,1.0,,,,,,,,,,,,,,,,,,,,,,,,,,,,0
S070,2,2024-11-21_13h14.36.924,MotivatedInference,2024.1.5,Win32,60.24096386,668be8e87e83611e680fb3ab,{{%SESSION_ID%},Chrome,,,,,,,,,,,,,,,,,,,,,,,,,,,,,,0.0,,,,,,,,1.0,,,,,,,,,conditions/conds_135.csv,5.0,0.0,,,,,,,,,1867.6504,1869.3687,"[0.002200000047650974,0.018800000012106466,0.03530000001205735,0.04960000002392917,0.06780000001208464,0.08320000004778194,0.10020000004783469,0.11920000004784015,0.13240000003588648,0.14970000004768735,0.1694999999999709,0.18250000000011823,0.19910000002391826,0.21620000004782014,0.23610000002395282,0.24960000002397464,0.26850000000013097,0.28240000003575005,0.3025000000000091,0.31610000002388006,0.33580000001188637,0.35149999999998727,0.36550000000011096,0.38510000002384004,0.398700000047711,0.41970000004766916,0.4329999999999927,0.4521000000238473,0.4657000000477183,0.48560000002385095,0.49930000001199915,0.518500000000131,0.5321000000240019,0.5516000000238819,0.5661000000238801,0.585400000035861,0.5987000000477565,0.6156000000239601,0.6349999999999909,0.6489000000358374,0.6681000000239692,0.6822000000477146,0.703900000035901,0.7162000000478201,0.7325000000000728,0.7517000000477765,0.7661000000239255,0.7868000000119082,0.8032000000478092,0.8159000000357537,0.8356000000239874,0.8491000000240092,0.8688000000120155,0.882100000023911,0.9035000000001219,0.9156000000239146,0.9346000000239201,0.9488000000119428,0.9685000000001764,0.9829000000358974,1.0031000000240056,1.016400000035901,1.0349000000358046,1.0496000000239292,1.0693000000119355,1.0828000000119573,1.101200000047811,1.1159000000359356,1.1344000000358392,1.1488000000119882,1.16880000001197,1.1829000000359429,1.2018000000120992,1.2160000000001219,1.2367000000476764,1.2495000000001255,1.2683000000120046,1.2827000000477256,1.3023000000118827,1.3159000000357537,1.33680000001209,1.3493000000119082,1.369900000035841,1.387300000011919,1.3988000000119882,1.4154000000357883,1.4360000000001492,1.4497000000478693,1.4692000000477492,1.4829000000358974,1.5018000000120537,1.5162000000477747,1.5363000000120337,1.5496000000239292,1.5651000000239037,1.5821000000239565,1.5987000000477565,1.6154000000358337,1.6322000000477601,1.6523000000120192,1.6655000000000655,1.6849000000358956,1.6987000000476655,1.7182000000477728]",0.016660194,0.00284217,104.0,right,1.0,,,,,,1.0,0.0,4.0,0.5,2.709572856,-1.0,2.480103867,0.969449765,79.0,-0.004363323,0.40793127,0.02386995,0.059748747,0.165450333,7.0,2.518499084,0.947775444,23.0,0.001745329,0.370048297,0.033576258,0.089212406,0.165879093,5.0,2.062801531,0.832724573,45.0,0.006108652,0.385245638,0.032702855,0.065559913,0.166419284,5.0,0.020193953,-0.040376926,35.0,0.01134464,0.378665605,0.034694997,0.068673497,0.233172687,6.0,0.0,0.0,0.0,0.0,0.0,0.0,0.0,0.0,0.0,0.0,0.0,0.0,0.0,0.0,0.0,0.0,0.0,0.0,0.0,0.0,0.0,0.0,0.0,0.0,0.0,0.0,0.0,0.0,0.0,0.0,0.0,0.0,0.0,0.0,0.0,0.0,0.0,0.0,0.0,0.0,0.0,0.0,0.0,0.0,0.0,0.0,0.0,0.0,0.0,0.0,0.0,0.0,0.0,0.0,0.0,0.0,0.0,0.0,0.0,0.0,0.0,0.0,0.0,0.0,0.0,0.0,0.0,0.0,0.0,0.0,0.0,0.0,,,,,,,0.8166,,0.0,22.0,22.0,22.0,1.0,,,,,,,,,,,,,,,,,,,,,,,,,,,,0
S070,2,2024-11-21_13h14.36.924,MotivatedInference,2024.1.5,Win32,60.24096386,668be8e87e83611e680fb3ab,{{%SESSION_ID%},Chrome,,,,,,,,,,,,,,,,,,,,,,,,,,,,,,0.0,,,,,,,,4.0,,,,,,,,,conditions/conds_135.csv,5.0,0.0,,,,,,,,,1871.1993,1872.8992,"[0.0016999999879772076,0.016099999964126255,0.033099999964179005,0.04980000001182816,0.06649999999990541,0.0833000000118318,0.09980000001178269,0.1163999999760108,0.13309999996408806,0.1498000000117372,0.16649999999981446,0.18309999996404258,0.19989999997596897,0.21649999999999636,0.23309999996422448,0.2505999999641517,0.26719999998795174,0.2839999999998781,0.3001999999880809,0.3163999999760563,0.33309999996413353,0.3500999999641863,0.36649999999985994,0.38309999996408806,0.3998000000117372,0.41649999999981446,0.43439999997599443,0.45069999998804633,0.46639999997614723,0.4830999999642245,0.49980000001187364,0.5163999999761018,0.5329999999999018,0.549699999987979,0.5663999999760563,0.5833000000118318,0.5996999999879336,0.6164999999998599,0.633699999988039,0.6504999999999654,0.6665999999640917,0.6838999999761199,0.70049999999992,0.7164999999999964,0.7330999999642245,0.7498999999761509,0.7663999999761018,0.783099999964179,0.799699999987979,0.8163999999760563,0.8330999999641335,0.8496999999879336,0.8663999999760108,0.883699999988039,0.9005999999642427,0.9163999999759653,0.9328999999761436,0.9505999999641972,0.9670999999641481,0.9833000000119227,0.9998000000118736,1.0171999999879517,1.0329999999999018,1.049699999987979,1.0663999999760563,1.0833000000118318,1.0998000000117827,1.11649999999986,1.13359999996419,1.1498000000117372,1.1663999999759653,1.1829999999999927,1.19969999998807,1.2163999999761472,1.2331999999880736,1.2498000000118736,1.2664999999999509,1.284699999987879,1.300499999999829,1.3165999999641826,1.3329999999998563,1.3498000000117827,1.3663999999760108,1.3829999999998108,1.3998000000117372,1.4163999999759653,1.4330999999640426,1.44969999998807,1.467099999964148,1.4829999999999472,1.4996999999880245,1.5163999999761018,1.5329999999999018,1.5498000000118282,1.5663999999760563,1.5830999999641335,1.5996999999879336,1.6174999999998363,1.6340000000000146,1.6518000000119173,1.6663999999759653,1.6830999999640426,1.699800000011919]",0.016648039,0.000513491,103.0,right,1.0,,,,,,2.0,0.0,4.0,0.5,-0.547140963,1.0,1.304211492,-0.508265611,33.0,-0.006108652,0.377230834,0.032847101,0.067598606,0.249691544,6.0,0.206557574,-0.401464357,53.0,-0.003490659,0.390095866,0.043303837,0.083823939,0.349451294,6.0,2.081006025,0.852327444,83.0,0.005235988,0.41175896,0.032251087,0.065012348,0.244231929,6.0,0.255894864,-0.48973844,6.0,-0.001745329,0.3497664,0.039524515,0.103278094,0.256513403,7.0,0.0,0.0,0.0,0.0,0.0,0.0,0.0,0.0,0.0,0.0,0.0,0.0,0.0,0.0,0.0,0.0,0.0,0.0,0.0,0.0,0.0,0.0,0.0,0.0,0.0,0.0,0.0,0.0,0.0,0.0,0.0,0.0,0.0,0.0,0.0,0.0,0.0,0.0,0.0,0.0,0.0,0.0,0.0,0.0,0.0,0.0,0.0,0.0,0.0,0.0,0.0,0.0,0.0,0.0,0.0,0.0,0.0,0.0,0.0,0.0,0.0,0.0,0.0,0.0,0.0,0.0,0.0,0.0,0.0,0.0,0.0,0.0,,,,,,,1.1183,,0.0,23.0,23.0,23.0,1.0,,,,,,,,,,,,,,,,,,,,,,,,,,,,0
S070,2,2024-11-21_13h14.36.924,MotivatedInference,2024.1.5,Win32,60.24096386,668be8e87e83611e680fb3ab,{{%SESSION_ID%},Chrome,,,,,,,,,,,,,,,,,,,,,,,,,,,,,,-1.0,,,,,,,,9.0,,,,,,,,,conditions/conds_135.csv,5.0,0.0,,,,,,,,,1876.204,1880.6662,"[0.004500000000007276,0.01480000001197368,0.028199999988146374,0.04850000000010368,0.06300000000010186,0.07830000001195003,0.0958999999761545,0.11560000002396009,0.1316000000240365,0.14489999997613268,0.1623999999762873,0.1826999999882446,0.19539999997618906,0.2158000000119955,0.22850000000016735,0.25010000002384913,0.26239999997619634,0.2811000000240256,0.2951000000239219,0.31610000002388006,0.32919999998807725,0.3488000000120337,0.36599999999998545,0.37919999998825915,0.39860000002386187,0.41150000000016007,0.43280000001209373,0.44530000001191183,0.46619999998824824,0.47850000000016735,0.4993999999762764,0.5123000000119191,0.53289999997628,0.5458000000119227,0.5618999999762764,0.5826000000238309,0.5958000000121046,0.6116000000238273,0.6291000000239819,0.6461000000240347,0.6663000000119155,0.6790000000000873,0.6991999999881955,0.7153000000118936,0.7281999999881918,0.7493999999762764,0.762000000000171,0.78289999997628,0.7951000000239219,0.8145000000001801,0.8285000000000764,0.8491999999880591,0.8625000000001819,0.8841999999881409,0.8958000000120592,0.9153000000119391,0.9288999999762382,0.9493999999763219,0.962500000000091,0.9828000000120483,0.9956000000238419,1.0158999999762273,1.0286999999882482,1.04950000000008,1.0653999999763073,1.07830000001195,1.0958000000121046,1.116300000011961,1.1283999999761818,1.1449999999999818,1.1648000000120646,1.1828000000120937,1.1956999999881646,1.211699999988241,1.2283999999763182,1.2493000000119991,1.2621000000240201,1.2828000000120028,1.2953000000120483,1.316000000000031,1.328199999988101,1.349199999988059,1.362500000000182,1.3831999999881646,1.399199999988241,1.4116000000240092,1.4313000000120155,1.4493999999763219,1.46260000002394,1.4811000000238437,1.4963999999763473,1.5153000000120755,1.530199999988099,1.5480000000000018,1.5616000000238728,1.5824999999999818,1.59539999997628,1.615000000000009,1.6283000000119046,1.649499999999989,1.6623999999762873,1.681600000023991,1.6983999999763455,1.71260000002394,1.731999999999971,1.7486999999880481,1.7616999999881955,1.7823999999761782,1.795100000023922,1.8158000000119046,1.8286999999882028,1.8493999999761854,1.86200000000008,1.8825000000001637,1.8951999999881082,1.9163000000119155,1.9283999999761363,1.9476999999881173,1.9623999999762418,1.98210000002382,1.9993999999762764,2.0125000000000455,2.0316999999881773,2.0461000000238982,2.0661999999881573,2.081800000011981,2.0950000000000273,2.1159999999999854,2.12860000002388,2.14939999997614,2.1625000000001364,2.1825000000001182,2.199500000000171,2.2123000000119646,2.2316000000239455,2.2458000000119682,2.2653000000120755,2.2791000000238455,2.299399999976231,2.3121000000239746,2.3313999999761563,2.3450000000000273,2.3621999999882064,2.383399999976291,2.3953999999762345,2.4160000000001673,2.4318999999761672,2.44760000002384,2.462399999976242,2.481999999999971,2.495699999988119,2.515100000023949,2.5333000000121046,2.5493000000119537,2.5628999999762527,2.581800000011981,2.5961000000238528,2.615399999976262,2.62860000002388,2.6480000000001382,2.661699999988059,2.6826999999882446,2.6993000000120446,2.711699999988241,2.7325000000000728,2.744899999976269,2.762300000011919,2.78289999997628,2.7958000000119227,2.815199999988181,2.8286999999882028,2.8495000000000346,2.8623999999763328,2.8818000000119355,2.8953999999762345,2.911399999976311,2.9308000000119137,2.9450000000001637,2.96260000002394,2.982600000023922,2.9958999999762455,3.0150000000001,3.0283000000119955,3.04869999998823,3.062399999976151,3.0821000000239565,3.0956999999882555,3.115000000000009,3.129100000023982,3.144999999999982,3.1618999999761854,3.182300000011992,3.199000000000069,3.211699999988241,3.2328000000120483,3.248500000000149,3.2616999999881955,3.2825000000000273,3.2956999999880736,3.3150000000000546,3.33110000002398,3.344899999976178,3.366199999988112,3.379199999988259,3.398699999988139,3.4123999999762873,3.432300000011992,3.4483000000120683,3.4616000000239637,3.4836000000238982,3.4954999999999927,3.515100000023949,3.5283000000119955,3.548999999999978,3.561600000023873,3.583300000012059,3.5956999999882555,3.616800000012063,3.629000000000133,3.6476999999881627,3.6623999999762873,3.6826000000239674,3.695899999976291,3.7151000000239947,3.7286000000240165,3.7496000000239746,3.761899999976322,3.782399999976178,3.7985000000001037,3.8141999999882046,3.83110000002398,3.8450000000000273,3.8643000000120082,3.8783000000119046,3.8980000000001382,3.9123999999762873,3.9316999999882682,3.9456999999881646,3.9643999999761945,3.978199999988192,3.9950000000001182,4.0125000000000455,4.031899999976304,4.045199999988199,4.061600000023873,4.082800000011957,4.095100000023876,4.1166000000239364,4.128199999988055,4.144899999976133,4.164600000023938,4.178899999976238,4.198300000012068,4.2121999999881155,4.23210000002382,4.245800000011968,4.265199999988226,4.278999999999996,4.298100000023851,4.31169999998815,4.32830000001195,4.348199999988083,4.362500000000182,4.382399999976315,4.399899999976242,4.412100000023884,4.428199999988237,4.4483999999763455,4.462100000023838]",0.016632836,0.003243001,269.0,left,1.0,,,,,,1.0,0.0,12.0,0.5,4.948667542,1.0,2.77223883,0.673332987,9.0,0.01134464,0.355140301,0.038458273,0.073668072,0.274720221,7.0,1.456633824,-0.226346318,4.0,0.001745329,0.345391377,0.044661649,0.086491224,0.292502374,6.0,2.646847266,0.835746464,17.0,-0.004363323,0.364429878,0.03744875,0.082879054,0.20378895,5.0,2.346010023,0.99979256,26.0,-8.92894e-14,0.37233788,0.03804093,0.07765862,0.260457405,6.0,1.719039858,0.292162353,51.0,-0.000872665,0.388957543,0.039197552,0.074659583,0.215725836,5.0,1.675326336,0.207540476,76.0,-0.010471976,0.405435715,0.045146986,0.073305428,0.359082681,7.0,2.619339528,0.864676619,64.0,-0.012217305,0.396824946,0.026418425,0.079335183,0.168726505,6.0,0.690289254,-0.981963075,64.0,-0.012217305,0.396824946,0.026418425,0.079335183,0.168726505,6.0,2.520971527,0.946186749,56.0,0.002617994,0.391878159,0.037400891,0.06461151,0.256914973,6.0,2.229074319,0.967854636,40.0,0.001745329,0.381763748,0.031902579,0.075140032,0.211660484,6.0,1.230562825,-0.629156084,72.0,0.006108652,0.40239539,0.026269008,0.066501733,0.165237327,6.0,2.380278198,0.998840174,83.0,0.005235988,0.41175896,0.032251087,0.065012348,0.244231929,6.0,,,,,,,0.8006,,0.0,24.0,24.0,24.0,1.0,,,,,,,,,,,,,,,,,,,,,,,,,,,,0
S070,2,2024-11-21_13h14.36.924,MotivatedInference,2024.1.5,Win32,60.24096386,668be8e87e83611e680fb3ab,{{%SESSION_ID%},Chrome,,,,,,,,,,,,,,,,,,,,,,,,,,,,,,-1.0,,,,,,,,2.0,,,,,,,,,conditions/conds_135.csv,5.0,0.0,,,,,,,,,1882.4695,1884.1992,"[0.0018000000120537152,0.015500000000201908,0.029500000000098225,0.04910000002405468,0.06339999997635459,0.08260000002405832,0.09610000002385277,0.11339999997630912,0.13030000001208464,0.15200000000004366,0.1636000000239619,0.18260000002396737,0.1961000000239892,0.21330000001194094,0.23439999997617633,0.24610000002394372,0.26580000001195003,0.2793999999762491,0.29900000000020555,0.3156999999882828,0.3293999999762036,0.34930000001213557,0.3653999999762618,0.3801000000239583,0.39910000002396373,0.4126999999882628,0.43169999998826825,0.4461999999882664,0.46560000002386914,0.47930000001201734,0.49989999997637824,0.5135000000000218,0.5328000000120028,0.5461999999881755,0.5656999999882828,0.5791000000240274,0.5986999999881846,0.61489999997616,0.6291999999882592,0.6488000000119882,0.6636000000239619,0.6838000000120701,0.7001000000238946,0.7128000000120664,0.7320000000001983,0.7495000000001255,0.7653999999763528,0.7796000000239474,0.7961000000238982,0.8135000000002037,0.8335000000001855,0.84619999998813,0.8651000000238582,0.8793000000121083,0.8986999999881391,0.9170000000001437,0.9326999999882446,0.9458000000120137,0.9650000000001455,0.9793000000120173,1.0006999999882282,1.0131999999882737,1.0340000000001055,1.0493000000119537,1.0653999999763073,1.0793999999762036,1.09619999998813,1.1156999999882373,1.1333000000120137,1.1468000000120355,1.162800000012112,1.1840000000001965,1.19680000001199,1.2166000000238455,1.2298000000121192,1.2493999999762764,1.2631000000239965,1.2836000000238528,1.2963000000120246,1.3163000000120064,1.3293000000119264,1.3461000000238528,1.362699999988081,1.382100000023911,1.3990000000001146,1.4126999999882628,1.42939999997634,1.4490000000000691,1.4626999999882173,1.4793999999762946,1.5001999999881264,1.5136999999881482,1.5318000000120264,1.5468999999761763,1.5671000000238564,1.5791999999880773,1.5970000000002074,1.6173000000119373,1.6301000000239583,1.6458999999763364,1.6673000000121192,1.6798000000119373,1.69889999997622,1.71260000002394,1.7293999999762946]",0.016611538,0.002863071,105.0,left,1.0,,,,,,1.0,0.0,4.0,0.5,0.354177442,1.0,1.766443321,0.381384918,54.0,-0.000872665,0.390632361,0.034931933,0.073298853,0.195852464,4.0,1.775078226,0.397291748,14.0,-0.004363323,0.361562951,0.033827978,0.08680928,0.200727788,5.0,0.316823223,-0.592087263,89.0,0.014835299,0.418022232,0.039220845,0.067729576,0.134251055,3.0,3.057401356,0.167588039,66.0,-0.006108652,0.398200129,0.038012219,0.074472022,0.208169201,4.0,0.0,0.0,0.0,0.0,0.0,0.0,0.0,0.0,0.0,0.0,0.0,0.0,0.0,0.0,0.0,0.0,0.0,0.0,0.0,0.0,0.0,0.0,0.0,0.0,0.0,0.0,0.0,0.0,0.0,0.0,0.0,0.0,0.0,0.0,0.0,0.0,0.0,0.0,0.0,0.0,0.0,0.0,0.0,0.0,0.0,0.0,0.0,0.0,0.0,0.0,0.0,0.0,0.0,0.0,0.0,0.0,0.0,0.0,0.0,0.0,0.0,0.0,0.0,0.0,0.0,0.0,0.0,0.0,0.0,0.0,0.0,0.0,,,,,,,0.8845,,0.0,25.0,25.0,25.0,1.0,,,,,,,,,,,,,,,,,,,,,,,,,,,,0
S070,2,2024-11-21_13h14.36.924,MotivatedInference,2024.1.5,Win32,60.24096386,668be8e87e83611e680fb3ab,{{%SESSION_ID%},Chrome,,,,,,,,,,,,,,,,,,,,,,,,,,,,,,-1.0,,,,,,,,7.0,,,,,,,,,conditions/conds_135.csv,5.0,0.0,,,,,,,,,1886.1041,1889.1867,"[0.0025999999643318006,0.016000000000076398,0.030599999964124436,0.044899999976223626,0.06179999995219987,0.07879999995225262,0.09909999996420993,0.11579999995228718,0.12829999995233266,0.14750000000003638,0.1614999999999327,0.17799999999988358,0.19849999999996726,0.2111999999881391,0.23250000000007276,0.24549999999999272,0.26639999997610175,0.2821999999880518,0.29469999998809726,0.3144999999999527,0.33259999996425904,0.3452999999522035,0.3658999999761363,0.3783999999761818,0.3992999999522908,0.4117999999523363,0.4323999999760417,0.4457999999522144,0.46589999997604536,0.4781999999879645,0.4996999999880245,0.5115000000000691,0.5308999999760999,0.5454999999999472,0.5643999999761036,0.5789999999999509,0.5978999999761072,0.6120999999641299,0.6315999999642372,0.6492999999522908,0.6615999999642099,0.678799999952389,0.6984999999999673,0.711299999952189,0.7280000000000655,0.7490999999643009,0.76139999997622,0.7831999999880281,0.7956999999880736,0.8160000000000309,0.8280999999642518,0.8475000000000819,0.862199999987979,0.8820000000000618,0.8991999999880136,0.9120000000000346,0.9321999999881427,0.9449999999999363,0.9655999999642972,0.9783999999760908,0.9997999999523017,1.0117999999522453,1.0325000000000273,1.048099999964279,1.0613999999761745,1.0824999999999818,1.0954999999999018,1.1158999999761363,1.1287999999522071,1.14859999996429,1.16239999997606,1.1814999999999145,1.1950999999642136,1.211299999952189,1.2280000000000655,1.2474999999999454,1.2622999999523472,1.2823999999761782,1.298099999964279,1.3121999999880245,1.328199999988101,1.3493999999761854,1.36209999996413,1.3815999999642372,1.398699999988139,1.4120999999643118,1.4312999999522162,1.4455000000000382,1.4617999999522908,1.4823999999762236,1.4949999999998909,1.5153999999761254,1.5285999999641717,1.5478999999761527,1.5613999999761745,1.5787999999522526,1.5954999999999018,1.61569999998801,1.6281999999880554,1.6446999999880063,1.6642999999523909,1.68100000000004,1.6949999999999363,1.7116999999880136,1.7287999999523436,1.7490000000000236,1.7670000000000528,1.7811999999880754,1.7946999999880973,1.8112999999523254,1.8291999999880773,1.847799999952258,1.862199999987979,1.8832999999522144,1.8955000000000837,1.9163999999761927,1.9284999999999854,1.9449999999999363,1.9620999999642663,1.9822999999523745,1.9947999999521926,2.011299999952371,2.0288999999761472,2.04950000000008,2.0621999999880245,2.0809999999999036,2.0954999999999018,2.11409999996431,2.1288999999760563,2.1491999999880136,2.161699999988059,2.1829999999999927,2.1949999999999363,2.2159999999998945,2.228399999976091,2.2487999999523254,2.261599999964119,2.282299999952329,2.2954999999999472,2.3144999999999527,2.3287999999522526,2.3509999999998854,2.362199999987979,2.382399999976087,2.3955999999641335,2.415299999952367,2.4283999999761363,2.449000000000069,2.461799999952291,2.4825999999641226,2.495099999964168,2.5155999999642518,2.5283999999760454,2.5454999999999472,2.5655999999642063,2.578299999952378,2.599199999988059,2.61209999996413,2.631399999976111,2.6455000000000837,2.66519999998809,2.678799999952389,2.698799999952371,2.7116999999880136,2.7323999999762236,2.7482999999522235,2.76139999997622,2.7825000000000273,2.7950999999641226,2.815899999976182,2.8280999999642518,2.84909999996421,2.8615999999642554,2.881599999964237,2.8955000000000837,2.9147999999522654,2.9320999999642936,2.9456999999881646,2.96550000000002,2.97849999999994,2.9992999999522,3.0118999999760945,3.0312999999523527,3.0446999999880973,3.0620999999641754,3.0823999999761327]",0.016647568,0.0032946,186.0,right,0.0,,,,,,2.0,0.0,8.0,0.5,-0.030068004,-1.0,1.334199913,-0.455730595,78.0,0.004363323,0.407032945,0.030231373,0.057417546,0.211999481,6.0,0.903748575,-0.97211691,100.0,-0.001745329,0.484835711,0.035177462,0.059949939,0.178411257,4.0,1.98590442,0.738077253,51.0,-0.000872665,0.388957543,0.039197552,0.074659583,0.215725836,5.0,1.98282493,0.733907716,37.0,-0.010471976,0.379878099,0.039758221,0.071440932,0.269646059,5.0,1.839529636,0.511961441,78.0,0.004363323,0.407032945,0.030231373,0.057417546,0.211999481,6.0,1.290087792,-0.532386284,24.0,-0.000872665,0.370951047,0.044446314,0.068882508,0.271498611,5.0,0.621680834,-0.946870511,20.0,0.004363323,0.367239871,0.029881231,0.073743484,0.121468441,4.0,2.589509005,0.893089885,3.0,0.001745329,0.342027877,0.030569748,0.094119191,0.219456558,8.0,0.0,0.0,0.0,0.0,0.0,0.0,0.0,0.0,0.0,0.0,0.0,0.0,0.0,0.0,0.0,0.0,0.0,0.0,0.0,0.0,0.0,0.0,0.0,0.0,0.0,0.0,0.0,0.0,0.0,0.0,0.0,0.0,0.0,0.0,0.0,0.0,,,,,,,1.0508,,0.0,26.0,26.0,26.0,1.0,,,,,,,,,,,,,,,,,,,,,,,,,,,,0
S070,2,2024-11-21_13h14.36.924,MotivatedInference,2024.1.5,Win32,60.24096386,668be8e87e83611e680fb3ab,{{%SESSION_ID%},Chrome,,,,,,,,,,,,,,,,,,,,,,,,,,,,,,-1.0,,,,,,,,12.0,,,,,,,,,conditions/conds_135.csv,5.0,0.0,,,,,,,,,1891.236,1895.6831,"[0.006399999976110848,0.01589999997599989,0.029499999999870852,0.0464999999999236,0.06310000002372362,0.08319999998798266,0.0958999999761545,0.11549999999988358,0.1326999999880627,0.14689999997608538,0.16560000002368724,0.1803000000118118,0.19930000001181725,0.21280000001183907,0.23219999998809726,0.2459999999998672,0.26350000000002183,0.2829999999999018,0.29860000002372544,0.312699999987899,0.32939999997597624,0.34600000000000364,0.3674999999998363,0.38030000001185726,0.40019999998798994,0.4131999999879099,0.43260000002374,0.4461000000237618,0.46349999999983993,0.4833999999762,0.49639999997611994,0.5178000000119027,0.5294999999998709,0.5468999999761763,0.5676999999880081,0.5794999999998254,0.5961000000238528,0.6134999999999309,0.6343999999760399,0.6468000000118082,0.6654999999998381,0.6803000000118118,0.6991999999879681,0.7136000000236891,0.7333000000119227,0.7469999999998436,0.7661000000236982,0.7798000000118464,0.7986000000237254,0.8128000000117481,0.8341000000236818,0.8466999999880045,0.8661000000238346,0.8801999999880081,0.8988999999760381,0.9126999999880354,0.9293999999761127,0.9459999999999127,0.9636000000236891,0.9821999999880973,0.9961000000237163,1.0128000000117936,1.0293999999760217,1.0488000000118518,1.0634999999999764,1.0829999999998563,1.0995000000000346,1.1161999999881118,1.1295000000000073,1.1491000000237364,1.1634999999998854,1.1828999999761436,1.1959999999999127,1.21269999998799,1.2321999999880973,1.2459999999998672,1.2651000000237218,1.2836000000238528,1.2963999999760745,1.312699999987899,1.3301999999880536,1.3511000000237345,1.3631999999879554,1.3824999999999363,1.3968000000118082,1.4166999999879408,1.4301000000236854,1.4503000000117936,1.46349999999984,1.4828999999760981,1.496499999999969,1.5169999999998254,1.533100000023751,1.548899999976129,1.5626000000238491,1.5793000000119264,1.5989999999999327,1.612699999988081,1.6321000000236836,1.6459999999999582,1.6633999999760363,1.6836999999879936,1.6961000000237618,1.7153999999761709,1.7338000000117972,1.7461000000237163,1.7653999999761254,1.780199999988099,1.8003999999759799,1.8134999999999764,1.8293999999759762,1.8488999999760836,1.8633999999760817,1.8828000000119118,1.8961999999880845,1.915399999975989,1.9299999999998363,1.9488000000119428,1.963600000023689,1.9833000000119227,2.000300000011748,2.0166000000238,2.030199999988099,2.048999999999978,2.0666999999880318,2.0793000000119264,2.0989999999999327,2.1158999999761363,2.1333999999760636,2.1463999999759835,2.1626999999880354,2.1791999999879863,2.199100000023691,2.213300000011941,2.2346000000238746,2.24639999997612,2.266499999999951,2.2798000000118464,2.2993000000119537,2.312699999987899,2.3301999999880536,2.3496999999879336,2.3633999999760817,2.3824999999999363,2.399600000023838,2.4134999999998854,2.432499999999891,2.4459999999999127,2.4663999999761472,2.480199999987917,2.499899999976151,2.5126999999879445,2.5321000000237746,2.5486000000237254,2.562699999987899,2.5799999999999272,2.5963000000117518,2.6174999999998363,2.6299999999998818,2.645899999976109,2.66599999999994,2.6801999999879627,2.7001999999879445,2.713399999975991,2.72930000001179,2.750899999976127,2.763500000000022,2.7841000000237273,2.799699999987979,2.812600000023849,2.8294999999998254,2.8460000000000036,2.86280000001193,2.8824999999999363,2.8968999999760854,2.9171999999880427,2.9301999999879627,2.951000000000022,2.9629999999999654,2.9826000000236945,2.9961000000237163,3.0126000000236672,3.0336999999879026,3.046199999987948,3.065600000023778,3.082100000023729,3.0958999999761545,3.116999999999962,3.133699999988039,3.1469999999999345,3.1671000000237655,3.1799999999998363,3.1959999999999127,3.21710000002372,3.230000000000018,3.245999999999867,3.2628000000117936,3.282300000011901,3.2959999999998217,3.3181000000238328,3.3293999999759762,3.3458999999761545,3.362699999988081,3.38230000001181,3.396800000011808,3.4151000000238128,3.43389999997612,3.44689999997604,3.4659999999998945,3.479399999976067,3.4966999999880954,3.5156000000238237,3.5299999999999727,3.548899999976129,3.56539999997608,3.5791000000238,3.5958999999761545,3.6161000000238346,3.630100000023731,3.6489999999998872,3.66239999997606,3.6821999999879154,3.6988999999759926,3.71269999998799,3.72930000001179,3.7466999999880954,3.7666000000238,3.782300000011901,3.7959999999998217,3.81539999997608,3.8331999999879827,3.8468000000118536,3.866300000011961,3.8821000000236836,3.895999999999958,3.9126999999880354,3.931199999987939,3.9493999999760945,3.9626000000237127,3.980000000000018,4.00080000001185,4.0133000000118955,4.029999999999973,4.0491999999881045,4.062699999987899,4.079300000011926,4.09860000002368,4.112699999988081,4.132100000023684,4.145999999999958,4.162899999976162,4.183199999988119,4.1966999999879135,4.216100000023744,4.232999999999947,4.245800000011741,4.266800000011926,4.279499999999871,4.298600000023725,4.313399999976127,4.333999999999833,4.346600000023727,4.36649999999986,4.380199999988008,4.398800000011761,4.413499999999885,4.432499999999891,4.446800000011763]",0.016630712,0.002828817,268.0,left,1.0,,,,,,2.0,0.0,12.0,0.5,-2.548526313,-1.0,0.616583303,-0.943542474,19.0,-8.92894e-14,0.366380653,0.037711395,0.069882825,0.280007013,7.0,0.276037732,-0.524455485,89.0,0.014835299,0.418022232,0.039220845,0.067729576,0.134251055,3.0,0.391443767,-0.705329272,74.0,-0.002617994,0.403888444,0.032857311,0.06846285,0.186846183,6.0,0.31584738,-0.590513324,59.0,0.006981317,0.393731017,0.031135395,0.06163787,0.205460115,5.0,2.952489629,0.369253895,36.0,0.002617994,0.379263044,0.03913601,0.077664539,0.168574417,3.0,1.036006321,-0.87699878,94.0,0.004363323,0.42523076,0.035907823,0.059015617,0.218525823,5.0,0.073843643,-0.14715099,39.0,-0.006981317,0.381053424,0.030288742,0.070264002,0.227413277,7.0,2.877720677,0.503585523,43.0,0.004363323,0.383893371,0.033132061,0.062242434,0.239996947,6.0,2.971848665,0.333004336,59.0,0.006981317,0.393731017,0.031135395,0.06163787,0.205460115,5.0,1.760246642,0.3698993,51.0,-0.000872665,0.388957543,0.039197552,0.074659583,0.215725836,5.0,1.279595279,-0.550031617,24.0,-0.000872665,0.370951047,0.044446314,0.068882508,0.271498611,5.0,1.678503684,0.213752576,16.0,0.017453293,0.363466057,0.031192723,0.069909496,0.180964939,5.0,,,,,,,0.6448,,0.0,27.0,27.0,27.0,1.0,,,,,,,,,,,,,,,,,,,,,,,,,,,,0
S070,2,2024-11-21_13h14.36.924,MotivatedInference,2024.1.5,Win32,60.24096386,668be8e87e83611e680fb3ab,{{%SESSION_ID%},Chrome,,,,,,,,,,,,,,,,,,,,,,,,,,,,,,-1.0,,,,,,,,6.0,,,,,,,,,conditions/conds_135.csv,5.0,0.0,,,,,,,,,1897.3323,1900.432,"[0.0025000000000545697,0.016300000012051896,0.032899999976280014,0.0500000000001819,0.06630000001200642,0.0835999999642354,0.10039999997616178,0.11630000001196095,0.13319999998816456,0.1505000000001928,0.16619999998806634,0.1828999999761436,0.2003999999762982,0.21649999999999636,0.23330000001192275,0.24989999997615087,0.26609999996435363,0.2830999999644064,0.30030000001193,0.31659999996441,0.3330000000000837,0.3508000000119864,0.36630000001196095,0.3830000000000382,0.3995999999642663,0.41630000001191547,0.4328999999761436,0.4503999999762982,0.4668999999762491,0.4828999999763255,0.49959999996440274,0.5168999999762036,0.5340000000001055,0.5505999999643336,0.5663000000120064,0.5835999999642354,0.5995999999643118,0.6161999999881118,0.6328999999761891,0.6503999999763437,0.6671999999882701,0.68309999996427,0.6995999999644482,0.7161999999882482,0.7338000000120246,0.7503999999762527,0.76709999996433,0.7831999999882555,0.8003999999762073,0.8166999999882592,0.8330000000000837,0.8493000000119082,0.8663999999762382,0.8830000000000382,0.8995999999642663,0.9161999999880663,0.9328999999761436,0.9503999999762982,0.9670999999643755,0.9836999999881755,1.0003999999762527,1.0161999999882028,1.0338000000119791,1.0503999999762073,1.0665000000001328,1.0833000000120592,1.100300000012112,1.1165999999643645,1.1330000000000382,1.1503999999763437,1.1668000000120173,1.1829999999999927,1.19969999998807,1.2171999999882246,1.2338000000120246,1.2503999999762527,1.2663999999763291,1.28289999997628,1.3003999999762073,1.3163000000120064,1.3330000000000837,1.3503999999761618,1.3670000000001892,1.382899999976189,1.3996999999881155,1.417099999964421,1.4333999999762455,1.44969999998807,1.4663000000120974,1.4830000000001746,1.4995999999644027,1.5170000000000528,1.53369999998813,1.5498000000120555,1.5661999999881573,1.5838000000119337,1.600500000000011,1.6161999999881118,1.6328000000119118,1.6503000000120664,1.66719999998827,1.683199999988119,1.6995999999644482,1.7161999999882482,1.7336999999881755,1.7498999999761509,1.766300000012052,1.7830000000001291,1.80030000001193,1.8163999999762837,1.8328999999762345,1.8503999999761618,1.8670000000001892,1.8836999999882664,1.9003000000120664,1.917099999964421,1.9333999999762455,1.949800000011919,1.966899999976249,1.9835999999643263,2.0000999999642772,2.016300000012052,2.03369999998813,2.0500999999642318,2.0663000000120064,2.0828999999762345,2.099599999964312,2.116300000011961,2.1336999999882664,2.1503999999763437,2.1670000000001437,2.183699999988221,2.200399999976298,2.2165999999642736,2.2333999999762,2.2495999999644027,2.2661999999882028,2.2830999999644064,2.2996999999882064,2.3170999999642845,2.333300000012059,2.3495000000000346,2.367000000000189,2.3836999999882664,2.4003999999763437,2.4163000000119155,2.4328999999761436,2.450300000012021,2.4673000000120737,2.483500000000049,2.499899999976151,2.5161999999882028,2.533800000011979,2.5498000000120555,2.566899999976158,2.5836999999880845,2.600500000000011,2.6178999999763164,2.632899999976189,2.650500000000193,2.667099999964421,2.683599999964372,2.69969999998807,2.7163000000120974,2.7338000000120246,2.7503999999762527,2.766599999964228,2.782800000012003,2.79950000000008,2.8163000000120064,2.8338000000119337,2.850399999976162,2.8666999999882137,2.883000000000038,2.899499999999989,2.9161999999880663,2.933699999988221,2.950300000012021,2.9663999999761472,2.9836999999881755,3,3.01709999996433,3.032800000012003,3.05030000001193,3.066699999988259,3.0828999999762345,3.0995000000000346]",0.016650538,0.000543015,187.0,left,1.0,,,,,,1.0,0.0,8.0,0.5,3.614644932,1.0,0.090999498,-0.180995914,59.0,0.006981317,0.393731017,0.031135395,0.06163787,0.205460115,5.0,2.536190492,0.935899641,95.0,-0.003490659,0.427246221,0.028411926,0.064304978,0.203029515,6.0,1.31692244,-0.486210392,86.0,-0.01134464,0.414570186,0.03611148,0.064685839,0.099529567,3.0,3.009479162,0.261163157,91.0,0.001745329,0.420659204,0.046109782,0.086244352,0.261967492,5.0,2.205040662,0.954651987,85.0,0.003490659,0.413672168,0.024690997,0.064801949,0.114487367,4.0,1.779304992,0.405035201,100.0,-0.001745329,0.484835711,0.035177462,0.059949939,0.178411257,4.0,2.014493849,0.775429522,80.0,0.000872665,0.408817555,0.034279956,0.069360427,0.160822937,4.0,2.515499521,0.949671729,56.0,0.002617994,0.391878159,0.037400891,0.06461151,0.256914973,6.0,0.0,0.0,0.0,0.0,0.0,0.0,0.0,0.0,0.0,0.0,0.0,0.0,0.0,0.0,0.0,0.0,0.0,0.0,0.0,0.0,0.0,0.0,0.0,0.0,0.0,0.0,0.0,0.0,0.0,0.0,0.0,0.0,0.0,0.0,0.0,0.0,,,,,,,0.8657,,0.0,28.0,28.0,28.0,1.0,,,,,,,,,,,,,,,,,,,,,,,,,,,,0
S070,2,2024-11-21_13h14.36.924,MotivatedInference,2024.1.5,Win32,60.24096386,668be8e87e83611e680fb3ab,{{%SESSION_ID%},Chrome,,,,,,,,,,,,,,,,,,,,,,,,,,,,,,-1.0,,,,,,,,5.0,,,,,,,,,conditions/conds_135.csv,5.0,0.0,,,,,,,,,1902.3164,1905.4487,"[0.003200000047627327,0.015400000035697303,0.032100000023774555,0.04880000001185181,0.06570000004762733,0.08280000001172994,0.0989999999999327,0.11540000003560635,0.1321000000236836,0.14960000002383822,0.16599999999993997,0.18210000002363813,0.1994999999999436,0.21560000002364177,0.23290000003567002,0.24890000003574642,0.2662000000475473,0.2828000000117754,0.2996000000237018,0.3159000000357537,0.33310000002370543,0.34910000002378183,0.36540000003560635,0.38220000004753274,0.3994999999999891,0.41590000003566274,0.4329000000357155,0.4491000000236909,0.46550000000002,0.48210000002382003,0.49949999999989814,0.5164000000356737,0.5329999999999018,0.5488000000118518,0.5654000000356518,0.5828000000117299,0.5994000000357573,0.6154000000356064,0.6321000000236836,0.6494000000357119,0.6658000000118136,0.6822000000474873,0.6997000000476419,0.7158000000117681,0.7328000000118209,0.7491000000236454,0.7654000000356973,0.7821000000237746,0.7994999999998527,0.8161000000236527,0.83199999999988,0.8496000000236563,0.8662000000476837,0.8826000000237855,0.89890000003561,0.9154999999998381,0.9321000000236381,0.9487000000476655,0.9653000000118936,0.98290000003567,0.9991000000236454,1.0154000000356973,1.0319999999999254,1.049700000047551,1.066300000011779,1.08199999999988,1.0994999999998072,1.1163000000117336,1.1329999999998108,1.1488000000117609,1.1663000000119155,1.1827000000475891,1.1991000000236909,1.21550000000002,1.2329999999999472,1.2492000000474945,1.2654000000356973,1.2819999999999254,1.2994999999998527,1.3156000000237782,1.332100000023729,1.3496000000236563,1.3663000000117336,1.382900000035761,1.3999999999998636,1.415499999999838,1.4331000000238419,1.4489999999998417,1.4661000000237436,1.4824999999998454,1.49870000004762,1.5154000000356973,1.5329999999999018,1.5492000000476764,1.5654000000356518,1.582100000023729,1.5997000000475055,1.6154999999998836,1.6327000000476346,1.6488000000117609,1.6662000000476382,1.6824999999998909,1.6991000000236909,1.7158000000117681,1.7326000000236945,1.7494999999998981,1.7663000000118245,1.7824999999998,1.7994000000355754,1.8161000000236527,1.832600000023831,1.8494999999998072,1.8661000000238346,1.8828000000119118,1.8997000000476874,1.9162000000476382,1.9328000000118664,1.9494999999999436,1.9658000000117681,1.981999999999971,1.999400000035621,2.015700000047673,2.0319999999999254,2.048800000011852,2.066200000047502,2.082600000023831,2.0989000000356555,2.1154000000356064,2.132800000011912,2.149499999999989,2.165400000035561,2.1829000000357155,2.1996000000237927,2.215800000011768,2.23210000002382,2.248600000023771,2.2662000000475473,2.28240000003575,2.2987000000475746,2.321100000023762,2.332900000035579,2.349200000047631,2.3654000000356064,2.382800000011912,2.3997000000476874,2.4162000000476382,2.432100000023638,2.4488000000117154,2.4661000000237436,2.48290000003567,2.4996000000237473,2.5154000000356973,2.5324999999998,2.5487000000475746,2.5652000000475255,2.5829999999998563,2.599300000011908,2.615700000047582,2.6322000000475327,2.6491000000237364,2.665400000035561,2.6829000000357155,2.6994999999999436,2.71550000000002,2.732800000011821,2.749499999999898,2.766100000023698,2.7832000000476,2.7994999999998527,2.8157000000476273,2.832900000035579,2.849200000047631,2.8654000000356064,2.882800000011912,2.8989999999998872,2.915300000011939,2.9323000000117645,2.94920000004754,2.96550000000002,2.981999999999971,2.999400000035621,3.016100000023698,3.03240000003575,3.0494000000355754,3.066200000047502,3.08270000004768,3.099200000047631,3.1162000000476837,3.1321000000236836]",0.016643085,0.000802327,189.0,right,1.0,,,,,,1.0,0.0,8.0,0.5,2.665676628,-1.0,2.310091802,0.995752095,89.0,0.014835299,0.418022232,0.039220845,0.067729576,0.134251055,3.0,2.907173362,0.451850498,62.0,-0.006981317,0.395568746,0.03641844,0.082091507,0.288170754,7.0,2.377997093,0.999049444,43.0,0.004363323,0.383893371,0.033132061,0.062242434,0.239996947,6.0,1.964433394,0.708432048,32.0,0.007853982,0.376580194,0.027808234,0.064839678,0.152904525,6.0,3.082578204,0.117755051,100.0,-0.001745329,0.484835711,0.035177462,0.059949939,0.178411257,4.0,1.112922587,-0.793018171,76.0,-0.010471976,0.405435715,0.045146986,0.073305428,0.359082681,7.0,0.184781698,-0.361208339,23.0,0.001745329,0.370048297,0.033576258,0.089212406,0.165879093,5.0,2.852166244,0.547064002,6.0,-0.001745329,0.3497664,0.039524515,0.103278094,0.256513403,7.0,0.0,0.0,0.0,0.0,0.0,0.0,0.0,0.0,0.0,0.0,0.0,0.0,0.0,0.0,0.0,0.0,0.0,0.0,0.0,0.0,0.0,0.0,0.0,0.0,0.0,0.0,0.0,0.0,0.0,0.0,0.0,0.0,0.0,0.0,0.0,0.0,,,,,,,1.1511,,0.0,29.0,29.0,29.0,1.0,,,,,,,,,,,,,,,,,,,,,,,,,,,,0
S070,2,2024-11-21_13h14.36.924,MotivatedInference,2024.1.5,Win32,60.24096386,668be8e87e83611e680fb3ab,{{%SESSION_ID%},Chrome,,,,,,,,,,,,,,,,,,,,,,,,,,,,,,1.0,,,,,,,,5.0,,,,,,,,,conditions/conds_135.csv,5.0,0.0,,,,,,,,,1908.8819,1911.999,"[0.0026000000239037035,0.016400000035673656,0.03290000003585192,0.04980000001182816,0.06640000003562818,0.0839000000357828,0.10080000001198641,0.11650000000008731,0.13320000004773647,0.14980000001196458,0.16650000000004184,0.18310000002384186,0.19990000003576824,0.21649999999999636,0.23320000004764552,0.24980000001187364,0.2664999999999509,0.28320000004760004,0.29980000001182816,0.3174000000358319,0.33290000003580644,0.34980000001201006,0.3665000000000873,0.38310000002388733,0.3998000000119646,0.41630000001191547,0.43310000002384186,0.44990000003576824,0.4666000000238455,0.4835000000000491,0.49980000001187364,0.5164999999999509,0.5339000000358283,0.5498000000118282,0.5664999999999054,0.5831000000239328,0.5997000000477328,0.6165000000000873,0.6338000000118882,0.6497000000476874,0.6669000000356391,0.6831000000238419,0.7006000000237691,0.7166000000238455,0.7331000000237964,0.7498000000118736,0.7673000000118009,0.7839000000358283,0.7998000000118282,0.8164999999999054,0.8332000000475546,0.8498000000120101,0.8665000000000873,0.8832000000477365,0.9006000000238146,0.9164000000357646,0.9331000000238419,0.9508000000118955,0.9682000000477728,0.9846000000238746,0.9998000000118736,1.0164000000356737,1.0336000000238528,1.0498000000118282,1.0664999999999054,1.0832000000475546,1.100500000000011,1.1169999999999618,1.133700000047611,1.150300000011839,1.1665000000000418,1.1831000000238419,1.199800000011919,1.2164000000357191,1.2332000000476455,1.2498000000118736,1.2676000000237764,1.2835000000000036,1.2998000000118282,1.3164000000356282,1.3330000000000837,1.3495000000000346,1.3665000000000873,1.3832000000477365,1.3998000000119646,1.4164000000357646,1.433200000047691,1.449800000011919,1.4664000000357191,1.4831000000237964,1.5004000000358246,1.5170000000000528,1.533100000023751,1.5498000000118282,1.56770000004758,1.5830000000000837,1.59980000001201,1.6168000000118354,1.6328000000119118,1.6501000000237127,1.666100000023789,1.683200000047691,1.6997000000476419,1.7164000000357191,1.7331000000237964,1.7502000000476983,1.7664999999999509,1.7836000000238528,1.7998000000118282,1.8171000000238564,1.8337000000476564,1.8497000000477328,1.8665000000000873,1.8831000000238873,1.8998000000119646,1.916900000035639,1.933200000047691,1.9501000000238946,1.9662000000475928,1.9831000000237964,1.9998000000118736,2.0170000000000528,2.033100000023751,2.049800000011828,2.067400000035832,2.0830000000000837,2.099700000047733,2.116300000011961,2.132900000035761,2.1497000000476874,2.1664000000357646,2.1836000000237163,2.199800000011919,2.2167000000476946,2.2339999999999236,2.2504999999998745,2.2669000000357755,2.283700000047702,2.2999999999999545,2.316400000035628,2.333900000035783,2.350100000023758,2.3665000000000873,2.383000000000038,2.3998000000119646,2.416500000000042,2.433100000023842,2.449700000047642,2.466400000035719,2.4831000000237964,2.4998000000118736,2.5168000000119264,2.533100000023751,2.549700000047551,2.566200000047729,2.5837000000476564,2.599700000047733,2.6165000000000873,2.6332000000477365,2.6497000000476874,2.6664000000357646,2.6829999999999927,2.699800000011919,2.7164999999999964,2.7331000000237964,2.7498000000118736,2.767200000047751,2.783800000011979,2.799800000011828,2.816400000035628,2.833900000035783,2.849700000047733,2.86640000003581,2.883700000047611,2.8998000000119646,2.9164000000357646,2.933100000023842,2.9499000000357682,2.966400000035719,2.983400000035772,3.0004999999998745,3.016499999999951,3.0334000000357264,3.049800000011828,3.066400000035628,3.0830000000000837,3.099900000035632,3.1169000000356846]",0.016654011,0.000490468,188.0,right,1.0,,,,,,1.0,0.0,8.0,0.5,2.665676628,-1.0,2.310091802,0.995752095,89.0,0.014835299,0.418022232,0.039220845,0.067729576,0.134251055,3.0,2.907173362,0.451850498,62.0,-0.006981317,0.395568746,0.03641844,0.082091507,0.288170754,7.0,2.377997093,0.999049444,43.0,0.004363323,0.383893371,0.033132061,0.062242434,0.239996947,6.0,1.964433394,0.708432048,32.0,0.007853982,0.376580194,0.027808234,0.064839678,0.152904525,6.0,3.082578204,0.117755051,100.0,-0.001745329,0.484835711,0.035177462,0.059949939,0.178411257,4.0,1.112922587,-0.793018171,76.0,-0.010471976,0.405435715,0.045146986,0.073305428,0.359082681,7.0,0.184781698,-0.361208339,23.0,0.001745329,0.370048297,0.033576258,0.089212406,0.165879093,5.0,2.852166244,0.547064002,6.0,-0.001745329,0.3497664,0.039524515,0.103278094,0.256513403,7.0,0.0,0.0,0.0,0.0,0.0,0.0,0.0,0.0,0.0,0.0,0.0,0.0,0.0,0.0,0.0,0.0,0.0,0.0,0.0,0.0,0.0,0.0,0.0,0.0,0.0,0.0,0.0,0.0,0.0,0.0,0.0,0.0,0.0,0.0,0.0,0.0,,,,,,,0.997,,0.0,30.0,30.0,30.0,1.0,,,,,,,,,,,,,,,,,,,,,,,,,,,,0
S070,2,2024-11-21_13h14.36.924,MotivatedInference,2024.1.5,Win32,60.24096386,668be8e87e83611e680fb3ab,{{%SESSION_ID%},Chrome,,,,,,,,,,,,,,,,,,,,,,,,,,,,,,1.0,,,,,,,,1.0,,,,,,,,,conditions/conds_135.csv,5.0,0.0,,,,,,,,,1913.9987,1915.6993,"[0.0019999999999527063,0.016199999988202762,0.03360000002385277,0.05040000003577916,0.06710000002385641,0.08290000003580644,0.10060000002386005,0.1169999999999618,0.13369999998803905,0.14980000001196458,0.16710000002399283,0.18340000003581736,0.19960000002379275,0.21640000003571913,0.23280000001204826,0.24969999998825188,0.2671000000239019,0.28300000000012915,0.29960000002392917,0.3171000000238564,0.33369999998808453,0.3496000000238837,0.36630000001196095,0.38290000003576097,0.40030000001206645,0.4164000000357646,0.4333000000119682,0.44940000003589375,0.46710000002394736,0.4831999999880736,0.49960000002397464,0.5163000000120519,0.5329000000358519,0.5504000000357792,0.57180000001199,0.5836999999880845,0.5996999999881609,0.6164000000358101,0.6330000000000382,0.6504000000359156,0.6665000000000418,0.6834000000358174,0.7000000000000455,0.716100000023971,0.7329000000358974,0.7504000000358246,0.7666999999880773,0.7829000000358519,0.7996000000239292,0.8163000000120064,0.8329000000358064,0.8496000000238837,0.8661999999881118,0.8830000000000382,0.8996000000238382,0.9161999999880663,0.9336000000239437,0.94969999998807,0.9666000000238455,0.9829000000358974,0.9995000000001255,1.016300000012052,1.032900000035852,1.0496000000239292,1.0661999999881573,1.0836000000238073,1.099699999988161,1.11640000003581,1.1330000000000382,1.149499999999989,1.1661999999880663,1.1835000000000946,1.20040000003587,1.2170000000000982,1.2338000000120246,1.2498000000118736,1.266300000012052,1.2835000000000036,1.2996999999882064,1.3161999999881573,1.3329000000358064,1.3503000000118845,1.366300000011961,1.382900000035761,1.3996000000238382,1.4164000000357646,1.433699999988221,1.449500000000171,1.4671999999882246,1.4836999999881755,1.5001999999881264,1.516400000035901,1.5330000000001291,1.5496000000239292,1.5663000000120064,1.5836999999880845,1.5999000000358592,1.6161999999881118,1.632900000035761,1.6504999999999654,1.6664000000357646,1.6829000000357155,1.700300000012021]",0.01665,0.000847921,103.0,right,1.0,,,,,,1.0,0.0,4.0,0.5,2.709572856,-1.0,2.480103867,0.969449765,79.0,-0.004363323,0.40793127,0.02386995,0.059748747,0.165450333,7.0,2.518499084,0.947775444,23.0,0.001745329,0.370048297,0.033576258,0.089212406,0.165879093,5.0,2.062801531,0.832724573,45.0,0.006108652,0.385245638,0.032702855,0.065559913,0.166419284,5.0,0.020193953,-0.040376926,35.0,0.01134464,0.378665605,0.034694997,0.068673497,0.233172687,6.0,0.0,0.0,0.0,0.0,0.0,0.0,0.0,0.0,0.0,0.0,0.0,0.0,0.0,0.0,0.0,0.0,0.0,0.0,0.0,0.0,0.0,0.0,0.0,0.0,0.0,0.0,0.0,0.0,0.0,0.0,0.0,0.0,0.0,0.0,0.0,0.0,0.0,0.0,0.0,0.0,0.0,0.0,0.0,0.0,0.0,0.0,0.0,0.0,0.0,0.0,0.0,0.0,0.0,0.0,0.0,0.0,0.0,0.0,0.0,0.0,0.0,0.0,0.0,0.0,0.0,0.0,0.0,0.0,0.0,0.0,0.0,0.0,,,,,,,0.9171,,0.0,31.0,31.0,31.0,1.0,,,,,,,,,,,,,,,,,,,,,,,,,,,,0
S070,2,2024-11-21_13h14.36.924,MotivatedInference,2024.1.5,Win32,60.24096386,668be8e87e83611e680fb3ab,{{%SESSION_ID%},Chrome,,,,,,,,,,,,,,,,,,,,,,,,,,,,,,1.0,,,,,,,,7.0,,,,,,,,,conditions/conds_135.csv,5.0,0.0,,,,,,,,,1917.5996,1920.7156,"[0.0027999999522307917,0.015499999999974534,0.03199999999992542,0.0493999999762309,0.06529999995223079,0.08199999999987995,0.09859999996433544,0.11529999995241269,0.13200000000006185,0.1486999999881391,0.16529999995236722,0.1820999999642936,0.1985999999642445,0.21539999997617088,0.23269999998797175,0.24879999995232538,0.26529999995227627,0.2818999999760763,0.2993999999762309,0.3160000000000309,0.3318999999762582,0.34879999995223443,0.36519999998813546,0.3818999999762127,0.3986999999881391,0.4157999999522417,0.43200000000001637,0.4483999999761181,0.46529999995232174,0.48189999997612176,0.4984999999999218,0.5152999999522763,0.5327999999522035,0.5497999999522563,0.5661999999881573,0.58199999999988,0.5985999999643354,0.6155999999641608,0.6318999999762127,0.6485000000000127,0.6652999999523672,0.6818999999761672,0.6985999999642445,0.7152999999523217,0.7318999999761218,0.748599999964199,0.7652999999522763,0.7819999999999254,0.7993999999762309,0.8154999999999291,0.83199999999988,0.8485000000000582,0.8652999999524127,0.8818999999762127,0.8989999999998872,0.9155999999641153,0.9317999999523181,0.9485999999642445,0.9651999999880445,0.9819999999999709,0.998599999964199,1.0152999999522763,1.0318999999760763,1.0485999999641535,1.0661999999881573,1.0818999999762582,1.0986999999879572,1.1155999999641608,1.1317999999523636,1.14859999996429,1.1652999999523672,1.1818999999761672,1.1985999999642445,1.2152999999523217,1.2338999999760745,1.2492999999521999,1.2654999999999745,1.2818999999760763,1.2983999999762545,1.3160999999643082,1.3323999999761327,1.3485000000000582,1.3651999999881355,1.3818999999762127,1.39859999996429,1.4152999999523672,1.4318999999761672,1.4492999999522453,1.4655999999642972,1.4818999999761218,1.4984999999999218,1.5158999999762273,1.5318999999760763,1.5485999999641535,1.565199999988181,1.581799999952409,1.5985999999643354,1.61569999998801,1.63279999995234,1.648899999976038,1.6649999999999636,1.681799999952318,1.6985999999642445,1.7151999999880445,1.7318999999761218,1.748599999964199,1.7652999999522763,1.7825999999643045,1.7985999999641535,1.8161999999881573,1.8318999999762582,1.8485000000000582,1.8652999999524127,1.8817999999523636,1.89859999996429,1.91519999998809,1.9318999999761672,1.9485999999642445,1.9660999999641717,1.9822999999523745,1.998599999964199,2.0152999999522763,2.0318999999760763,2.0486999999880027,2.065899999976182,2.0823999999761327,2.098500000000058,2.1151999999881355,2.1318999999762127,2.14859999996429,2.165099999964241,2.1815999999641917,2.198399999976118,2.216299999952298,2.232799999952249,2.248499999999922,2.265199999987999,2.2832999999523054,2.2985000000001037,2.31539999997608,2.332699999988108,2.3489999999999327,2.3650999999642863,2.381599999964237,2.39859999996429,2.415299999952367,2.431799999952318,2.4485999999642445,2.4651999999880445,2.481999999999971,2.498499999999922,2.5152999999522763,2.5318999999760763,2.5483999999762545,2.565899999976182,2.581899999976258,2.598500000000058,2.6152999999524127,2.6325999999642136,2.6497999999523927,2.666099999964217,2.6829999999999927,2.6984999999999673,2.714999999999918,2.7316999999879954,2.748499999999922,2.7654999999999745,2.7816999999881773,2.7985999999641535,2.816000000000031,2.83199999999988,2.848500000000058,2.8650999999642863,2.8817999999523636,2.8991999999880136,2.9153999999762163,2.9318999999761672,2.9492999999522453,2.9660999999641717,2.981999999999971,2.9987999999523254,3.0170000000000528,3.0326999999881536,3.0483999999762545,3.065099999964332,3.082499999999982,3.0985999999643354,3.1158999999761363]",0.016647594,0.000565527,188.0,left,1.0,,,,,,2.0,0.0,8.0,0.5,-0.030068004,-1.0,1.334199913,-0.455730595,78.0,0.004363323,0.407032945,0.030231373,0.057417546,0.211999481,6.0,0.903748575,-0.97211691,100.0,-0.001745329,0.484835711,0.035177462,0.059949939,0.178411257,4.0,1.98590442,0.738077253,51.0,-0.000872665,0.388957543,0.039197552,0.074659583,0.215725836,5.0,1.98282493,0.733907716,37.0,-0.010471976,0.379878099,0.039758221,0.071440932,0.269646059,5.0,1.839529636,0.511961441,78.0,0.004363323,0.407032945,0.030231373,0.057417546,0.211999481,6.0,1.290087792,-0.532386284,24.0,-0.000872665,0.370951047,0.044446314,0.068882508,0.271498611,5.0,0.621680834,-0.946870511,20.0,0.004363323,0.367239871,0.029881231,0.073743484,0.121468441,4.0,2.589509005,0.893089885,3.0,0.001745329,0.342027877,0.030569748,0.094119191,0.219456558,8.0,0.0,0.0,0.0,0.0,0.0,0.0,0.0,0.0,0.0,0.0,0.0,0.0,0.0,0.0,0.0,0.0,0.0,0.0,0.0,0.0,0.0,0.0,0.0,0.0,0.0,0.0,0.0,0.0,0.0,0.0,0.0,0.0,0.0,0.0,0.0,0.0,,,,,,,0.6177,,0.0,32.0,32.0,32.0,1.0,,,,,,,,,,,,,,,,,,,,,,,,,,,,0
S070,2,2024-11-21_13h14.36.924,MotivatedInference,2024.1.5,Win32,60.24096386,668be8e87e83611e680fb3ab,{{%SESSION_ID%},Chrome,,,,,,,,,,,,,,,,,,,,,,,,,,,,,,1.0,,,,,,,,11.0,,,,,,,,,conditions/conds_135.csv,5.0,0.0,,,,,,,,,1922.3347,1926.8146,"[0.004800000011982775,0.01319999998804633,0.03010000002382185,0.046500000000150976,0.06430000001205372,0.08030000001190274,0.09769999998820822,0.11340000003588102,0.13010000002395827,0.1466999999881864,0.16350000000011278,0.18019999998819003,0.19680000001199005,0.21360000002391644,0.2300000000000182,0.2471999999881973,0.2634000000357446,0.28040000003579735,0.2974000000358501,0.313900000035801,0.33010000002400375,0.34669999998823187,0.3633000000120319,0.38060000002383276,0.3966999999881864,0.41340000003583555,0.4298000000119373,0.44650000000001455,0.46340000003579007,0.4800000000000182,0.49669999998809544,0.5134000000357446,0.5301000000238218,0.5478000000118755,0.5655000000001564,0.5800000000001546,0.5966000000239546,0.6141999999881591,0.6306000000238328,0.6476999999881627,0.6636000000239619,0.6799000000357864,0.69680000001199,0.7134000000357901,0.730699999988019,0.7473000000120464,0.7635000000000218,0.7801999999880991,0.79669999998805,0.813100000023951,0.8301999999880536,0.8475000000000819,0.8635000000001583,0.8801000000239583,0.8976999999881627,0.9134000000358355,0.9301000000239128,0.9478000000119664,0.9634000000357901,0.9800000000000182,0.9971000000239201,1.0134000000357446,1.0301000000238218,1.04669999998805,1.0643000000120537,1.0800000000001546,1.09699999999998,1.1141000000238819,1.1301000000239583,1.1474000000357591,1.1634000000358355,1.1801000000239128,1.196699999988141,1.21340000003579,1.2311000000238437,1.2474000000358956,1.2633000000118955,1.2799000000359229,1.29740000003585,1.3134000000359265,1.331000000000131,1.3471999999881064,1.3633000000120319,1.3798000000119828,1.3968000000120355,1.4135000000001128,1.4300000000000637,1.4470000000001164,1.46340000003579,1.4808000000118682,1.4968000000119446,1.5134000000357446,1.5301000000238218,1.54669999998805,1.5641999999882046,1.581000000000131,1.596800000012081,1.6136999999880572,1.6301000000239583,1.6466999999881864,1.6633000000119864,1.6801000000239128,1.696699999988141,1.71340000003579,1.7300000000000182,1.7466000000238182,1.7635000000000218,1.780199999988099,1.7975000000001273,1.8134000000359265,1.8309000000358537,1.8466999999882319,1.863400000035881,1.8800000000001091,1.8976000000238855,1.913600000023962,1.9306000000237873,1.94680000001199,1.9631000000238146,1.979900000035741,1.9968000000119446,2.0133000000118955,2.0299999999999727,2.04669999998805,2.063800000011952,2.0801000000240037,2.096699999988232,2.1135000000001583,2.130000000000109,2.1466999999881864,2.1639999999999873,2.1800000000000637,2.19680000001199,2.21340000003579,2.230000000000018,2.246600000023818,2.2641999999880227,2.2811999999880754,2.296800000011899,2.3134000000359265,2.3300000000001546,2.346699999988232,2.363300000012032,2.3804000000357064,2.3966999999881864,2.4135000000001128,2.4306999999880645,2.4471000000239655,2.46340000003579,2.4801000000238673,2.496600000023818,2.514100000023973,2.53080000001205,2.546800000011899,2.5633000000120774,2.5808000000120046,2.596699999988232,2.6136999999880572,2.6301999999882355,2.6468000000120355,2.6633000000119864,2.6799000000357864,2.696699999988141,2.71340000003579,2.730000000000018,2.7466999999880954,2.7633000000118955,2.779900000035923,2.7969000000357482,2.8141000000239274,2.8309000000358537,2.8466000000239546,2.8631999999881828,2.88069999998811,2.8966999999881864,2.9134000000358355,2.9300000000000637,2.9466000000238637,2.963300000011941,2.9801999999881446,2.99710000002392,3.013600000023871,3.029900000035923,3.04669999998805,3.0641000000239274,3.0808000000120046,3.096800000012081,3.1135000000001583,3.130000000000109,3.1468000000120355,3.1634000000358355,3.18019999998819,3.1966000000238637,3.213300000011941,3.2301000000238673,3.2466999999880954,3.2634000000357446,3.2804000000357973,3.29740000003585,3.3134000000359265,3.3300000000001546,3.347100000023829,3.3636999999880572,3.379900000035832,3.3966999999881864,3.4134000000358355,3.4300000000000637,3.446699999988141,3.463300000011941,3.4801000000238673,3.496499999999969,3.5133000000118955,3.5299999999999727,3.5475000000001273,3.5634000000359265,3.5800000000001546,3.5966000000239546,3.6135000000001583,3.630000000000109,3.64650000000006,3.6633000000119864,3.68100000000004,3.696699999988141,3.7136999999881937,3.730000000000018,3.746600000023818,3.7631999999880463,3.779900000035923,3.79669999998805,3.814000000000078,3.8299000000358774,3.846699999988232,3.863300000012032,3.880000000000109,3.8975000000000364,3.9134000000358355,3.9300000000000637,3.946699999988141,3.963300000011941,3.980000000000018,3.9966999999880954,4.013400000035745,4.029999999999973,4.04740000003585,4.063800000011952,4.080000000000155,4.097500000000082,4.113800000011906,4.130000000000109,4.146400000035783,4.163300000011986,4.180100000023913,4.19680000001199,4.213300000011941,4.229900000035741,4.246600000023818,4.2633000000118955,4.279999999999973,4.29669999998805,4.313900000035801,4.330000000000155,4.346699999988232,4.363300000012032,4.380100000023958,4.396699999988186,4.413999999999987,4.430400000035888,4.446600000023864,4.463300000011941,4.479800000011892]",0.016635688,0.00068107,270.0,right,1.0,,,,,,2.0,0.0,12.0,0.5,-3.887775057,1.0,0.75501736,-0.998154581,15.0,-0.006108652,0.362511679,0.045131456,0.089284594,0.250473103,5.0,0.178542021,-0.349543704,4.0,0.001745329,0.345391377,0.044661649,0.086491224,0.292502374,6.0,0.055099326,-0.10997575,2.0,0.008726646,0.338473989,0.032964075,0.086271212,0.185208292,4.0,3.117342868,0.048480559,43.0,0.004363323,0.383893371,0.033132061,0.062242434,0.239996947,6.0,2.55473615,0.922192884,86.0,-0.01134464,0.414570186,0.03611148,0.064685839,0.099529567,3.0,1.891696545,0.598638595,51.0,-0.000872665,0.388957543,0.039197552,0.074659583,0.215725836,5.0,1.297005794,-0.520623501,76.0,-0.010471976,0.405435715,0.045146986,0.073305428,0.359082681,7.0,0.897214398,-0.9750983,82.0,0.004363323,0.410673221,0.022643594,0.062174001,0.106425045,4.0,0.730313893,-0.993937582,65.0,0.000872665,0.397557211,0.028332609,0.059251996,0.151978572,5.0,0.069391021,-0.13833697,8.0,-0.008726646,0.353798062,0.040824325,0.088208322,0.256820315,6.0,0.876867415,-0.983313367,100.0,-0.001745329,0.484835711,0.035177462,0.059949939,0.178411257,4.0,0.199286363,-0.38810334,21.0,-0.010471976,0.368150016,0.035450396,0.075174448,0.223969416,6.0,,,,,,,0.5024,,0.0,33.0,33.0,33.0,1.0,,,,,,,,,,,,,,,,,,,,,,,,,,,,0
S070,2,2024-11-21_13h14.36.924,MotivatedInference,2024.1.5,Win32,60.24096386,668be8e87e83611e680fb3ab,{{%SESSION_ID%},Chrome,,,,,,,,,,,,,,,,,,,,,,,,,,,,,,1.0,,,,,,,,8.0,,,,,,,,,conditions/conds_135.csv,5.0,0.0,,,,,,,,,1928.315,1931.4148,"[0.003399999976181789,0.016399999976101753,0.03310000002375091,0.04980000001182816,0.06710000002385641,0.08300000000008367,0.0993000000119082,0.11630000001196095,0.13310000002388733,0.1503999999761163,0.1671999999880427,0.18299999999999272,0.1998000000119191,0.21669999998812273,0.23299999999994725,0.2496999999880245,0.2663000000118245,0.2829999999999018,0.29980000001182816,0.3163000000120064,0.33380000001193366,0.3506999999881373,0.36630000001196095,0.3830000000000382,0.3998999999762418,0.4163999999761927,0.4338000000118427,0.4500000000000455,0.46630000001187,0.48299999999994725,0.4996999999880245,0.5163000000118245,0.5329999999999018,0.5503999999762073,0.5670000000000073,0.5830000000000837,0.5996999999881609,0.6163999999762382,0.6331000000238873,0.6496999999881155,0.6663000000119155,0.6829999999999927,0.69969999998807,0.7163999999761472,0.7329999999999472,0.7501000000238491,0.7663000000118245,0.7829999999999018,0.799699999987979,0.8163999999760563,0.8338999999762109,0.8503000000118845,0.866300000011961,0.8830000000000382,0.8996999999881155,0.9161999999880663,0.9329999999999927,0.9496000000237927,0.9669999999998709,0.9831000000237964,0.9996000000237473,1.0163999999761018,1.0329999999999018,1.049699999987979,1.0671000000238564,1.0834999999999582,1.09980000001201,1.1163999999762382,1.1333000000117863,1.1496999999881155,1.1663000000119155,1.1831000000238419,1.1996000000237927,1.2163999999761472,1.2329999999999472,1.2496000000237473,1.2663999999761018,1.2829999999999018,1.299699999987979,1.3163999999760563,1.3330000000000837,1.3496000000238837,1.3665000000000873,1.3830000000000382,1.3996999999881155,1.4163000000119155,1.4329999999999927,1.4496000000237927,1.46630000001187,1.4828999999760981,1.4994999999998981,1.5161999999879754,1.5329999999999018,1.5496000000239292,1.5663000000120064,1.5828999999762345,1.5996000000238837,1.616300000011961,1.6330000000000382,1.649499999999989,1.6663000000119155,1.6829999999999927,1.6996000000237927,1.716899999976249,1.7331000000237964,1.7496000000237473,1.7663000000118245,1.7829999999999018,1.7998000000118282,1.816000000000031,1.8330000000000837,1.8496000000238837,1.8663999999762382,1.8830000000000382,1.8996000000238382,1.9163000000119155,1.9329999999999927,1.94969999998807,1.9669999999998709,1.9828000000118209,1.9996000000237473,2.0161999999879754,2.033899999976029,2.049800000011828,2.0663000000120064,2.0836999999880845,2.099699999988161,2.116199999988112,2.133000000000038,2.150300000011839,2.166899999976067,2.1829999999999927,2.19969999998807,2.216199999988021,2.2331000000237964,2.2496999999880245,2.2663000000118245,2.2828999999760526,2.299600000023929,2.3163000000120064,2.3338000000119337,2.3496000000238837,2.3665000000000873,2.3834999999999127,2.3996999999881155,2.4163000000119155,2.4333999999762455,2.44969999998807,2.46630000001187,2.482899999976098,2.4996999999880245,2.5161999999879754,2.5336000000238528,2.549600000023929,2.5663999999760563,2.5830000000000837,2.5996000000238837,2.616300000011961,2.633000000000038,2.650000000000091,2.666699999988168,2.6833000000119682,2.69969999998807,2.716199999988021,2.732899999976098,2.7496999999880245,2.7663000000118245,2.7829999999999018,2.799600000023929,2.8161999999881573,2.8330000000000837,2.8496000000238837,2.866300000011961,2.883000000000038,2.899600000023838,2.9163000000119155,2.9329999999999927,2.9496000000237927,2.96630000001187,2.982899999976098,2.999499999999898,3.0163000000118245,3.033999999999878,3.0499999999999545,3.0666000000237545,3.0828999999762345,3.0996000000238837]",0.016646237,0.000431317,187.0,left,1.0,,,,,,2.0,0.0,8.0,0.5,-1.329421778,-1.0,1.852197859,0.533559019,74.0,-0.002617994,0.403888444,0.032857311,0.06846285,0.186846183,6.0,2.489201077,0.964826646,18.0,-0.008726646,0.365457086,0.031782524,0.075683607,0.153768306,4.0,0.570013397,-0.908644685,51.0,-0.000872665,0.388957543,0.039197552,0.074659583,0.215725836,5.0,0.485753123,-0.825736257,79.0,-0.004363323,0.40793127,0.02386995,0.059748747,0.165450333,7.0,0.110609067,-0.219418235,11.0,-0.013089969,0.357861323,0.044486954,0.075207378,0.243622836,5.0,0.334289124,-0.61987096,93.0,0.012217305,0.423353751,0.033559225,0.078739299,0.188587653,4.0,1.19727274,-0.679475241,31.0,0.004363323,0.375872077,0.0344646,0.07529372,0.228193104,6.0,2.92192503,0.425337935,28.0,0.006108652,0.373747518,0.036497013,0.082304542,0.218348002,5.0,0.0,0.0,0.0,0.0,0.0,0.0,0.0,0.0,0.0,0.0,0.0,0.0,0.0,0.0,0.0,0.0,0.0,0.0,0.0,0.0,0.0,0.0,0.0,0.0,0.0,0.0,0.0,0.0,0.0,0.0,0.0,0.0,0.0,0.0,0.0,0.0,,,,,,,0.504,,0.0,34.0,34.0,34.0,1.0,,,,,,,,,,,,,,,,,,,,,,,,,,,,0
S070,2,2024-11-21_13h14.36.924,MotivatedInference,2024.1.5,Win32,60.24096386,668be8e87e83611e680fb3ab,{{%SESSION_ID%},Chrome,,,,,,,,,,,,,,,,,,,,,,,,,,,,,,1.0,,,,,,,,3.0,,,,,,,,,conditions/conds_135.csv,5.0,0.0,,,,,,,,,1932.9316,1934.6314,"[0.002099999964457311,0.016299999952479993,0.03300000000012915,0.049599999964357266,0.06629999995243452,0.0830999999643609,0.09969999998816093,0.11629999995238904,0.13289999997618906,0.15039999997634368,0.16709999996442093,0.1831999999881191,0.19989999997619634,0.21629999995252547,0.23269999998819912,0.25050000000010186,0.26629999995248,0.28300000000012915,0.2996999999882064,0.3162999999524345,0.33289999997623454,0.3495999999643118,0.36629999995238904,0.38309999996431543,0.39969999998811545,0.41629999995234357,0.43309999996426995,0.4495999999644482,0.46629999995252547,0.4836999999881755,0.49959999996440274,0.51629999995248,0.5337999999524072,0.5495999999643573,0.5662999999524345,0.5830000000000837,0.5995000000000346,0.617099999964239,0.6330999999643154,0.6495999999642663,0.6662999999523436,0.6830000000002201,0.6996999999882973,0.7162999999525255,0.7330000000001746,0.7501999999881264,0.7663999999763291,0.7830000000001291,0.7996999999882064,0.8165000000001328,0.8330000000000837,0.8508999999762636,0.8670000000001892,0.8830000000000382,0.9003999999763437,0.9168999999762946,0.9331999999881191,0.9498999999761963,0.9663999999763746,0.9828999999763255,0.9995999999644027,1.0165999999644555,1.0335999999642809,1.0492999999523818,1.0661999999881573,1.0830000000000837,1.099699999988161,1.1163999999762382,1.132899999976189,1.1496999999881155,1.1662999999523436,1.18300000000022,1.1995999999644482,1.2163999999763746,1.2338999999763018,1.2495999999644027,1.2665000000001783,1.2835999999642809,1.2996999999882064,1.3161999999881573,1.3330000000000837,1.3495999999643118,1.3661999999881118,1.3830000000000382,1.3996999999881155,1.4161999999882937,1.43300000000022,1.4492999999524727,1.4661999999882482,1.4835999999643263,1.4995999999644027,1.5177999999523308,1.5330000000001291,1.54950000000008,1.5662999999524345,1.5828999999762345,1.6012999999525164,1.6172999999523654,1.6330999999643154,1.6495999999642663,1.6661999999882937,1.6825999999643955,1.6996999999882973]",0.016643137,0.000548887,103.0,right,1.0,,,,,,2.0,0.0,4.0,0.5,-1.467112222,1.0,1.285877716,-0.539494998,22.0,-0.006108652,0.369173441,0.034771665,0.081264392,0.215269419,6.0,0.177808634,-0.348169079,40.0,0.001745329,0.381763748,0.031902579,0.075140032,0.211660484,6.0,0.598970898,-0.931291306,54.0,-0.000872665,0.390632361,0.034931933,0.073298853,0.195852464,4.0,1.750566048,0.351843161,67.0,0.000872665,0.398829923,0.040120187,0.066830121,0.198372452,4.0,0.0,0.0,0.0,0.0,0.0,0.0,0.0,0.0,0.0,0.0,0.0,0.0,0.0,0.0,0.0,0.0,0.0,0.0,0.0,0.0,0.0,0.0,0.0,0.0,0.0,0.0,0.0,0.0,0.0,0.0,0.0,0.0,0.0,0.0,0.0,0.0,0.0,0.0,0.0,0.0,0.0,0.0,0.0,0.0,0.0,0.0,0.0,0.0,0.0,0.0,0.0,0.0,0.0,0.0,0.0,0.0,0.0,0.0,0.0,0.0,0.0,0.0,0.0,0.0,0.0,0.0,0.0,0.0,0.0,0.0,0.0,0.0,,,,,,,0.5857,,0.0,35.0,35.0,35.0,1.0,,,,,,,,,,,,,,,,,,,,,,,,,,,,0
S070,2,2024-11-21_13h14.36.924,MotivatedInference,2024.1.5,Win32,60.24096386,668be8e87e83611e680fb3ab,{{%SESSION_ID%},Chrome,,,,,,,,,,,,,,,,,,,,,,,,,,,,,,0.0,,,,,,,,1.0,,,,,,,,,conditions/conds_128.csv,0.0,1.0,,,,,,,,,2094.2164,2095.9329,"[0.0017000000475491106,0.015600000023823668,0.028400000035617268,0.0500000000001819,0.06270000004769827,0.08280000001195731,0.09549999999990177,0.11630000001196095,0.12880000001177905,0.14980000001196458,0.16249999999990905,0.183200000047691,0.1959999999999127,0.2152000000478438,0.22930000001178996,0.2492000000479493,0.26580000001195003,0.27920000004769463,0.2994000000358028,0.31210000002374727,0.33320000004778194,0.34570000004760004,0.3665000000000873,0.3818000000119355,0.397900000035861,0.41180000001213557,0.4293000000120628,0.4498000000121465,0.46280000001206645,0.47850000000016735,0.49820000004774556,0.5128000000117936,0.5315000000000509,0.5461000000236709,0.56690000003573,0.5823000000118554,0.5957000000476,0.616300000011961,0.628800000011779,0.6499000000358137,0.6623000000117827,0.6853000000119209,0.6983000000118409,0.7162000000475928,0.72930000001179,0.7493000000117718,0.7627000000475164,0.7817000000477492,0.79620000004752,0.8153000000120301,0.8299999999999272,0.8502000000476073,0.8623000000120555,0.8825000000001637,0.8953000000119573,0.9118000000121356,0.9329000000357155,0.94560000002366,0.9664000000357191,0.978900000035992,0.9981000000238964,1.0119000000358938,1.0318000000120264,1.0506000000236781,1.0626000000238491,1.0819000000356027,1.0960000000000036,1.115800000011859,1.1291000000237545,1.14890000003561,1.1618000000121356,1.1829000000357155,1.19560000002366,1.2146000000238928,1.2285000000001673,1.2502000000476983,1.2626000000236672,1.2789999999999964,1.2955000000001746,1.3164999999999054,1.329400000036003,1.3460000000000036,1.366300000011961,1.382100000023911,1.3984000000359629,1.4119000000359847,1.4311000000238892,1.4455000000002656,1.46630000001187,1.478900000035992,1.4959000000358174,1.5154000000356973,1.5317000000477492,1.545200000047771,1.5661000000241074,1.5793000000121538,1.5983000000119318,1.612600000024031,1.6323000000120373,1.6462000000478838,1.6660000000001673,1.6806000000237873,1.6951000000240128,1.7164000000357191]",0.016647573,0.003311288,104.0,right,1.0,,,,,,1.0,0.0,4.0,0.5,2.636990621,-1.0,1.623144582,0.104505345,17.0,-0.004363323,0.364429878,0.03744875,0.082879054,0.20378895,5.0,2.290636296,0.991416554,91.0,0.001745329,0.420659204,0.046109782,0.086244352,0.261967492,5.0,1.919281791,0.641897973,65.0,0.000872665,0.397557211,0.028332609,0.059251996,0.151978572,5.0,2.582657253,0.899170748,48.0,-0.013089969,0.387063294,0.032293316,0.069877675,0.198684878,5.0,0.0,0.0,0.0,0.0,0.0,0.0,0.0,0.0,0.0,0.0,0.0,0.0,0.0,0.0,0.0,0.0,0.0,0.0,0.0,0.0,0.0,0.0,0.0,0.0,0.0,0.0,0.0,0.0,0.0,0.0,0.0,0.0,0.0,0.0,0.0,0.0,0.0,0.0,0.0,0.0,0.0,0.0,0.0,0.0,0.0,0.0,0.0,0.0,0.0,0.0,0.0,0.0,0.0,0.0,0.0,0.0,0.0,0.0,0.0,0.0,0.0,0.0,0.0,0.0,0.0,0.0,0.0,0.0,0.0,0.0,0.0,0.0,,,,,,,0.6673,,0.0,0.0,0.0,0.0,1.0,1935.567,2092.212,,,,,,,,,,,,,,,,,,,,,,,,,,0
S070,2,2024-11-21_13h14.36.924,MotivatedInference,2024.1.5,Win32,60.24096386,668be8e87e83611e680fb3ab,{{%SESSION_ID%},Chrome,,,,,,,,,,,,,,,,,,,,,,,,,,,,,,0.0,,,,,,,,2.0,,,,,,,,,conditions/conds_128.csv,0.0,1.0,,,,,,,,,2097.5965,2099.3452,"[0.0016000000236999767,0.015100000023721805,0.03180000001202643,0.04860000002372544,0.0651000000239037,0.08199999999987995,0.09850000000005821,0.11699999999973443,0.13269999998783533,0.15000000000009095,0.16539999997621635,0.1816999999878135,0.19839999997611812,0.21500000000014552,0.23180000001184453,0.24839999997630002,0.2653999999761254,0.2821000000235472,0.29860000002372544,0.31500000000005457,0.33169999998790445,0.34910000002355446,0.36510000002363086,0.3821999999881882,0.3993000000118627,0.41589999997586347,0.4328999999761436,0.4483000000118409,0.46530000001166627,0.48180000001184453,0.4991000000236454,0.515199999987999,0.5318000000120264,0.5484999999998763,0.5653000000120301,0.5816999999879044,0.5983999999762091,0.6153999999760345,0.632499999999709,0.64939999997614,0.66519999998809,0.6818000000116626,0.6988000000119428,0.7154999999997926,0.7333000000116954,0.7496999999880245,0.7653000000118482,0.7813999999762018,0.7986000000237254,0.8151000000239037,0.8316999999879044,0.8483000000119318,0.8661000000238346,0.8816999999880863,0.8984999999997854,0.9151000000238128,0.9318999999759399,0.9483999999761181,0.9653000000116663,0.9828999999758707,0.9996999999880245,1.015199999987999,1.0320000000001528,1.0518000000120082,1.0658000000116772,1.0816999999879044,1.098399999976209,1.1148000000116554,1.1318000000119355,1.1486999999879117,1.16519999998809,1.1816999999878135,1.1983999999761181,1.2151999999878171,1.231999999999971,1.2485000000001492,1.2653000000118482,1.2816999999881773,1.29830000001175,1.3151000000239037,1.332100000023729,1.351100000023962,1.3654999999998836,1.38149999999996,1.39939999997614,1.4156999999881918,1.4315000000001419,1.4493000000120446,1.4653000000116663,1.4826999999881991,1.4988999999759471,1.5149999999998727,1.5316999999881773,1.5486000000237254,1.5650000000000546,1.5821999999880063,1.5986999999881846,1.6159999999999854,1.632600000023558,1.6483999999759362,1.6649999999999636,1.6818000000116626,1.6983999999761181,1.7158000000117681,1.7318000000118445,1.7485000000001492]",0.016637143,0.000798124,106.0,right,1.0,,,,,,1.0,0.0,4.0,0.5,-0.081331991,-1.0,2.804830469,0.623744602,33.0,-0.006108652,0.377230834,0.032847101,0.067598606,0.249691544,6.0,1.912086541,0.630797398,41.0,0.013089969,0.382506884,0.032100804,0.075836611,0.218324429,6.0,1.284647173,-0.541565569,29.0,-0.000872665,0.374372435,0.035828607,0.080766738,0.158410304,4.0,1.111862147,-0.794308422,42.0,0.010471976,0.383208229,0.034272345,0.075051408,0.167478928,5.0,0.0,0.0,0.0,0.0,0.0,0.0,0.0,0.0,0.0,0.0,0.0,0.0,0.0,0.0,0.0,0.0,0.0,0.0,0.0,0.0,0.0,0.0,0.0,0.0,0.0,0.0,0.0,0.0,0.0,0.0,0.0,0.0,0.0,0.0,0.0,0.0,0.0,0.0,0.0,0.0,0.0,0.0,0.0,0.0,0.0,0.0,0.0,0.0,0.0,0.0,0.0,0.0,0.0,0.0,0.0,0.0,0.0,0.0,0.0,0.0,0.0,0.0,0.0,0.0,0.0,0.0,0.0,0.0,0.0,0.0,0.0,0.0,,,,,,,0.7692,,0.0,1.0,1.0,1.0,1.0,,,,,,,,,,,,,,,,,,,,,,,,,,,,0
S070,2,2024-11-21_13h14.36.924,MotivatedInference,2024.1.5,Win32,60.24096386,668be8e87e83611e680fb3ab,{{%SESSION_ID%},Chrome,,,,,,,,,,,,,,,,,,,,,,,,,,,,,,0.0,,,,,,,,11.0,,,,,,,,,conditions/conds_128.csv,0.0,1.0,,,,,,,,,2101.1297,2105.5953,"[0.0038000000117790478,0.015199999987999036,0.031900000035875564,0.049400000035802805,0.06580000001167718,0.08169999998790445,0.09869999998818457,0.11630000001196095,0.13230000001203734,0.14849999999978536,0.16600000000016735,0.18210000002363813,0.1986000000238164,0.21610000002374363,0.23210000002382003,0.24850000000014916,0.26619999998820276,0.2820000000001528,0.29950000000008004,0.31519999998818093,0.3324999999999818,0.34940000003552996,0.3658000000118591,0.3824000000358865,0.3989999999998872,0.4153000000119391,0.431999999999789,0.4489000000357919,0.46610000002374363,0.48219999998809726,0.4994000000356209,0.515199999987999,0.5324999999997999,0.5494000000358028,0.566300000011779,0.5829000000358064,0.5991999999878317,0.616300000011961,0.6323000000120373,0.6486000000236345,0.66519999998809,0.6829000000357155,0.6991999999881955,0.7151999999882719,0.7326000000239219,0.7486000000239983,0.7653000000118482,0.7819000000358756,0.7986999999880027,0.8161999999879299,0.8330000000000837,0.8496999999879336,0.866300000011961,0.8819000000357846,0.8989999999998872,0.916199999987839,0.9323000000117645,0.9484999999999673,0.965300000012121,0.98210000002382,0.9986000000239983,1.016400000035901,1.032100000024002,1.0484999999998763,1.0661000000236527,1.082600000023831,1.0994999999998072,1.115199999987908,1.1328000000116845,1.149499999999989,1.1659000000358901,1.18260000002374,1.1990000000000691,1.2151000000239947,1.2318000000118445,1.2494999999998981,1.2660000000000764,1.2819000000358756,1.2984999999998763,1.3151000000239037,1.332100000023729,1.3493000000116808,1.365199999987908,1.3820000000000618,1.3986000000236345,1.4153000000119391,1.4319000000359665,1.4486999999880936,1.4651999999882719,1.4816999999879954,1.4985000000001492,1.5154000000356973,1.5318000000120264,1.5496000000239292,1.5659999999998035,1.5818000000117536,1.5985000000000582,1.6151000000236309,1.6318000000119355,1.6484999999997854,1.6660000000001673,1.681999999999789,1.6984999999999673,1.7151999999882719,1.7318000000118445,1.7485000000001492,1.7653000000118482,1.7818000000120264,1.798400000035599,1.8161000000236527,1.832100000023729,1.8511999999882391,1.8649000000359592,1.8818000000119355,1.8984000000359629,1.9151000000238128,1.9316999999882682,1.948300000011841,1.9651999999882719,1.9818000000118445,1.9985000000001492,2.015199999987999,2.032100000024002,2.0486000000237254,2.0656000000240056,2.0819000000356027,2.098500000000058,2.115100000023631,2.1319000000357846,2.1486000000236345,2.1656000000239146,2.1823000000117645,2.1986999999880936,2.215199999988272,2.2318000000118445,2.248500000000149,2.265199999987999,2.2818000000120264,2.2984999999998763,2.3151000000239037,2.3319000000356027,2.349499999999807,2.365300000011757,2.3818000000119355,2.3986000000236345,2.41519999998809,2.4326999999880172,2.4484999999999673,2.465199999988272,2.482699999988199,2.4991000000236454,2.515300000011848,2.532100000024002,2.5503000000117027,2.5659000000355263,2.5819000000356027,2.598500000000058,2.615100000023631,2.6318000000119355,2.6484999999997854,2.66519999998809,2.6819000000359665,2.69960000002402,2.7159000000356173,2.7319000000356937,2.748400000035872,2.765100000023722,2.782100000024002,2.7984999999998763,2.815199999988181,2.8318000000117536,2.8498000000117827,2.8654000000356064,2.8825000000001637,2.8984999999997854,2.915300000011939,2.9318000000121174,2.9484999999999673,2.965199999988272,2.9818000000118445,2.998400000035872,3.015199999987999,3.0318000000120264,3.0484999999998763,3.065400000035879,3.0830000000000837,3.0986000000239073,3.115199999987908,3.132600000024013,3.1484999999997854,3.1651000000238128,3.1816999999882682,3.1994000000358938,3.215199999988272,3.231999999999971,3.248300000012023,3.265100000023722,3.282199999988279,3.2993000000119537,3.3159000000355263,3.3328000000119573,3.348400000035781,3.365300000011757,3.3829000000355336,3.3986999999879117,3.4151000000238128,3.4329000000357155,3.4484999999999673,3.4651000000239947,3.4818000000118445,3.4981000000238964,3.515199999987999,3.5326999999879263,3.5491999999881045,3.5650000000000546,3.5818000000117536,3.59900000000016,3.615800000011859,3.6323000000120373,3.6484999999997854,3.6649999999999636,3.6819000000359665,3.6984999999999673,3.7159000000356173,3.7325000000000728,3.748500000000149,3.765199999987999,3.7818000000120264,3.7986000000237254,3.8150000000000546,3.8318000000117536,3.8496000000236563,3.865199999987908,3.884199999988141,3.8991000000237364,3.91519999998809,3.9318000000121174,3.94840000003569,3.9654000000355154,3.9816999999879954,3.998500000000149,4.015100000023722,4.031699999988177,4.0491999999881045,4.065400000035879,4.082499999999982,4.09940000003553,4.1159999999999854,4.1318000000119355,4.148400000035963,4.165300000011939,4.182699999988017,4.1991999999881955,4.214900000035868,4.2318000000118445,4.248500000000149,4.265199999987999,4.281800000012026,4.298400000035599,4.315699999988283,4.331800000011754,4.349300000011681,4.365199999987908,4.381699999988086,4.398499999999785,4.414999999999964,4.4319000000359665,4.448699999988094,4.465199999988272]",0.016647015,0.000668557,269.0,left,1.0,,,,,,2.0,0.0,12.0,0.5,-5.22384164,-1.0,0.618591923,-0.944865574,77.0,0.006108652,0.406238369,0.034151794,0.067462161,0.265706452,7.0,1.091411825,-0.818484946,61.0,-0.004363323,0.394911895,0.035957651,0.088187679,0.159307843,4.0,0.64929553,-0.963180339,13.0,0.012217305,0.36034398,0.040523863,0.087309629,0.214125832,4.0,2.498931978,0.959528002,81.0,-0.006981317,0.409724184,0.034267936,0.062711279,0.215248408,5.0,1.143731663,-0.753999279,95.0,-0.003490659,0.427246221,0.028411926,0.064304978,0.203029515,6.0,0.672716807,-0.974713119,68.0,0.009599311,0.399449425,0.031951263,0.065393928,0.165147664,5.0,0.420916324,-0.745865093,40.0,0.001745329,0.381763748,0.031902579,0.075140032,0.211660484,6.0,2.510410273,0.952810863,22.0,-0.006108652,0.369173441,0.034771665,0.081264392,0.215269419,6.0,0.846538854,-0.992532943,59.0,0.006981317,0.393731017,0.031135395,0.06163787,0.205460115,5.0,1.073250206,-0.838809189,31.0,0.004363323,0.375872077,0.0344646,0.07529372,0.228193104,6.0,1.165032964,-0.725339004,38.0,-0.004363323,0.380540373,0.035789754,0.080850361,0.267900983,7.0,1.906193861,0.621608983,93.0,0.012217305,0.423353751,0.033559225,0.078739299,0.188587653,4.0,,,,,,,0.6024,,0.0,2.0,2.0,2.0,1.0,,,,,,,,,,,,,,,,,,,,,,,,,,,,0
S070,2,2024-11-21_13h14.36.924,MotivatedInference,2024.1.5,Win32,60.24096386,668be8e87e83611e680fb3ab,{{%SESSION_ID%},Chrome,,,,,,,,,,,,,,,,,,,,,,,,,,,,,,0.0,,,,,,,,10.0,,,,,,,,,conditions/conds_128.csv,0.0,1.0,,,,,,,,,2107.2293,2111.7281,"[0.004800000011982775,0.015499999999974534,0.032000000000152795,0.04869999998845742,0.06519999998818093,0.08189999997648556,0.0988000000120337,0.11519999998836283,0.1321999999881882,0.1488000000122156,0.16550000000006548,0.18200000000024374,0.19869999998809362,0.21539999997639825,0.2319999999999709,0.24959999996417537,0.26549999999997453,0.28189999997630366,0.29880000001230655,0.31530000001203007,0.3320000000003347,0.34859999996433544,0.3666999999882137,0.3818999999762127,0.3988000000122156,0.4155000000000655,0.43200000000024374,0.4485999999642445,0.465300000012121,0.48219999998809726,0.49880000001212466,0.5154999999999745,0.5320000000001528,0.5485999999646083,0.5653999999763073,0.5820999999646119,0.5986999999881846,0.6153999999764892,0.6335999999641899,0.6494999999999891,0.6658999999763182,0.6828000000118664,0.6986999999880936,0.7153999999763982,0.7319999999999709,0.7493999999765038,0.7660999999643536,0.7820000000001528,0.7986999999884574,0.8153999999763073,0.8321999999884611,0.8491999999882864,0.8658999999761363,0.8820999999643391,0.8986999999883665,0.9153000000119391,0.932099999964521,0.9493000000120446,0.9653999999763982,0.9820999999642481,0.9988000000121247,1.0153999999761254,1.0343999999763582,1.0490999999642554,1.0653999999763073,1.0818000000122083,1.0985999999643354,1.115300000012212,1.1323999999763146,1.1486999999883665,1.1655000000000655,1.182099999964521,1.1986999999880936,1.215300000012121,1.231999999999971,1.2496999999880245,1.2653999999761254,1.28209999996443,1.2988000000123066,1.3153999999763073,1.333099999964361,1.3493999999764128,1.3656999999884647,1.3820000000000618,1.39850000000024,1.4153999999762163,1.432099999964521,1.4486999999880936,1.465300000012121,1.4821999999880973,1.4993999999765038,1.5153999999761254,1.5320000000001528,1.5486999999884574,1.5653999999763073,1.5828000000119573,1.5986999999881846,1.6153999999764892,1.6320000000000618,1.6488999999764928,1.6653999999762163,1.68219999998837,1.6990000000000691,1.7153999999763982,1.7318000000122993,1.7485000000001492,1.7653999999761254,1.78209999996443,1.7986999999884574,1.81530000001203,1.8328000000119573,1.8488000000120337,1.8655000000003383,1.8820000000000618,1.8988000000122156,1.9153000000119391,1.9320000000002437,1.9486999999880936,1.965300000012121,1.981999999999971,1.9988000000121247,2.015300000012303,2.0323000000121283,2.0486999999884574,2.0653999999763073,2.0820000000003347,2.0986999999881846,2.1150999999645137,2.132000000000062,2.1485999999645173,2.165300000011939,2.182099999964521,2.1988000000119428,2.2153999999763982,2.231999999999971,2.2486999999882755,2.2653999999761254,2.282000000000153,2.2986999999884574,2.31530000001203,2.3320000000003347,2.3486999999881846,2.365399999976489,2.3828999999764164,2.398899999976493,2.4155999999643427,2.4320000000002437,2.4486999999880936,2.4650999999644228,2.482699999988199,2.4985999999644264,2.5153999999761254,2.532599999964532,2.5488000000123066,2.5653999999763073,2.582099999964612,2.5986999999881846,2.615399999976489,2.6318999999762127,2.6486999999883665,2.6660999999644446,2.68219999998837,2.6985999999642445,2.715300000012121,2.731999999999971,2.7488000000121247,2.7653999999761254,2.7818999999763037,2.7985999999646083,2.8153999999763073,2.8318999999764856,2.8488000000120337,2.865399999976489,2.88269999998829,2.8986999999883665,2.9153999999762163,2.932099999964521,2.9486999999880936,2.9653999999763982,2.981999999999971,2.9993999999765038,3.015300000012303,3.0323999999764055,3.0486999999884574,3.0653999999763073,3.081699999988359,3.0988000000120337,3.115300000012212,3.132000000000062,3.1486999999883665,3.1653999999762163,3.182099999964521,3.1986999999880936,3.2155000000002474,3.231999999999971,3.2486999999882755,3.2653999999761254,3.282000000000153,3.2986999999884574,3.3153999999763073,3.3320000000003347,3.3485999999643354,3.3656999999884647,3.3825000000001637,3.3985999999645173,3.415099999964241,3.4320000000002437,3.4486999999880936,3.4653999999763982,3.4830000000001746,3.4986999999882755,3.5153999999761254,3.532699999988381,3.5486999999884574,3.5653999999763073,3.582699999988108,3.5986999999881846,3.615399999976489,3.632199999988188,3.6486999999883665,3.6653999999762163,3.6820000000002437,3.6996999999882973,3.715800000012223,3.732099999964248,3.7481999999881737,3.7650999999646046,3.7818999999763037,3.7988000000123066,3.8153999999763073,3.8320000000003347,3.8485999999643354,3.865300000012212,3.882000000000062,3.8986999999883665,3.915300000011939,3.9320000000002437,3.9485999999642445,3.966199999988021,3.98259999996435,3.9986999999882755,4.015300000012303,4.033099999964179,4.0491999999881045,4.065399999976307,4.082000000000335,4.098599999964335,4.115300000012212,4.131899999976213,4.148800000012216,4.165300000011939,4.182000000000244,4.1985999999642445,4.215300000012121,4.231899999976122,4.2486999999882755,4.265300000012303,4.28209999996443,4.298699999988457,4.31530000001203,4.332800000011957,4.348599999964335,4.365599999964616,4.382000000000062,4.398599999964517,4.415300000011939,4.432000000000244,4.448699999988094,4.465699999988374,4.481999999999971,4.498599999964426]",0.016643704,0.000555659,271.0,right,1.0,,,,,,1.0,0.0,12.0,0.5,3.899519177,-1.0,1.607863906,0.074067269,19.0,-8.92894e-14,0.366380653,0.037711395,0.069882825,0.280007013,7.0,2.348121976,0.999869672,74.0,-0.002617994,0.403888444,0.032857311,0.06846285,0.186846183,6.0,2.012406029,0.772786129,80.0,0.000872665,0.408817555,0.034279956,0.069360427,0.160822937,4.0,0.891616243,-0.977520171,44.0,-0.006981317,0.384544024,0.027675657,0.071715856,0.246225121,7.0,2.501998864,0.957782611,24.0,-0.000872665,0.370951047,0.044446314,0.068882508,0.271498611,5.0,1.165861032,-0.72419794,95.0,-0.003490659,0.427246221,0.028411926,0.064304978,0.203029515,6.0,0.650281462,-0.963708614,31.0,0.004363323,0.375872077,0.0344646,0.07529372,0.228193104,6.0,1.835489685,0.5050041,82.0,0.004363323,0.410673221,0.022643594,0.062174001,0.106425045,4.0,2.330520156,0.998681947,56.0,0.002617994,0.391878159,0.037400891,0.06461151,0.256914973,6.0,2.701772035,0.770510243,2.0,0.008726646,0.338473989,0.032964075,0.086271212,0.185208292,4.0,2.678365785,0.799494829,85.0,0.003490659,0.413672168,0.024690997,0.064801949,0.114487367,4.0,2.763089033,0.686749103,42.0,0.010471976,0.383208229,0.034272345,0.075051408,0.167478928,5.0,,,,,,,0.5325,,0.0,3.0,3.0,3.0,1.0,,,,,,,,,,,,,,,,,,,,,,,,,,,,0
S070,2,2024-11-21_13h14.36.924,MotivatedInference,2024.1.5,Win32,60.24096386,668be8e87e83611e680fb3ab,{{%SESSION_ID%},Chrome,,,,,,,,,,,,,,,,,,,,,,,,,,,,,,0.0,,,,,,,,3.0,,,,,,,,,conditions/conds_128.csv,0.0,1.0,,,,,,,,,2113.2783,2115.0119,"[0.002199999988079071,0.016300000012051896,0.03289999997650739,0.0496999999882064,0.06639999997651103,0.08300000000008367,0.0996999999883883,0.11630000001196095,0.13300000000026557,0.14959999996426632,0.16630000001214285,0.18299999999999272,0.19969999998829735,0.2161999999884756,0.23309999996445185,0.24980000001232838,0.2666999999883046,0.2828999999765074,0.30050000000028376,0.3170999999642845,0.33289999997623454,0.3496999999883883,0.36630000001196095,0.3830000000002656,0.3995999999642663,0.4170999999646483,0.4329999999999927,0.4495999999644482,0.4670000000000982,0.4828999999763255,0.4995999999646301,0.5161999999882028,0.5330000000003565,0.5496999999882064,0.5661999999883847,0.5830000000000837,0.6005000000000109,0.616300000011961,0.6335000000003674,0.6503000000120664,0.6658999999763182,0.6828999999761436,0.6996999999882973,0.7166999999881227,0.7330999999644519,0.7495999999646301,0.7660000000000764,0.7830000000003565,0.7995999999643573,0.8161999999883847,0.8328000000119573,0.8495999999645392,0.866300000011961,0.8828999999764164,0.8994999999999891,0.9163000000121428,0.9329999999999927,0.9503999999765256,0.9663000000123247,0.9828000000120483,0.9995999999646301,1.0161999999882028,1.0328000000122302,1.0495999999643573,1.0663000000122338,1.0828999999762345,1.0995999999645392,1.1161999999881118,1.1330000000002656,1.149499999999989,1.1670999999646483,1.1828999999761436,1.199500000000171,1.2163000000123247,1.2330000000001746,1.2495999999646301,1.2661999999882028,1.2828999999765074,1.2998999999763328,1.3165000000003602,1.3330000000000837,1.3500000000003638,1.3663999999762382,1.3835000000003674,1.3995999999642663,1.4163000000121428,1.4329999999999927,1.4495999999644482,1.4661999999884756,1.4828999999763255,1.4995999999646301,1.5163999999763291,1.5328000000122302,1.5495999999643573,1.5670000000000073,1.5828999999762345,1.6003000000118845,1.6170000000001892,1.6335999999646447,1.6498000000119646,1.6661999999882937,1.68380000001207,1.7003000000122483,1.7166999999881227,1.7333999999764274]",0.016646154,0.000452965,105.0,left,1.0,,,,,,2.0,0.0,4.0,0.5,-0.398006442,-1.0,2.439994869,0.985987839,56.0,0.002617994,0.391878159,0.037400891,0.06461151,0.256914973,6.0,0.956863109,-0.94177354,9.0,0.01134464,0.355140301,0.038458273,0.073668072,0.274720221,7.0,1.531642412,-0.078227822,48.0,-0.013089969,0.387063294,0.032293316,0.069877675,0.198684878,5.0,0.186275662,-0.363992921,50.0,-0.003490659,0.388365859,0.031859869,0.061653869,0.235670302,6.0,0.0,0.0,0.0,0.0,0.0,0.0,0.0,0.0,0.0,0.0,0.0,0.0,0.0,0.0,0.0,0.0,0.0,0.0,0.0,0.0,0.0,0.0,0.0,0.0,0.0,0.0,0.0,0.0,0.0,0.0,0.0,0.0,0.0,0.0,0.0,0.0,0.0,0.0,0.0,0.0,0.0,0.0,0.0,0.0,0.0,0.0,0.0,0.0,0.0,0.0,0.0,0.0,0.0,0.0,0.0,0.0,0.0,0.0,0.0,0.0,0.0,0.0,0.0,0.0,0.0,0.0,0.0,0.0,0.0,0.0,0.0,0.0,,,,,,,0.7188,,0.0,4.0,4.0,4.0,1.0,,,,,,,,,,,,,,,,,,,,,,,,,,,,0
S070,2,2024-11-21_13h14.36.924,MotivatedInference,2024.1.5,Win32,60.24096386,668be8e87e83611e680fb3ab,{{%SESSION_ID%},Chrome,,,,,,,,,,,,,,,,,,,,,,,,,,,,,,0.0,,,,,,,,5.0,,,,,,,,,conditions/conds_128.csv,0.0,1.0,,,,,,,,,2116.7282,2119.8444,"[0.0028000000120300683,0.01669999998784988,0.032999999999901775,0.0496999999882064,0.06640000003562818,0.08300000000008367,0.09969999998793355,0.11630000001196095,0.13299999999981083,0.14969999998811545,0.1663000000116881,0.18299999999999272,0.19960000002356537,0.21619999998802086,0.23299999999971988,0.25040000003582463,0.2663000000120519,0.2833000000118773,0.3001999999878535,0.31950000000006185,0.33290000003580644,0.3496000000236563,0.3661999999881118,0.3829999999998108,0.3996000000238382,0.41640000003553723,0.4329000000357155,0.44960000002356537,0.46619999998802086,0.4829000000358974,0.4996999999880245,0.5163000000120519,0.5329999999999018,0.5496000000239292,0.566300000011779,0.5830000000000837,0.5996000000236563,0.6164000000358101,0.6329999999998108,0.6496000000238382,0.666199999987839,0.6828000000118664,0.6993000000120446,0.71630000001187,0.7329999999997199,0.7504000000358246,0.7671999999879517,0.7829999999999018,0.7996999999882064,0.8170000000000073,0.8336000000235799,0.85060000002386,0.8669999999997344,0.8829000000355336,0.8996999999881155,0.9171999999880427,0.9338000000116153,0.9498000000116917,0.96630000001187,0.9829999999997199,0.9996000000237473,1.016300000012052,1.0329999999999018,1.0496000000239292,1.0666999999880318,1.0829000000358064,1.0996999999879336,1.116300000011961,1.1329999999998108,1.1496000000238382,1.1664000000355372,1.1829000000357155,1.1996999999878426,1.2161000000237436,1.2329999999997199,1.2496000000237473,1.266300000012052,1.2833000000118773,1.2996000000239292,1.3159999999998035,1.3330000000000837,1.3494999999998072,1.366300000011961,1.3829999999998108,1.3996000000238382,1.416300000011688,1.4329000000357155,1.4494999999997162,1.46630000001187,1.4829999999997199,1.4996000000237473,1.5161999999882028,1.5329999999999018,1.5496999999882064,1.5664999999999054,1.5830000000000837,1.5996000000236563,1.6161999999881118,1.6331999999879372,1.6496000000238382,1.666300000011688,1.6829000000357155,1.6996000000235654,1.71630000001187,1.7338000000117972,1.7496999999880245,1.766800000011699,1.7829000000356245,1.79950000000008,1.81619999998793,1.8330000000000837,1.8496000000236563,1.866300000011961,1.8829000000355336,1.8998000000119646,1.916300000011688,1.9336000000239437,1.95049999999992,1.9664000000357191,1.9829999999997199,1.9994999999998981,2.0166000000235726,2.033199999988028,2.0496999999882064,2.066300000011779,2.0829000000358064,2.0996999999879336,2.116300000011961,2.1328000000116845,2.149499999999989,2.166300000011688,2.1829000000357155,2.1996000000235654,2.216400000035719,2.232699999988199,2.2496999999880245,2.2661999999882028,2.2829999999999018,2.299600000023929,2.316300000011779,2.333499999999731,2.349499999999807,2.366199999988112,2.382600000023558,2.399400000035712,2.416199999987839,2.43260000002374,2.4494999999997162,2.466199999988021,2.48299999999972,2.4996000000237473,2.516300000012052,2.5329999999999018,2.549600000023929,2.566300000011779,2.5830000000000837,2.600500000000011,2.616300000011961,2.6329000000355336,2.6503000000120664,2.666699999987941,2.6829999999999927,2.6996000000235654,2.7159000000356173,2.733600000023671,2.750100000023849,2.766300000012052,2.7829999999999018,2.799600000023929,2.8161000000236527,2.8328000000119573,2.8496000000236563,2.866300000011961,2.882999999999811,2.899600000023838,2.916199999987839,2.9329000000357155,2.9496999999878426,2.966199999988021,2.9829000000358974,3.0004000000358246,3.0176999999880536,3.0335000000000036,3.049600000023929,3.06619999998793,3.0829000000358064,3.0996000000236563,3.1159999999999854]",0.016648128,0.000477554,188.0,right,1.0,,,,,,1.0,0.0,8.0,0.5,4.520220834,-1.0,2.979862265,0.317849763,36.0,0.002617994,0.379263044,0.03913601,0.077664539,0.168574417,3.0,2.672936462,0.805970062,70.0,0.007853982,0.401012824,0.032375196,0.060909739,0.168550131,4.0,3.075905189,0.130997348,96.0,0.002617994,0.429744758,0.028375272,0.064697354,0.217313714,7.0,2.595958358,0.887212906,47.0,-0.003490659,0.386485672,0.032547094,0.064121381,0.201087455,6.0,1.908634547,0.625425276,42.0,0.010471976,0.383208229,0.034272345,0.075051408,0.167478928,5.0,2.308964545,0.995541981,59.0,0.006981317,0.393731017,0.031135395,0.06163787,0.205460115,5.0,2.164766972,0.92760186,40.0,0.001745329,0.381763748,0.031902579,0.075140032,0.211660484,6.0,1.485189511,-0.170378361,12.0,0.006981317,0.359228273,0.039160557,0.080955667,0.284615847,7.0,0.0,0.0,0.0,0.0,0.0,0.0,0.0,0.0,0.0,0.0,0.0,0.0,0.0,0.0,0.0,0.0,0.0,0.0,0.0,0.0,0.0,0.0,0.0,0.0,0.0,0.0,0.0,0.0,0.0,0.0,0.0,0.0,0.0,0.0,0.0,0.0,,,,,,,0.4872,,0.0,5.0,5.0,5.0,1.0,,,,,,,,,,,,,,,,,,,,,,,,,,,,0
S070,2,2024-11-21_13h14.36.924,MotivatedInference,2024.1.5,Win32,60.24096386,668be8e87e83611e680fb3ab,{{%SESSION_ID%},Chrome,,,,,,,,,,,,,,,,,,,,,,,,,,,,,,-1.0,,,,,,,,1.0,,,,,,,,,conditions/conds_128.csv,0.0,1.0,,,,,,,,,2122.5614,2124.2613,"[0.0024000000357773388,0.016999999999825377,0.032999999999901775,0.049700000047323556,0.06630000001177905,0.08299999999962893,0.09999999999990905,0.11640000003535533,0.13370000004761096,0.14970000004768735,0.16640000003553723,0.18299999999999272,0.19960000002356537,0.21640000003571913,0.23299999999971988,0.2497000000475964,0.26630000001159715,0.28360000002385277,0.29999999999972715,0.3164000000356282,0.33370000004742906,0.3505000000000109,0.3669999999997344,0.3833000000117863,0.3996000000238382,0.41649999999981446,0.4329000000357155,0.44980000001169174,0.46640000003571913,0.48290000003544264,0.49960000002374727,0.5163000000115971,0.5329000000356245,0.5497000000473236,0.566300000011779,0.5829999999996289,0.6002000000476073,0.6164000000353553,0.633700000047611,0.6497000000476874,0.6671000000237655,0.6829999999999927,0.6996000000235654,0.717300000011619,0.7329000000354426,0.7497000000475964,0.7664000000354463,0.7829999999999018,0.8002000000474254,0.8164999999999054,0.8329000000353517,0.8497000000475055,0.8664000000353553,0.8829999999998108,0.8997000000476874,0.9164000000355372,0.9331000000238419,0.9496000000235654,0.9664000000357191,0.9829999999997199,0.9998000000118736,1.0163000000115971,1.033100000023751,1.0496000000234744,1.0664000000356282,1.082999999999629,1.1004000000357337,1.1169999999997344,1.1329999999998108,1.1497000000476874,1.1664000000355372,1.1829000000357155,1.2003000000117936,1.2169000000353662,1.2334000000355445,1.2497000000475964,1.2664000000354463,1.2829999999999018,1.2996000000234744,1.316800000011881,1.333100000023478,1.3496000000236563,1.3663000000115062,1.38310000002366,1.3997000000476874,1.416900000035639,1.4329999999999927,1.4498000000116917,1.46630000001187,1.4829999999997199,1.4997000000475964,1.516800000011699,1.5333000000118773,1.549400000035348,1.566300000011779,1.582999999999629,1.5996000000236563,1.6163000000115062,1.63310000002366,1.6496000000238382,1.6662000000474109,1.6829999999999927,1.6997000000474145]",0.016640196,0.000397606,103.0,right,1.0,,,,,,1.0,0.0,4.0,0.5,2.636990621,-1.0,1.623144582,0.104505345,17.0,-0.004363323,0.364429878,0.03744875,0.082879054,0.20378895,5.0,2.290636296,0.991416554,91.0,0.001745329,0.420659204,0.046109782,0.086244352,0.261967492,5.0,1.919281791,0.641897973,65.0,0.000872665,0.397557211,0.028332609,0.059251996,0.151978572,5.0,2.582657253,0.899170748,48.0,-0.013089969,0.387063294,0.032293316,0.069877675,0.198684878,5.0,0.0,0.0,0.0,0.0,0.0,0.0,0.0,0.0,0.0,0.0,0.0,0.0,0.0,0.0,0.0,0.0,0.0,0.0,0.0,0.0,0.0,0.0,0.0,0.0,0.0,0.0,0.0,0.0,0.0,0.0,0.0,0.0,0.0,0.0,0.0,0.0,0.0,0.0,0.0,0.0,0.0,0.0,0.0,0.0,0.0,0.0,0.0,0.0,0.0,0.0,0.0,0.0,0.0,0.0,0.0,0.0,0.0,0.0,0.0,0.0,0.0,0.0,0.0,0.0,0.0,0.0,0.0,0.0,0.0,0.0,0.0,0.0,,,,,,,0.4786,,0.0,6.0,6.0,6.0,1.0,,,,,,,,,,,,,,,,,,,,,,,,,,,,0
S070,2,2024-11-21_13h14.36.924,MotivatedInference,2024.1.5,Win32,60.24096386,668be8e87e83611e680fb3ab,{{%SESSION_ID%},Chrome,,,,,,,,,,,,,,,,,,,,,,,,,,,,,,-1.0,,,,,,,,2.0,,,,,,,,,conditions/conds_128.csv,0.0,1.0,,,,,,,,,2125.7614,2127.4788,"[0.0019000000356754754,0.016300000012051896,0.032999999999901775,0.04960000002392917,0.06630000001177905,0.08300000000008367,0.09970000004750545,0.11670000004778558,0.13299999999981083,0.14949999999998909,0.16600000000016735,0.1829000000357155,0.20020000004751637,0.216900000035821,0.2329000000358974,0.2497000000475964,0.2671000000236745,0.2829999999999018,0.29960000002392917,0.31630000001177905,0.33290000003580644,0.34970000004750545,0.36630000001196095,0.3829999999998108,0.40000000000009095,0.4169000000356391,0.43310000002384186,0.44970000004786925,0.46630000001187,0.4830000000001746,0.4997000000475964,0.5162000000477747,0.5329000000356245,0.5496000000239292,0.566300000011779,0.5830000000000837,0.5997000000475055,0.6164000000358101,0.6329000000355336,0.6496000000238382,0.6663000000116881,0.6828000000118664,0.7004000000356427,0.71630000001187,0.7329000000358974,0.75,0.7663000000120519,0.7829000000356245,0.7996000000239292,0.816300000011779,0.8329000000358064,0.8496000000236563,0.866300000011961,0.882700000047862,0.8994999999999891,0.9163000000116881,0.9337000000477929,0.9496000000240201,0.9664000000357191,0.9829000000358974,0.9996000000237473,1.016300000012052,1.0338000000119791,1.050000000000182,1.0662000000475018,1.0829000000358064,1.0996000000236563,1.1162000000476837,1.1329999999998108,1.1496000000238382,1.1662000000478656,1.1831000000238419,1.2004000000356427,1.2162000000475928,1.2329000000358974,1.2494999999998981,1.266300000012052,1.2829999999999018,1.2996000000239292,1.3164000000356282,1.3330000000000837,1.3503000000118845,1.3661000000238346,1.3833000000117863,1.3997000000476874,1.4162000000478656,1.4335000000000946,1.4496000000240201,1.4662000000475928,1.48370000004752,1.4996000000237473,1.516300000012052,1.5328000000117754,1.5498000000120555,1.566300000011779,1.5829000000358064,1.59940000003553,1.616300000011961,1.6336000000237618,1.6497000000476874,1.6671000000237655,1.6829999999999927,1.699500000000171,1.7170000000000982]",0.016651456,0.000439078,104.0,left,0.0,,,,,,1.0,0.0,4.0,0.5,-0.081331991,-1.0,2.804830469,0.623744602,33.0,-0.006108652,0.377230834,0.032847101,0.067598606,0.249691544,6.0,1.912086541,0.630797398,41.0,0.013089969,0.382506884,0.032100804,0.075836611,0.218324429,6.0,1.284647173,-0.541565569,29.0,-0.000872665,0.374372435,0.035828607,0.080766738,0.158410304,4.0,1.111862147,-0.794308422,42.0,0.010471976,0.383208229,0.034272345,0.075051408,0.167478928,5.0,0.0,0.0,0.0,0.0,0.0,0.0,0.0,0.0,0.0,0.0,0.0,0.0,0.0,0.0,0.0,0.0,0.0,0.0,0.0,0.0,0.0,0.0,0.0,0.0,0.0,0.0,0.0,0.0,0.0,0.0,0.0,0.0,0.0,0.0,0.0,0.0,0.0,0.0,0.0,0.0,0.0,0.0,0.0,0.0,0.0,0.0,0.0,0.0,0.0,0.0,0.0,0.0,0.0,0.0,0.0,0.0,0.0,0.0,0.0,0.0,0.0,0.0,0.0,0.0,0.0,0.0,0.0,0.0,0.0,0.0,0.0,0.0,,,,,,,0.5833,,0.0,7.0,7.0,7.0,1.0,,,,,,,,,,,,,,,,,,,,,,,,,,,,0
S070,2,2024-11-21_13h14.36.924,MotivatedInference,2024.1.5,Win32,60.24096386,668be8e87e83611e680fb3ab,{{%SESSION_ID%},Chrome,,,,,,,,,,,,,,,,,,,,,,,,,,,,,,-1.0,,,,,,,,6.0,,,,,,,,,conditions/conds_128.csv,0.0,1.0,,,,,,,,,2129.0778,2132.1611,"[0.003000000000156433,0.01650000000017826,0.03500000000030923,0.05009999996445913,0.06669999998803178,0.08330000001205917,0.09999999999990905,0.11639999997623818,0.13330000001224107,0.15000000000009095,0.1665000000002692,0.18299999999999272,0.2005999999641972,0.21639999997614723,0.23339999997642735,0.24989999997615087,0.2673000000118009,0.28319999998802814,0.2996999999882064,0.3173000000119828,0.33389999997643827,0.34950000000026193,0.3665000000000873,0.38319999998839194,0.3998999999762418,0.4165000000002692,0.4333000000119682,0.44969999998829735,0.46649999999999636,0.48309999996445185,0.4996999999880245,0.5165000000001783,0.533099999964179,0.5498000000120555,0.5663999999760563,0.5830999999643609,0.5998999999760599,0.6165000000000873,0.6330999999645428,0.6498999999762418,0.6665000000002692,0.6831999999881191,0.6998999999764237,0.7164999999999964,0.7333000000121501,0.7498000000118736,0.7665000000001783,0.783099999964179,0.7998000000120555,0.8163999999760563,0.83319999998821,0.8498000000122374,0.8665999999643645,0.8831999999883919,0.8998000000119646,0.9165000000002692,0.9331999999881191,0.9498999999764237,0.9664999999999964,0.9830999999644519,0.9998000000118736,1.0166999999883046,1.0335999999642809,1.0495999999643573,1.0664999999999054,1.083099999964361,1.0998000000122374,1.1165999999643645,1.133199999988392,1.1496999999881155,1.1665000000002692,1.18309999996427,1.1998000000121465,1.2170999999643755,1.233800000012252,1.2498000000118736,1.2673000000118009,1.283099999964179,1.2998999999763328,1.3164999999999054,1.333099999964361,1.3505999999642881,1.3665000000000873,1.3834999999999127,1.3998000000119646,1.4170999999641936,1.4333000000119682,1.4496999999882973,1.4664999999999964,1.483199999988301,1.4998000000118736,1.5165000000001783,1.5331999999880281,1.5496999999882064,1.5663999999760563,1.5830000000000837,1.5998000000122374,1.6171999999883155,1.6340000000000146,1.6505000000001928,1.66639999997642,1.683199999988119,1.6996999999882973,1.7163999999761472,1.7330999999644519,1.75,1.7665000000001783,1.783099999964179,1.7996999999882064,1.8164999999999054,1.8328999999762345,1.84989999997606,1.86689999997634,1.8838000000118882,1.8996999999881155,1.9165000000002692,1.93309999996427,1.9498000000121465,1.9663999999761472,1.9833000000121501,1.9998000000118736,2.016399999976329,2.0328999999760526,2.0503999999764346,2.066899999976158,2.0838999999764383,2.1008000000119864,2.1170999999644664,2.1334999999999127,2.1498000000119646,2.166899999976067,2.1828999999761436,2.1996999999882973,2.2170999999643755,2.2333999999764274,2.2498000000118736,2.2665000000001783,2.2833000000118773,2.2998000000120555,2.3163999999760563,2.3328999999762345,2.3498000000122374,2.3665000000000873,2.383800000011888,2.402300000012019,2.41639999997642,2.43309999996427,2.450000000000273,2.4670000000000982,2.4835000000002765,2.499899999976151,2.5165000000001783,2.533099999964179,2.5498000000120555,2.566300000012234,2.583099999964361,2.5998000000122374,2.616399999976238,2.633800000011888,2.649899999976242,2.666500000000269,2.68309999996427,2.6996999999882973,2.7163999999761472,2.733099999964452,2.7496999999880245,2.7665999999644555,2.783099999964179,2.7996999999882064,2.8163999999760563,2.8328999999762345,2.84989999997606,2.866399999976238,2.8828999999764164,2.899499999999989,2.916300000012143,2.933699999988221,2.9496999999882973,2.9663999999761472,2.983099999964452,2.9998000000118736,3.0165000000001783,3.0340999999643827,3.0498999999763328,3.0663999999760563,3.083099999964361]",0.016649189,0.000500283,186.0,left,1.0,,,,,,1.0,0.0,8.0,0.5,1.898992668,1.0,1.280012727,-0.549334167,51.0,-0.000872665,0.388957543,0.039197552,0.074659583,0.215725836,5.0,1.946847827,0.683175994,91.0,0.001745329,0.420659204,0.046109782,0.086244352,0.261967492,5.0,1.903775001,0.617812204,20.0,0.004363323,0.367239871,0.029881231,0.073743484,0.121468441,4.0,2.427770373,0.989771271,50.0,-0.003490659,0.388365859,0.031859869,0.061653869,0.235670302,6.0,1.558676761,-0.024236758,46.0,-8.92894e-14,0.385892478,0.022689461,0.062794509,0.135276835,6.0,0.773002237,-0.999692698,21.0,-0.010471976,0.368150016,0.035450396,0.075174448,0.223969416,6.0,3.05033846,0.181496868,61.0,-0.004363323,0.394911895,0.035957651,0.088187679,0.159307843,4.0,2.356345404,0.999999954,57.0,0.007853982,0.392441245,0.040602447,0.07130778,0.218867016,4.0,0.0,0.0,0.0,0.0,0.0,0.0,0.0,0.0,0.0,0.0,0.0,0.0,0.0,0.0,0.0,0.0,0.0,0.0,0.0,0.0,0.0,0.0,0.0,0.0,0.0,0.0,0.0,0.0,0.0,0.0,0.0,0.0,0.0,0.0,0.0,0.0,,,,,,,0.5669,,0.0,8.0,8.0,8.0,1.0,,,,,,,,,,,,,,,,,,,,,,,,,,,,0
S070,2,2024-11-21_13h14.36.924,MotivatedInference,2024.1.5,Win32,60.24096386,668be8e87e83611e680fb3ab,{{%SESSION_ID%},Chrome,,,,,,,,,,,,,,,,,,,,,,,,,,,,,,-1.0,,,,,,,,9.0,,,,,,,,,conditions/conds_128.csv,0.0,1.0,,,,,,,,,2133.728,2138.2116,"[0.004399999976158142,0.016300000012051896,0.032999999999901775,0.05030000001170265,0.06619999998792991,0.08350000000018554,0.09949999999980719,0.11619999998811181,0.13280000001168446,0.14969999998811545,0.16610000002401648,0.1828999999761436,0.19950000000017099,0.21619999998802086,0.23300000000017462,0.249399999976049,0.26610000002392553,0.28289999997605264,0.29950000000008004,0.3161999999879299,0.33289999997623454,0.3496000000236563,0.3661999999881118,0.3826999999878353,0.3994999999999891,0.41619999998783896,0.4328999999761436,0.449500000000171,0.46630000001187,0.4828999999763255,0.4996999999880245,0.5161000000239255,0.5328999999760526,0.54950000000008,0.5661999999879299,0.5828999999762345,0.5994999999998072,0.6161000000238346,0.6328999999759617,0.6496999999881155,0.666199999987839,0.6828999999761436,0.6993999999763219,0.7161999999880209,0.7328999999763255,0.7494999999998981,0.7668999999759762,0.7828999999760526,0.8006999999879554,0.8168999999761581,0.8328999999762345,0.8496000000236563,0.8663999999762382,0.8828999999759617,0.8996000000238382,0.9161000000240165,0.9328999999761436,0.9501999999879445,0.9668999999762491,0.9836999999879481,0.999399999976049,1.0161999999882028,1.0328000000117754,1.0498000000120555,1.06619999998793,1.0830000000000837,1.0994999999998072,1.1161999999881118,1.1328000000116845,1.149499999999989,1.1661000000240165,1.1828999999761436,1.1993999999763219,1.21630000001187,1.2328999999763255,1.2503999999762527,1.2661000000239255,1.2828999999760526,1.29950000000008,1.31619999998793,1.3328000000119573,1.3496000000236563,1.3661999999881118,1.3828999999759617,1.39939999997614,1.4160000000001673,1.4328999999761436,1.449500000000171,1.4661999999880209,1.4834999999998217,1.5001999999881264,1.516800000011699,1.5329999999999018,1.54950000000008,1.5670000000000073,1.5828999999762345,1.5994999999998072,1.6171000000235836,1.6328000000116845,1.6496000000238382,1.6664999999998145,1.6828999999761436,1.6993000000120446,1.7161000000237436,1.733699999987948,1.7494999999998981,1.7661999999882028,1.7828999999760526,1.79950000000008,1.816800000011881,1.8328000000119573,1.8494999999998072,1.8661999999881118,1.8828999999759617,1.8996000000238382,1.916199999987839,1.9328000000118664,1.9496999999878426,1.9666999999881227,1.9831000000240238,1.9996000000237473,2.0160000000000764,2.032600000023649,2.04950000000008,2.06619999998793,2.0828000000119573,2.099499999999807,2.1161000000238346,2.1328000000116845,2.149499999999989,2.1661000000240165,2.1828000000118664,2.19960000002402,2.216199999988021,2.233600000023671,2.250500000000102,2.266800000011699,2.2828000000117754,2.2996999999882064,2.31619999998793,2.3336000000240347,2.34989999997606,2.366199999988112,2.3826999999878353,2.399499999999989,2.416199999987839,2.4328999999761436,2.449500000000171,2.466199999988021,2.4828000000120483,2.4996000000237473,2.5161999999882028,2.5328000000117754,2.54950000000008,2.56619999998793,2.5828000000119573,2.5996999999879336,2.616199999988112,2.6328999999759617,2.649499999999989,2.666199999987839,2.6829999999999927,2.699500000000171,2.715800000011768,2.7328000000120483,2.7496000000237473,2.7661999999882028,2.7829999999999018,2.79950000000008,2.816800000011881,2.8328999999762345,2.849300000011681,2.866199999988112,2.8828999999759617,2.9003000000120664,2.916300000011688,2.9328000000118664,2.949500000000171,2.9671999999882246,2.9828000000120483,2.999399999976049,3.0161999999882028,3.0328000000117754,3.04950000000008,3.06619999998793,3.082699999988108,3.099499999999807,3.1161000000238346,3.1328000000116845,3.149600000023838,3.166199999987839,3.1828999999761436,3.199500000000171,3.216199999988021,3.2328000000120483,3.2503000000119755,3.2661999999882028,3.2828000000117754,3.29950000000008,3.3161000000236527,3.33319999998821,3.34989999997606,3.366199999988112,3.382600000024013,3.399499999999989,3.4161000000240165,3.4328999999761436,3.449399999976322,3.466800000011972,3.4828999999763255,3.499499999999898,3.5161000000239255,3.5336000000238528,3.54950000000008,3.5659999999998035,3.5828999999762345,3.599399999975958,3.616199999988112,3.632999999999811,3.649499999999989,3.6661000000240165,3.6828999999761436,3.699500000000171,3.7161000000237436,3.7333999999759726,3.750100000023849,3.7661000000239255,3.7828000000117754,3.799399999976231,3.81619999998793,3.8333999999763364,3.850500000000011,3.866199999988112,3.8828000000116845,3.89939999997614,3.9161000000240165,3.9329999999999927,3.9501999999879445,3.966199999988021,3.9828000000120483,3.999499999999898,4.016199999988203,4.033899999976256,4.049699999988206,4.06619999998793,4.082600000023831,4.099399999975958,4.116100000023835,4.1328000000116845,4.149600000023838,4.1661000000240165,4.182800000011866,4.199500000000171,4.217000000000098,4.233600000023671,4.250199999988126,4.266199999988203,4.282800000011775,4.29950000000008,4.316100000023653,4.332800000011957,4.349499999999807,4.3659999999999854,4.383300000011786,4.399800000011965,4.4161000000240165,4.432699999988017,4.449500000000171,4.466100000023744,4.483399999975973]",0.016650558,0.000458916,270.0,left,1.0,,,,,,1.0,0.0,12.0,0.5,0.682470642,1.0,1.11569698,-0.789625672,22.0,-0.006108652,0.369173441,0.034771665,0.081264392,0.215269419,6.0,1.124576875,-0.77860451,89.0,0.014835299,0.418022232,0.039220845,0.067729576,0.134251055,3.0,1.715887121,0.286126226,16.0,0.017453293,0.363466057,0.031192723,0.069909496,0.180964939,5.0,3.064336852,0.15389754,82.0,0.004363323,0.410673221,0.022643594,0.062174001,0.106425045,4.0,1.686092758,0.228554733,84.0,-0.002617994,0.412727296,0.032139903,0.078825818,0.191863964,5.0,2.419722931,0.991939127,81.0,-0.006981317,0.409724184,0.034267936,0.062711279,0.215248408,5.0,1.528524522,-0.084442931,98.0,-0.003490659,0.436582054,0.033239272,0.083554428,0.196244723,5.0,2.720387403,0.746249875,14.0,-0.004363323,0.361562951,0.033827978,0.08680928,0.200727788,5.0,0.507762529,-0.849757466,13.0,0.012217305,0.36034398,0.040523863,0.087309629,0.214125832,4.0,2.284850301,0.989837274,95.0,-0.003490659,0.427246221,0.028411926,0.064304978,0.203029515,6.0,3.03006893,0.221202602,38.0,-0.004363323,0.380540373,0.035789754,0.080850361,0.267900983,7.0,0.223857099,-0.432906155,48.0,-0.013089969,0.387063294,0.032293316,0.069877675,0.198684878,5.0,,,,,,,0.6328,,0.0,9.0,9.0,9.0,1.0,,,,,,,,,,,,,,,,,,,,,,,,,,,,0
S070,2,2024-11-21_13h14.36.924,MotivatedInference,2024.1.5,Win32,60.24096386,668be8e87e83611e680fb3ab,{{%SESSION_ID%},Chrome,,,,,,,,,,,,,,,,,,,,,,,,,,,,,,-1.0,,,,,,,,3.0,,,,,,,,,conditions/conds_128.csv,0.0,1.0,,,,,,,,,2139.8611,2141.6111,"[0.0019999999999527063,0.016399999976329127,0.033099999964179005,0.0496999999882064,0.06650000000036016,0.08300000000008367,0.10050000000001091,0.11639999997623818,0.13300000000026557,0.1505000000001928,0.16639999997642008,0.18299999999999272,0.19969999998829735,0.21639999997614723,0.23300000000017462,0.2496999999880245,0.26629999995248,0.2830000000003565,0.3000000000001819,0.3162999999526619,0.33289999997623454,0.3505000000000109,0.36629999995238904,0.3830999999645428,0.40059999996447004,0.4170000000003711,0.4329999999999927,0.44969999998829735,0.4662999999522981,0.4828999999763255,0.5003999999762527,0.5163999999763291,0.5340000000001055,0.5497999999524836,0.5665000000003602,0.5837999999525891,0.5998999999765147,0.6170000000001892,0.6330000000002656,0.64939999997614,0.6663999999764201,0.68309999996427,0.6996999999882973,0.7163999999761472,0.7330999999644519,0.7497999999523017,0.7663999999763291,0.783099999964179,0.7996999999882064,0.816399999976511,0.8330999999643609,0.8496999999883883,0.8663999999762382,0.8830999999645428,0.8995999999642663,0.9160999999644446,0.9340000000001965,0.9495999999644482,0.9662999999522981,0.9830000000001746,0.9996999999880245,1.0160000000000764,1.0330000000003565,1.0497999999524836,1.066399999976511,1.083099999964361,1.0996999999883883,1.1163999999762382,1.1330999999645428,1.1496999999881155,1.16639999997642,1.18309999996427,1.1996999999882973,1.2163999999761472,1.2330999999644519,1.2495999999641754,1.2673999999765329,1.2830000000003565,1.2998999999763328,1.316299999952662,1.3330000000000837,1.3493999999764128,1.3671999999883155,1.3830999999645428,1.3996999999881155,1.416299999952571,1.4329999999999927,1.4496999999882973,1.466299999952298,1.4830999999644519,1.4995999999641754,1.5163999999763291,1.5330000000003565,1.550599999964561,1.566399999976511,1.5830000000000837,1.5995999999645392,1.6172999999525928,1.633199999988392,1.6495999999642663,1.666299999952571,1.6829999999999927,1.6995999999644482,1.7163999999761472,1.7330000000001746,1.7497999999523017]",0.016645714,0.000499338,106.0,left,1.0,,,,,,2.0,0.0,4.0,0.5,-0.398006442,-1.0,2.439994869,0.985987839,56.0,0.002617994,0.391878159,0.037400891,0.06461151,0.256914973,6.0,0.956863109,-0.94177354,9.0,0.01134464,0.355140301,0.038458273,0.073668072,0.274720221,7.0,1.531642412,-0.078227822,48.0,-0.013089969,0.387063294,0.032293316,0.069877675,0.198684878,5.0,0.186275662,-0.363992921,50.0,-0.003490659,0.388365859,0.031859869,0.061653869,0.235670302,6.0,0.0,0.0,0.0,0.0,0.0,0.0,0.0,0.0,0.0,0.0,0.0,0.0,0.0,0.0,0.0,0.0,0.0,0.0,0.0,0.0,0.0,0.0,0.0,0.0,0.0,0.0,0.0,0.0,0.0,0.0,0.0,0.0,0.0,0.0,0.0,0.0,0.0,0.0,0.0,0.0,0.0,0.0,0.0,0.0,0.0,0.0,0.0,0.0,0.0,0.0,0.0,0.0,0.0,0.0,0.0,0.0,0.0,0.0,0.0,0.0,0.0,0.0,0.0,0.0,0.0,0.0,0.0,0.0,0.0,0.0,0.0,0.0,,,,,,,1.0005,,0.0,10.0,10.0,10.0,1.0,,,,,,,,,,,,,,,,,,,,,,,,,,,,0
S070,2,2024-11-21_13h14.36.924,MotivatedInference,2024.1.5,Win32,60.24096386,668be8e87e83611e680fb3ab,{{%SESSION_ID%},Chrome,,,,,,,,,,,,,,,,,,,,,,,,,,,,,,-1.0,,,,,,,,8.0,,,,,,,,,conditions/conds_128.csv,0.0,1.0,,,,,,,,,2143.6113,2146.7442,"[0.003000000000156433,0.016199999988202762,0.03289999997605264,0.0493999999762309,0.06619999998838466,0.08289999997623454,0.09950000000026193,0.11619999998811181,0.1328000000121392,0.14939999997613995,0.1661999999882937,0.1835000000000946,0.19980000001214648,0.21609999996417173,0.2335000000002765,0.249399999976049,0.26609999996435363,0.2823999999764055,0.29950000000008004,0.31619999998838466,0.3328000000119573,0.34950000000026193,0.3661999999881118,0.3828000000121392,0.3994999999999891,0.4168999999760672,0.4326999999880172,0.449500000000171,0.46619999998802086,0.48280000001204826,0.49949999999989814,0.5160999999643536,0.5328000000122302,0.5501999999883083,0.5661999999883847,0.5833000000120592,0.5993999999764128,0.6161999999881118,0.6328999999764164,0.6501999999882173,0.6661999999882937,0.6828000000118664,0.6998000000121465,0.7160999999641717,0.7328000000120483,0.7494999999998981,0.7660000000000764,0.7828000000122302,0.79950000000008,0.8161999999883847,0.8326999999881082,0.8500999999641863,0.8661999999881118,0.8825000000001637,0.8995999999642663,0.9163999999764201,0.9326999999880172,0.9493999999763219,0.9661999999880209,0.98259999996435,0.999399999976049,1.0160999999643536,1.0328000000122302,1.04950000000008,1.0660999999645355,1.0828999999762345,1.099500000000262,1.1161999999881118,1.1328000000121392,1.14939999997614,1.1660999999644446,1.1828000000118664,1.1993999999763219,1.21630000001187,1.2326999999881991,1.2494999999998981,1.265699999988101,1.2823999999764055,1.3001999999883083,1.3163000000122338,1.3335000000001855,1.3493999999764128,1.3660999999642627,1.382599999964441,1.39939999997614,1.4163000000121428,1.432599999964168,1.449500000000171,1.4660999999641717,1.4826999999881991,1.4994999999998981,1.516300000012052,1.5329999999999018,1.54950000000008,1.5660999999645355,1.5828000000119573,1.6003000000118845,1.6161999999881118,1.63269999998829,1.6493000000118627,1.6660000000001673,1.6828000000118664,1.699500000000171,1.7161999999880209,1.7326999999881991,1.749399999976049,1.7660999999643536,1.7828000000122302,1.7995999999643573,1.8160999999645355,1.8326999999881082,1.849500000000262,1.8659999999999854,1.8828000000121392,1.8993000000118627,1.9160999999644446,1.9326999999880172,1.9493999999763219,1.9660999999641717,1.9835000000002765,2.0003000000119755,2.0160999999643536,2.03280000001223,2.049399999976231,2.0660999999645355,2.083300000012059,2.099399999976413,2.1158999999761363,2.132800000012139,2.1493000000118627,2.165899999976318,2.1838999999763473,2.199500000000171,2.2159999999998945,2.2323999999762236,2.249399999976049,2.2660999999643536,2.28280000001223,2.299399999976231,2.3161999999883847,2.3328000000119573,2.349399999976413,2.366199999988112,2.382800000012139,2.39939999997614,2.4160999999644446,2.4333000000119682,2.452199999988352,2.466199999988021,2.4828000000120483,2.4993000000122265,2.5160000000000764,2.5328999999760526,2.54950000000008,2.5660999999645355,2.5835000000001855,2.6008999999762636,2.6160999999642627,2.632800000012139,2.64939999997614,2.6661999999882937,2.6828000000118664,2.699500000000171,2.7159999999998945,2.7335999999645537,2.7503999999762527,2.7660999999643536,2.7835000000000036,2.7995999999643573,2.8160000000002583,2.832499999999982,2.8501999999880354,2.8660999999642627,2.882599999964441,2.8990999999641645,2.9161999999882937,2.9328000000118664,2.949399999976322,2.966199999988021,2.982699999988199,3.000500000000102,3.0160999999643536,3.03280000001223,3.04950000000008,3.0660999999645355,3.0833999999763364,3.1001999999880354,3.1160999999642627,3.13269999998829]",0.01664734,0.000533698,189.0,right,1.0,,,,,,2.0,0.0,8.0,0.5,0.232991883,1.0,0.440703059,-0.771634026,26.0,-8.92894e-14,0.37233788,0.03804093,0.07765862,0.260457405,6.0,0.043309141,-0.086510011,9.0,0.01134464,0.355140301,0.038458273,0.073668072,0.274720221,7.0,1.93229913,0.661641322,90.0,-0.005235988,0.41932645,0.033694537,0.059919896,0.18718849,4.0,2.472575481,0.973033012,6.0,-0.001745329,0.3497664,0.039524515,0.103278094,0.256513403,7.0,0.545364852,-0.886964156,67.0,0.000872665,0.398829923,0.040120187,0.066830121,0.198372452,4.0,0.867047133,-0.986696494,95.0,-0.003490659,0.427246221,0.028411926,0.064304978,0.203029515,6.0,2.339008675,0.999409354,80.0,0.000872665,0.408817555,0.034279956,0.069360427,0.160822937,4.0,1.739325757,0.330712881,41.0,0.013089969,0.382506884,0.032100804,0.075836611,0.218324429,6.0,0.0,0.0,0.0,0.0,0.0,0.0,0.0,0.0,0.0,0.0,0.0,0.0,0.0,0.0,0.0,0.0,0.0,0.0,0.0,0.0,0.0,0.0,0.0,0.0,0.0,0.0,0.0,0.0,0.0,0.0,0.0,0.0,0.0,0.0,0.0,0.0,,,,,,,0.6849,,0.0,11.0,11.0,11.0,1.0,,,,,,,,,,,,,,,,,,,,,,,,,,,,0
S070,2,2024-11-21_13h14.36.924,MotivatedInference,2024.1.5,Win32,60.24096386,668be8e87e83611e680fb3ab,{{%SESSION_ID%},Chrome,,,,,,,,,,,,,,,,,,,,,,,,,,,,,,1.0,,,,,,,,2.0,,,,,,,,,conditions/conds_128.csv,0.0,1.0,,,,,,,,,2149.6818,2151.3972,"[0.0016999999879772076,0.01639999997587438,0.028899999976147228,0.049399999975776154,0.06299999999964712,0.08289999997577979,0.09580000001187727,0.11719999998786079,0.12919999998803178,0.1505999999640153,0.16639999997596533,0.18359999996391707,0.1963000000118882,0.2170999999639207,0.2336999999879481,0.24630000001161534,0.2658999999757725,0.2798999999758962,0.29889999997612904,0.3164999999999054,0.3298999999760781,0.3454999999999018,0.36680000001160806,0.3791999999880318,0.39969999998811545,0.41249999999990905,0.42889999997578343,0.44919999998774074,0.46299999999973807,0.4833000000116954,0.4953999999761436,0.5168999999759762,0.5294999999996435,0.548899999976129,0.5668000000118809,0.5795999999641026,0.598800000011579,0.6128999999759799,0.6326999999878353,0.6459999999997308,0.6664999999998145,0.6791999999877589,0.7006999999880463,0.7123999999757871,0.733599999964099,0.74559999996427,0.7628999999760708,0.779800000011619,0.7958000000116954,0.8173000000119828,0.8303000000119027,0.845599999964179,0.8661999999881118,0.8823999999758598,0.8954999999996289,0.9154999999996107,0.9293000000116081,0.9495999999639935,0.9621999999881155,0.978699999987839,0.99559999996427,1.01509999996415,1.03369999998813,1.0454999999997199,1.0620999999641754,1.0788999999758744,1.0954999999999018,1.1171999999878608,1.1293999999761581,1.1500999999639134,1.163000000000011,1.1833000000119682,1.195599999964088,1.2121999999881155,1.228800000011688,1.2463000000116153,1.2663999999758744,1.2796999999877698,1.2993999999757762,1.3130999999639243,1.3321999999880063,1.347199999987879,1.3663999999757834,1.3821999999877335,1.395499999999629,1.4120999999640844,1.4336999999877662,1.4456999999879372,1.4620999999642663,1.4838999999760745,1.4961999999877662,1.5148999999760235,1.5296999999877698,1.5483999999760272,1.5621999999880245,1.5788000000115971,1.5954999999999018,1.6163999999757834,1.6295999999642845,1.6485999999640626,1.6628999999761618,1.6823000000117645,1.6954999999998108,1.7151999999878171]",0.016635922,0.003231004,104.0,left,0.0,,,,,,1.0,0.0,4.0,0.5,-0.081331991,-1.0,2.804830469,0.623744602,33.0,-0.006108652,0.377230834,0.032847101,0.067598606,0.249691544,6.0,1.912086541,0.630797398,41.0,0.013089969,0.382506884,0.032100804,0.075836611,0.218324429,6.0,1.284647173,-0.541565569,29.0,-0.000872665,0.374372435,0.035828607,0.080766738,0.158410304,4.0,1.111862147,-0.794308422,42.0,0.010471976,0.383208229,0.034272345,0.075051408,0.167478928,5.0,0.0,0.0,0.0,0.0,0.0,0.0,0.0,0.0,0.0,0.0,0.0,0.0,0.0,0.0,0.0,0.0,0.0,0.0,0.0,0.0,0.0,0.0,0.0,0.0,0.0,0.0,0.0,0.0,0.0,0.0,0.0,0.0,0.0,0.0,0.0,0.0,0.0,0.0,0.0,0.0,0.0,0.0,0.0,0.0,0.0,0.0,0.0,0.0,0.0,0.0,0.0,0.0,0.0,0.0,0.0,0.0,0.0,0.0,0.0,0.0,0.0,0.0,0.0,0.0,0.0,0.0,0.0,0.0,0.0,0.0,0.0,0.0,,,,,,,0.5838,,0.0,12.0,12.0,12.0,1.0,,,,,,,,,,,,,,,,,,,,,,,,,,,,0
S070,2,2024-11-21_13h14.36.924,MotivatedInference,2024.1.5,Win32,60.24096386,668be8e87e83611e680fb3ab,{{%SESSION_ID%},Chrome,,,,,,,,,,,,,,,,,,,,,,,,,,,,,,1.0,,,,,,,,1.0,,,,,,,,,conditions/conds_128.csv,0.0,1.0,,,,,,,,,2152.9777,2154.6941,"[0.0024000000357773388,0.016300000012051896,0.032900000035624544,0.04960000002392917,0.06619999998792991,0.08290000003580644,0.10030000001188455,0.11700000000018917,0.13369999998803905,0.1505000000001928,0.1661999999882937,0.1829000000357155,0.1999999999998181,0.21680000001197186,0.2349000000358501,0.24949999999989814,0.2669000000360029,0.2831000000237509,0.29990000003590467,0.3161999999879299,0.3326999999881082,0.3494000000359847,0.36599999999998545,0.3828000000121392,0.4001999999882173,0.41680000001178996,0.43369999998822095,0.45010000002366723,0.466900000035821,0.4836999999879481,0.4996999999880245,0.5169000000360029,0.5329999999999018,0.5491000000238273,0.566300000011779,0.5829000000358064,0.5994000000359847,0.616300000011961,0.6329000000359883,0.6494999999999891,0.6661999999882937,0.6828000000118664,0.7001999999879445,0.7161999999880209,0.7329000000358974,0.7505000000001019,0.7661999999882028,0.7829000000356245,0.7996000000239292,0.8161999999879299,0.8333000000120592,0.8494000000359847,0.8661000000238346,0.8829000000359883,0.8996000000238382,0.9161000000240165,0.9329999999999927,0.949500000000171,0.9670000000000982,0.9836999999879481,1.0003000000119755,1.0169999999998254,1.0329000000356245,1.04950000000008,1.0661000000236527,1.0828000000119573,1.0996999999879336,1.1171000000240383,1.1336000000237618,1.149499999999989,1.1661000000240165,1.1828000000118664,1.199500000000171,1.2161000000237436,1.2330000000001746,1.2493000000117718,1.2661999999882028,1.2836000000238528,1.2996000000239292,1.315800000012132,1.3329000000358064,1.3494999999998072,1.3661999999881118,1.3828000000121392,1.399499999999989,1.41680000001179,1.4328000000118664,1.4496000000240201,1.46630000001187,1.4829000000358974,1.5021000000238018,1.5161999999882028,1.5324999999998,1.54950000000008,1.5661000000236527,1.5824999999999818,1.5996000000236563,1.6161999999881118,1.6329999999998108,1.649499999999989,1.6661999999882937,1.6829000000357155,1.699500000000171,1.7161000000237436]",0.016637864,0.000631398,104.0,right,1.0,,,,,,1.0,0.0,4.0,0.5,2.636990621,-1.0,1.623144582,0.104505345,17.0,-0.004363323,0.364429878,0.03744875,0.082879054,0.20378895,5.0,2.290636296,0.991416554,91.0,0.001745329,0.420659204,0.046109782,0.086244352,0.261967492,5.0,1.919281791,0.641897973,65.0,0.000872665,0.397557211,0.028332609,0.059251996,0.151978572,5.0,2.582657253,0.899170748,48.0,-0.013089969,0.387063294,0.032293316,0.069877675,0.198684878,5.0,0.0,0.0,0.0,0.0,0.0,0.0,0.0,0.0,0.0,0.0,0.0,0.0,0.0,0.0,0.0,0.0,0.0,0.0,0.0,0.0,0.0,0.0,0.0,0.0,0.0,0.0,0.0,0.0,0.0,0.0,0.0,0.0,0.0,0.0,0.0,0.0,0.0,0.0,0.0,0.0,0.0,0.0,0.0,0.0,0.0,0.0,0.0,0.0,0.0,0.0,0.0,0.0,0.0,0.0,0.0,0.0,0.0,0.0,0.0,0.0,0.0,0.0,0.0,0.0,0.0,0.0,0.0,0.0,0.0,0.0,0.0,0.0,,,,,,,0.7315,,0.0,13.0,13.0,13.0,1.0,,,,,,,,,,,,,,,,,,,,,,,,,,,,0
S070,2,2024-11-21_13h14.36.924,MotivatedInference,2024.1.5,Win32,60.24096386,668be8e87e83611e680fb3ab,{{%SESSION_ID%},Chrome,,,,,,,,,,,,,,,,,,,,,,,,,,,,,,1.0,,,,,,,,12.0,,,,,,,,,conditions/conds_128.csv,0.0,1.0,,,,,,,,,2156.4289,2160.8776,"[0.004100000023754546,0.01670000004742178,0.031600000023900066,0.04820000004747271,0.06490000003577734,0.08130000001165172,0.09830000001193184,0.11480000001165536,0.13170000004765825,0.148300000011659,0.16499999999996362,0.18210000002363813,0.1983000000118409,0.21500000000014552,0.23240000003579553,0.2491000000236454,0.26499999999987267,0.2824000000355227,0.29920000004767644,0.31500000000005457,0.33170000004747635,0.34860000002390734,0.3649000000355045,0.3816000000238091,0.39800000000013824,0.41570000004776375,0.43190000003551177,0.44849999999996726,0.4650000000001455,0.4817000000475673,0.49820000004774556,0.5149000000355954,0.5316000000239001,0.5483000000117499,0.5659000000355263,0.5814999999997781,0.5983000000119318,0.6151000000236309,0.63149999999996,0.6492000000475855,0.6657000000477638,0.6823000000117645,0.6982000000475637,0.7148000000120192,0.731499999999869,0.7483000000120228,0.7649000000355954,0.7815000000000509,0.7991000000238273,0.8159000000355263,0.8316000000236272,0.8483000000119318,0.8649999999997817,0.8817000000476582,0.8982000000478365,0.9149000000356864,0.9315000000001419,0.9482000000475637,0.9651000000239947,0.98210000002382,0.9982000000477456,1.0149000000355954,1.0312000000476473,1.0482000000474727,1.0649000000357773,1.0816000000236272,1.0982000000476546,1.1149999999997817,1.1316000000238091,1.1488000000117609,1.1649000000356864,1.181600000023991,1.198300000011841,1.2149000000358683,1.2317000000475673,1.2491000000236454,1.2649999999998727,1.2819000000358756,1.2982000000474727,1.3150000000000546,1.3316000000236272,1.3482000000476546,1.3649999999997817,1.382100000023911,1.398300000011659,1.4149999999999636,1.431600000023991,1.448300000011841,1.4649000000358683,1.4814000000355918,1.498400000035872,1.5149999999998727,1.5324000000355227,1.5496000000239292,1.5649000000357773,1.5816000000236272,1.5982000000476546,1.616300000011961,1.6316000000238091,1.6482000000478365,1.6648000000118373,1.6814000000358647,1.6984999999999673,1.7149000000358683,1.731499999999869,1.7483000000120228,1.7649000000355954,1.7818000000120264,1.79830000001175,1.8149000000357773,1.8316000000236272,1.848400000035781,1.8649999999997817,1.882100000023911,1.8991000000237364,1.9148000000118373,1.9317000000478401,1.9482000000475637,1.9648000000120192,1.9816000000237182,1.9981000000238964,2.0149999999998727,2.0316000000239,2.0482000000474727,2.064800000011928,2.081499999999778,2.0982000000476546,2.1149000000355045,2.131600000023809,2.1491000000237364,2.1649000000356864,2.18260000002374,2.198300000011841,2.2149000000358683,2.231600000023718,2.248300000012023,2.2648000000117463,2.2824000000355227,2.298400000035599,2.3159000000355263,2.3319000000356027,2.3482000000476546,2.3649000000355045,2.3814000000356828,2.3982000000478365,2.4149000000356864,2.431600000023991,2.4482000000475637,2.4650000000001455,2.481499999999869,2.4982000000477456,2.5149000000355954,2.5316000000239,2.54830000001175,2.5655000000001564,2.581499999999778,2.5982000000476546,2.6149000000355045,2.6323000000120373,2.6493000000118627,2.6649000000356864,2.681600000023991,2.6982000000475637,2.7151000000239947,2.731600000023718,2.748300000012023,2.7649000000355954,2.781500000000051,2.79830000001175,2.8149000000357773,2.831600000023627,2.84900000000016,2.8649000000355045,2.881600000023809,2.898300000011659,2.9149000000356864,2.9324000000356136,2.9491000000239183,2.9649000000358683,2.981499999999869,2.9982000000477456,3.015700000047673,3.031700000047749,3.048800000011852,3.06690000003573,3.0813000000116517,3.0982000000476546,3.1148000000116554,3.1317000000476582,3.148300000011659,3.1649000000356864,3.181600000023991,3.1982000000475637,3.2149000000358683,3.231600000023718,3.248300000012023,3.2649000000355954,3.2823000000116735,3.298999999999978,3.314800000011928,3.3317000000474764,3.3482000000476546,3.3648000000116554,3.3812000000475564,3.3982000000478365,3.4149999999999636,3.431500000000142,3.4482000000475637,3.4649000000358683,3.481600000023718,3.49880000001167,3.5149000000355954,3.531500000000051,3.54830000001175,3.5657000000478547,3.5817000000474764,3.5988000000120337,3.6149000000355045,3.632000000000062,3.6493000000118627,3.6649000000356864,3.681600000023991,3.6982000000475637,3.7149000000358683,3.731499999999869,3.7482000000477456,3.7649000000355954,3.7816000000239,3.7982000000474727,3.8149000000357773,3.831499999999778,3.84900000000016,3.8649999999997817,3.88149999999996,3.898300000011659,3.9149000000356864,3.931600000023991,3.9482000000475637,3.964800000012019,3.981499999999869,3.9986000000239983,4.015300000011848,4.0323000000116735,4.048800000011852,4.064800000011928,4.081499999999778,4.098200000047655,4.114800000011655,4.131700000047658,4.1482000000478365,4.164800000011837,4.181600000023991,4.198300000011841,4.214900000035868,4.231600000023718,4.248200000047746,4.264900000035595,4.282200000047851,4.299100000023827,4.314800000011928,4.331600000023627,4.348600000023907,4.364800000011655,4.38149999999996,4.398100000023987,4.41470000004756,4.432100000023638,4.448499999999967]",0.016645693,0.000518289,268.0,left,0.0,,,,,,2.0,0.0,12.0,0.5,-1.916914743,1.0,1.604704537,0.06776445,53.0,-0.003490659,0.390095866,0.043303837,0.083823939,0.349451294,6.0,0.702878211,-0.9864118,15.0,-0.006108652,0.362511679,0.045131456,0.089284594,0.250473103,5.0,0.858610328,-0.989299098,97.0,0.006981317,0.43254107,0.031598025,0.077611504,0.241207486,6.0,0.216322861,-0.419274212,87.0,0.006108652,0.415699595,0.038834066,0.066745096,0.25903141,5.0,0.579927075,-0.916744855,70.0,0.007853982,0.401012824,0.032375196,0.060909739,0.168550131,4.0,0.020517682,-0.041023848,97.0,0.006981317,0.43254107,0.031598025,0.077611504,0.241207486,6.0,2.091353146,0.862967439,54.0,-0.000872665,0.390632361,0.034931933,0.073298853,0.195852464,4.0,0.883423141,-0.980843683,70.0,0.007853982,0.401012824,0.032375196,0.060909739,0.168550131,4.0,1.642468299,0.142853555,39.0,-0.006981317,0.381053424,0.030288742,0.070264002,0.227413277,7.0,2.02919062,0.793651982,40.0,0.001745329,0.381763748,0.031902579,0.075140032,0.211660484,6.0,2.423067469,0.991069334,15.0,-0.006108652,0.362511679,0.045131456,0.089284594,0.250473103,5.0,0.228703976,-0.441624007,59.0,0.006981317,0.393731017,0.031135395,0.06163787,0.205460115,5.0,,,,,,,0.5336,,0.0,14.0,14.0,14.0,1.0,,,,,,,,,,,,,,,,,,,,,,,,,,,,0
S070,2,2024-11-21_13h14.36.924,MotivatedInference,2024.1.5,Win32,60.24096386,668be8e87e83611e680fb3ab,{{%SESSION_ID%},Chrome,,,,,,,,,,,,,,,,,,,,,,,,,,,,,,1.0,,,,,,,,6.0,,,,,,,,,conditions/conds_128.csv,0.0,1.0,,,,,,,,,2162.4111,2165.4779,"[0.003000000000156433,0.016000000000076398,0.03259999996407714,0.05029999995213075,0.06659999996418264,0.08259999996425904,0.09919999998783169,0.11589999997613631,0.1325999999639862,0.14929999995229082,0.1658999999763182,0.1825999999641681,0.19929999995247272,0.21589999997604536,0.23269999998819912,0.24919999998792264,0.2660000000000764,0.28259999996407714,0.29919999998810454,0.3166999999880318,0.3327999999523854,0.3492999999521089,0.36599999999998545,0.38229999995246544,0.3991999999880136,0.4158999999763182,0.4326999999880172,0.4492999999524727,0.46589999997604536,0.4830000000001746,0.49929999995219987,0.5158999999762273,0.5325999999640771,0.5500000000001819,0.5668999999761581,0.5826999999881082,0.5992999999521089,0.6159999999999854,0.6326999999878353,0.6491999999880136,0.6658999999763182,0.6826999999880172,0.699899999975969,0.7158999999760454,0.73259999996435,0.7492999999521999,0.7667999999521271,0.7835000000000036,0.7993999999762309,0.8159999999998035,0.8332999999524873,0.8491999999878317,0.8658999999761363,0.8825999999639862,0.8992999999522908,0.9160999999639898,0.9325999999641681,0.9492999999524727,0.9658999999760454,0.9833999999759726,0.9995999999641754,1.0160999999643536,1.0331999999880281,1.049399999976231,1.0666999999880318,1.0824999999999818,1.0997999999522108,1.1159999999999854,1.1328999999759617,1.1491999999880136,1.1660000000001673,1.182599999964168,1.1997999999521198,1.2158999999760454,1.23259999996435,1.2492999999521999,1.2660000000000764,1.2835000000000036,1.3000999999640044,1.3165999999641826,1.3324999999999818,1.349299999952109,1.3658999999761363,1.3825999999639862,1.3991999999880136,1.4158999999763182,1.432599999964168,1.4491999999881955,1.4659999999998945,1.48259999996435,1.4992999999521999,1.5158999999762273,1.5325999999640771,1.550000000000182,1.5658999999759544,1.582599999964259,1.5991999999878317,1.6159999999999854,1.6326999999878353,1.6491999999880136,1.6658999999763182,1.682599999964168,1.6996999999878426,1.7160999999641717,1.73259999996435,1.7492999999521999,1.7658999999762273,1.7825999999640771,1.7992999999523818,1.815599999963979,1.832599999964259,1.8491999999878317,1.8658999999761363,1.8826999999878353,1.8992999999522908,1.9193999999761218,1.9332999999523963,1.949899999975969,1.9658999999760454,1.9826999999881991,1.9996999999880245,2.0160000000000764,2.0332999999523054,2.0491999999881045,2.0657999999521053,2.082599999964259,2.0991999999878317,2.1158999999761363,2.132599999963986,2.149299999952291,2.16609999996399,2.1832999999523963,2.1996999999878426,2.2159999999998945,2.23259999996435,2.2491999999879226,2.2658999999762273,2.282599999964077,2.3000999999640044,2.3165999999641826,2.3328999999762345,2.3490999999639826,2.366199999988112,2.382599999963986,2.398899999976038,2.415799999952469,2.432599999964168,2.4491999999881955,2.4658999999760454,2.48259999996435,2.4992999999522,2.5158999999762273,2.5324999999998,2.5491999999881045,2.5658999999759544,2.582499999999982,2.5991999999878317,2.6166999999882137,2.633199999987937,2.6491999999880136,2.6660000000001673,2.6832999999523963,2.6995999999639935,2.7158999999760454,2.73259999996435,2.7489999999997963,2.7658999999762273,2.7832999999523054,2.7991999999881045,2.8158999999759544,2.832599999964259,2.849299999952109,2.8658999999761363,2.8825000000001637,2.899299999952291,2.915899999976318,2.932599999964168,2.9491999999881955,2.9658999999760454,2.9837999999522253,2.999499999999898,3.0160999999643536,3.0324999999998,3.0490999999642554,3.0664999999999054]",0.016649457,0.000560085,185.0,left,1.0,,,,,,1.0,0.0,8.0,0.5,1.898992668,1.0,1.280012727,-0.549334167,51.0,-0.000872665,0.388957543,0.039197552,0.074659583,0.215725836,5.0,1.946847827,0.683175994,91.0,0.001745329,0.420659204,0.046109782,0.086244352,0.261967492,5.0,1.903775001,0.617812204,20.0,0.004363323,0.367239871,0.029881231,0.073743484,0.121468441,4.0,2.427770373,0.989771271,50.0,-0.003490659,0.388365859,0.031859869,0.061653869,0.235670302,6.0,1.558676761,-0.024236758,46.0,-8.92894e-14,0.385892478,0.022689461,0.062794509,0.135276835,6.0,0.773002237,-0.999692698,21.0,-0.010471976,0.368150016,0.035450396,0.075174448,0.223969416,6.0,3.05033846,0.181496868,61.0,-0.004363323,0.394911895,0.035957651,0.088187679,0.159307843,4.0,2.356345404,0.999999954,57.0,0.007853982,0.392441245,0.040602447,0.07130778,0.218867016,4.0,0.0,0.0,0.0,0.0,0.0,0.0,0.0,0.0,0.0,0.0,0.0,0.0,0.0,0.0,0.0,0.0,0.0,0.0,0.0,0.0,0.0,0.0,0.0,0.0,0.0,0.0,0.0,0.0,0.0,0.0,0.0,0.0,0.0,0.0,0.0,0.0,,,,,,,0.7543,,0.0,15.0,15.0,15.0,1.0,,,,,,,,,,,,,,,,,,,,,,,,,,,,0
S070,2,2024-11-21_13h14.36.924,MotivatedInference,2024.1.5,Win32,60.24096386,668be8e87e83611e680fb3ab,{{%SESSION_ID%},Chrome,,,,,,,,,,,,,,,,,,,,,,,,,,,,,,1.0,,,,,,,,5.0,,,,,,,,,conditions/conds_128.csv,0.0,1.0,,,,,,,,,2167.244,2170.3771,"[0.002899999975852552,0.01630000001159715,0.032999999999901775,0.04960000002392917,0.06630000001177905,0.08300000000008367,0.09960000002365632,0.11639999997623818,0.13299999999981083,0.1503000000116117,0.16739999997616906,0.18310000002384186,0.20010000002366723,0.2188999999762018,0.23410000002377274,0.2503000000119755,0.26610000002392553,0.2829999999999018,0.29960000002392917,0.31630000001177905,0.33289999997623454,0.3496000000236563,0.36660000002393645,0.3828999999759617,0.3996000000238382,0.4163000000116881,0.4329999999999927,0.44960000002356537,0.46630000001187,0.4829999999997199,0.49960000002374727,0.5163000000115971,0.5333999999761545,0.5498000000116008,0.5661000000236527,0.5830000000000837,0.5993000000116808,0.616300000011961,0.6328999999759617,0.6496000000238382,0.6663999999759653,0.6828000000118664,0.6996000000235654,0.7163999999761472,0.7328999999758707,0.7496999999880245,0.7663000000115971,0.7829999999999018,0.7996000000239292,0.816300000011779,0.8330000000000837,0.8496999999879336,0.8666999999877589,0.8828999999759617,0.8994999999999891,0.9161000000235617,0.93260000002374,0.9496000000235654,0.96630000001187,0.9828999999758707,0.9996999999880245,1.0169999999998254,1.0328999999760526,1.0496000000239292,1.06619999998793,1.0830000000000837,1.0996000000236563,1.116300000011961,1.1329999999998108,1.1498000000119646,1.166300000011688,1.1829999999999927,1.2008000000118955,1.2161000000237436,1.2331999999878462,1.2494999999998981,1.266800000011699,1.2829999999999018,1.2991999999881045,1.3163999999760563,1.3333999999758817,1.3496999999879336,1.366300000011961,1.3828999999759617,1.3996000000238382,1.416199999987839,1.4328999999761436,1.4496000000235654,1.46630000001187,1.4828999999758707,1.4996000000237473,1.5163000000115971,1.5329999999999018,1.5496999999877517,1.56619999998793,1.5833999999758817,1.5996000000236563,1.616300000011961,1.6328999999759617,1.6496000000238382,1.666300000011688,1.6828999999761436,1.6996000000235654,1.7161999999880209,1.7336000000236709,1.7508000000116226,1.7663000000115971,1.7828999999760526,1.79950000000008,1.81619999998793,1.8328999999762345,1.849399999975958,1.8661999999881118,1.8833000000117863,1.90010000002394,1.9166000000236636,1.9333000000119682,1.9496000000235654,1.9661999999880209,1.983699999987948,1.9994999999998981,2.016199999987748,2.0329999999999018,2.049899999975878,2.066300000011779,2.0830000000000837,2.0996000000236563,2.116199999988112,2.132999999999811,2.15010000002394,2.167500000000018,2.183100000023842,2.1996999999878426,2.21630000001187,2.2328000000115935,2.2508999999759,2.266300000011597,2.2828999999760526,2.2993000000119537,2.316300000011779,2.3328999999762345,2.349499999999807,2.366300000011961,2.382999999999811,2.399600000023838,2.416199999987839,2.4328999999761436,2.4494999999997162,2.466199999988021,2.48299999999972,2.499899999976151,2.5161000000239255,2.5329999999999018,2.5496999999877517,2.5658999999759544,2.5828999999762345,2.5996000000236563,2.616199999988112,2.6328999999759617,2.649499999999989,2.6663999999759653,2.6829999999999927,2.6996000000235654,2.716199999988021,2.73299999999972,2.749499999999898,2.7660000000000764,2.7833999999761545,2.799600000023929,2.81619999998793,2.8328999999762345,2.8501999999880354,2.8666000000239364,2.8828999999759617,2.899600000023838,2.916300000011688,2.9333000000119682,2.9491999999881955,2.96630000001187,2.983699999987948,2.9998000000118736,3.016199999987748,3.0328999999760526,3.04950000000008,3.0666999999880318,3.083100000023933,3.1003000000118845,3.116699999987759,3.132999999999811]",0.016649468,0.000478417,189.0,right,1.0,,,,,,1.0,0.0,8.0,0.5,4.520220834,-1.0,2.979862265,0.317849763,36.0,0.002617994,0.379263044,0.03913601,0.077664539,0.168574417,3.0,2.672936462,0.805970062,70.0,0.007853982,0.401012824,0.032375196,0.060909739,0.168550131,4.0,3.075905189,0.130997348,96.0,0.002617994,0.429744758,0.028375272,0.064697354,0.217313714,7.0,2.595958358,0.887212906,47.0,-0.003490659,0.386485672,0.032547094,0.064121381,0.201087455,6.0,1.908634547,0.625425276,42.0,0.010471976,0.383208229,0.034272345,0.075051408,0.167478928,5.0,2.308964545,0.995541981,59.0,0.006981317,0.393731017,0.031135395,0.06163787,0.205460115,5.0,2.164766972,0.92760186,40.0,0.001745329,0.381763748,0.031902579,0.075140032,0.211660484,6.0,1.485189511,-0.170378361,12.0,0.006981317,0.359228273,0.039160557,0.080955667,0.284615847,7.0,0.0,0.0,0.0,0.0,0.0,0.0,0.0,0.0,0.0,0.0,0.0,0.0,0.0,0.0,0.0,0.0,0.0,0.0,0.0,0.0,0.0,0.0,0.0,0.0,0.0,0.0,0.0,0.0,0.0,0.0,0.0,0.0,0.0,0.0,0.0,0.0,,,,,,,0.536,,0.0,16.0,16.0,16.0,1.0,,,,,,,,,,,,,,,,,,,,,,,,,,,,0
S070,2,2024-11-21_13h14.36.924,MotivatedInference,2024.1.5,Win32,60.24096386,668be8e87e83611e680fb3ab,{{%SESSION_ID%},Chrome,,,,,,,,,,,,,,,,,,,,,,,,,,,,,,1.0,,,,,,,,7.0,,,,,,,,,conditions/conds_128.csv,0.0,1.0,,,,,,,,,2171.8944,2174.9775,"[0.0027000000477528374,0.015900000035799167,0.03250000000025466,0.04920000004767644,0.06650000000036016,0.0837000000478838,0.09920000004785834,0.11560000002418747,0.13240000003588648,0.14990000003581372,0.16600000000016735,0.1825000000003456,0.19910000002391826,0.21610000002419838,0.23240000003579553,0.2492000000479493,0.26580000001195003,0.2824000000359774,0.29990000003590467,0.31650000000036016,0.3324999999999818,0.3491000000240092,0.3658000000118591,0.3825000000001637,0.3999000000358137,0.41630000001214285,0.4327000000480439,0.4498000000121465,0.4661000000241984,0.48250000000007276,0.4992000000479493,0.5160000000000764,0.5325000000002547,0.5492000000476764,0.5665000000003602,0.5826000000238309,0.6000000000003638,0.6159999999999854,0.6325000000001637,0.6491000000241911,0.6666000000241183,0.6833000000119682,0.6994000000358938,0.7158000000122229,0.7324000000357955,0.7491000000241002,0.76580000001195,0.7825000000002547,0.7991000000238273,0.8158000000121319,0.8323000000118554,0.8492000000478583,0.8659000000357082,0.8824000000358865,0.8992000000480402,0.915800000012041,0.9328000000118664,0.9491000000239183,0.9658000000122229,0.9829000000358974,0.9995000000003529,1.0156000000238237,1.0325000000002547,1.0492000000476764,1.065800000012132,1.0824999999999818,1.0991000000240092,1.115800000011859,1.1325000000001637,1.149100000024191,1.165800000012041,1.1824000000360684,1.1992000000477674,1.2157000000479457,1.2325000000000728,1.2491000000241002,1.2665000000001783,1.2833000000118773,1.2991000000238273,1.3157000000478547,1.3324999999999818,1.3497000000479602,1.365800000011859,1.3825000000001637,1.3992000000480402,1.4154000000357883,1.4324000000360684,1.4491000000239183,1.4658000000122229,1.4824000000357955,1.4991000000241002,1.5157000000476728,1.5324000000359774,1.5491000000238273,1.565900000035981,1.583200000047782,1.5999000000360866,1.615800000011859,1.6324000000358865,1.6496000000238382,1.665800000012041,1.6825000000003456,1.6996000000240201,1.7158000000122229,1.7325000000000728,1.7492000000479493,1.76580000001195,1.7825000000002547,1.7991000000238273,1.815800000012132,1.8324000000357046,1.8491000000240092,1.865800000011859,1.8825000000001637,1.8999000000358137,1.915800000012041,1.933200000047691,1.9492000000477674,1.9657000000479457,1.9824000000357955,1.9991000000241002,2.015900000035799,2.0329000000360793,2.0498000000120555,2.0657000000478547,2.082100000024184,2.0992000000478583,2.1156000000241875,2.1329000000359883,2.149600000023838,2.165800000012041,2.1824000000360684,2.1991000000239183,2.215800000012223,2.2325000000000728,2.2491000000241,2.2654999999999745,2.2825000000002547,2.2991000000238273,2.3157000000478547,2.332499999999982,2.349100000024009,2.366300000011961,2.382700000047862,2.399400000035712,2.4160000000001673,2.4325000000003456,2.4491000000239183,2.465800000012223,2.4824000000357955,2.4991000000241,2.51580000001195,2.5324000000359774,2.548999999999978,2.56650000000036,2.5824000000357046,2.599100000024009,2.615800000011859,2.632600000024013,2.6499000000358137,2.6657000000477638,2.6828000000118664,2.6998000000121465,2.715800000012223,2.7325000000000728,2.749500000000353,2.76580000001195,2.7823000000121283,2.7991000000238273,2.815900000035981,2.8324000000357046,2.84970000004796,2.8657000000480366,2.8825000000001637,2.899000000000342,2.9157000000477638,2.9325000000003456,2.949000000000069,2.965900000036072,2.98210000002382,2.9992000000479493,3.015700000047673,3.0331000000242057,3.050100000024031,3.065800000012132,3.0830000000000837]",0.01665027,0.000447953,186.0,right,1.0,,,,,,2.0,0.0,8.0,0.5,-1.315020863,1.0,2.824801602,0.59203541,90.0,-0.005235988,0.41932645,0.033694537,0.059919896,0.18718849,4.0,0.869970541,-0.985729099,70.0,0.007853982,0.401012824,0.032375196,0.060909739,0.168550131,4.0,1.46214327,-0.215599878,68.0,0.009599311,0.399449425,0.031951263,0.065393928,0.165147664,5.0,0.287743916,-0.544244111,52.0,0.004363323,0.389522306,0.03388387,0.067083277,0.213395069,6.0,1.522048758,-0.097340757,84.0,-0.002617994,0.412727296,0.032139903,0.078825818,0.191863964,5.0,0.902501654,-0.972698684,74.0,-0.002617994,0.403888444,0.032857311,0.06846285,0.186846183,6.0,3.01402476,0.252376802,24.0,-0.000872665,0.370951047,0.044446314,0.068882508,0.271498611,5.0,2.78372037,0.656179453,97.0,0.006981317,0.43254107,0.031598025,0.077611504,0.241207486,6.0,0.0,0.0,0.0,0.0,0.0,0.0,0.0,0.0,0.0,0.0,0.0,0.0,0.0,0.0,0.0,0.0,0.0,0.0,0.0,0.0,0.0,0.0,0.0,0.0,0.0,0.0,0.0,0.0,0.0,0.0,0.0,0.0,0.0,0.0,0.0,0.0,,,,,,,0.5121,,0.0,17.0,17.0,17.0,1.0,,,,,,,,,,,,,,,,,,,,,,,,,,,,0
S070,2,2024-11-21_13h14.36.924,MotivatedInference,2024.1.5,Win32,60.24096386,668be8e87e83611e680fb3ab,{{%SESSION_ID%},Chrome,,,,,,,,,,,,,,,,,,,,,,,,,,,,,,0.0,,,,,,,,7.0,,,,,,,,,conditions/conds_128.csv,0.0,1.0,,,,,,,,,2177.7605,2180.8438,"[0.0028000000120300683,0.016300000012051896,0.03289999997650739,0.04960000002392917,0.0663000000122338,0.08289999997623454,0.09960000002411107,0.11669999998821368,0.13330000001224107,0.14989999997624182,0.16610000002401648,0.1828999999761436,0.20010000002412198,0.21630000001187,0.2328999999763255,0.24960000002420202,0.26619999998820276,0.2828999999765074,0.2996999999882064,0.3163000000122338,0.33289999997623454,0.34960000002411107,0.36630000001196095,0.38289999997641644,0.3996000000238382,0.4161999999882937,0.4338000000120701,0.450100000024122,0.46639999997614723,0.4833000000121501,0.499600000024202,0.5161999999882028,0.5328999999765074,0.5496000000239292,0.5661999999883847,0.5828999999762345,0.5996000000241111,0.6161999999881118,0.6328000000121392,0.6498000000119646,0.6663000000121428,0.6828999999761436,0.6996000000240201,0.7161999999880209,0.7330000000001746,0.7495000000003529,0.7666000000240274,0.7828000000122302,0.79950000000008,0.8163000000122338,0.8328999999762345,0.8496000000241111,0.8661999999881118,0.8828999999764164,0.8994999999999891,0.9161000000240165,0.9329999999999927,0.9496000000240201,0.96630000001187,0.9828999999763255,0.9996999999880245,1.016300000012052,1.0328999999765074,1.04950000000008,1.0661999999883847,1.0828999999762345,1.099600000024111,1.1166999999882137,1.1328999999764164,1.14939999997614,1.1663000000121428,1.1828999999761436,1.2006000000242238,1.2158000000122229,1.2345000000000255,1.2503999999762527,1.2661999999882028,1.2828999999765074,1.2996000000239292,1.3163000000122338,1.3328999999762345,1.3496999999883883,1.3661999999881118,1.3833999999765183,1.3998000000119646,1.4161999999882937,1.4331000000238419,1.450100000024122,1.4661999999880209,1.4828999999763255,1.499600000024202,1.5160000000000764,1.5330000000003565,1.5496000000239292,1.5661999999883847,1.5830000000000837,1.599600000024111,1.6161999999881118,1.6328999999764164,1.6496000000238382,1.6661999999882937,1.6828999999761436,1.7003000000122483,1.7176000000240492,1.7328000000120483,1.7491999999883774,1.7661999999882028,1.7825000000002547,1.7996000000239292,1.8161999999883847,1.8328999999762345,1.849600000024111,1.8663999999762382,1.8828999999764164,1.8996000000238382,1.9163000000121428,1.9328000000118664,1.949500000000171,1.966899999976249,1.9828999999763255,2.0003000000119755,2.0161999999882028,2.0338999999762564,2.0501999999883083,2.0666999999880318,2.0828000000119573,2.099600000024111,2.116199999988112,2.132600000024013,2.15010000002394,2.1666000000241183,2.1828999999761436,2.1993000000120446,2.21630000001187,2.2336000000241256,2.249600000024202,2.2661000000239255,2.2828999999765074,2.299600000023929,2.3161999999883847,2.3328999999762345,2.350399999976162,2.366300000011961,2.3828999999764164,2.399499999999989,2.415899999976318,2.4328999999761436,2.4498999999764237,2.466199999988021,2.4828999999763255,2.5003999999762527,2.5161999999882028,2.5328999999765074,2.549600000023929,2.5673000000119828,2.5836000000240347,2.599500000000262,2.616199999988112,2.633699999988039,2.6496999999881155,2.6661999999882937,2.6836000000239437,2.6996999999882973,2.7170000000000982,2.7330000000001746,2.7496999999880245,2.76580000001195,2.7828999999765074,2.79950000000008,2.8161999999883847,2.8328999999762345,2.8496999999883883,2.866300000011961,2.8828999999764164,2.899600000023838,2.9161999999882937,2.9328999999761436,2.949500000000171,2.966199999988021,2.983699999988403,2.999600000024202,3.016300000012052,3.0328999999765074,3.0496999999882064,3.0670000000000073,3.083100000023933]",0.01665027,0.000483358,186.0,right,1.0,,,,,,2.0,0.0,8.0,0.5,-1.315020863,1.0,2.824801602,0.59203541,90.0,-0.005235988,0.41932645,0.033694537,0.059919896,0.18718849,4.0,0.869970541,-0.985729099,70.0,0.007853982,0.401012824,0.032375196,0.060909739,0.168550131,4.0,1.46214327,-0.215599878,68.0,0.009599311,0.399449425,0.031951263,0.065393928,0.165147664,5.0,0.287743916,-0.544244111,52.0,0.004363323,0.389522306,0.03388387,0.067083277,0.213395069,6.0,1.522048758,-0.097340757,84.0,-0.002617994,0.412727296,0.032139903,0.078825818,0.191863964,5.0,0.902501654,-0.972698684,74.0,-0.002617994,0.403888444,0.032857311,0.06846285,0.186846183,6.0,3.01402476,0.252376802,24.0,-0.000872665,0.370951047,0.044446314,0.068882508,0.271498611,5.0,2.78372037,0.656179453,97.0,0.006981317,0.43254107,0.031598025,0.077611504,0.241207486,6.0,0.0,0.0,0.0,0.0,0.0,0.0,0.0,0.0,0.0,0.0,0.0,0.0,0.0,0.0,0.0,0.0,0.0,0.0,0.0,0.0,0.0,0.0,0.0,0.0,0.0,0.0,0.0,0.0,0.0,0.0,0.0,0.0,0.0,0.0,0.0,0.0,,,,,,,0.5012,,0.0,18.0,18.0,18.0,1.0,,,,,,,,,,,,,,,,,,,,,,,,,,,,0
S070,2,2024-11-21_13h14.36.924,MotivatedInference,2024.1.5,Win32,60.24096386,668be8e87e83611e680fb3ab,{{%SESSION_ID%},Chrome,,,,,,,,,,,,,,,,,,,,,,,,,,,,,,0.0,,,,,,,,8.0,,,,,,,,,conditions/conds_128.csv,0.0,1.0,,,,,,,,,2182.3604,2185.4602,"[0.0031000000235508196,0.01630000001159715,0.032900000035624544,0.04960000002347442,0.06630000001177905,0.08299999999962893,0.09960000002365632,0.11699999999973443,0.13330000001178632,0.14960000002383822,0.1663000000116881,0.1829000000357155,0.19960000002356537,0.21630000001187,0.23299999999971988,0.2504000000353699,0.26630000001159715,0.2829999999999018,0.29999999999972715,0.3167000000476037,0.33370000004742906,0.3498000000117827,0.3663000000115062,0.3838000000118882,0.39990000003535897,0.4169999999999163,0.4329000000357155,0.4497000000474145,0.46630000001187,0.48290000003544264,0.49960000002374727,0.5163000000115971,0.5329000000356245,0.5496000000234744,0.566300000011779,0.5831000000234781,0.5996000000236563,0.6163000000115062,0.6329999999998108,0.6496000000238382,0.6662000000474109,0.6829999999999927,0.6996000000235654,0.71630000001187,0.7329000000354426,0.7496000000237473,0.7663000000115971,0.7829999999999018,0.7994999999996253,0.816300000011779,0.8331000000234781,0.8497000000475055,0.8663000000115062,0.8829000000355336,0.8996000000238382,0.9169000000356391,0.9329999999999927,0.9503000000117936,0.9662000000475928,0.983100000023569,0.9997000000475964,1.0159000000357992,1.0339000000353735,1.0507000000475273,1.0664999999999054,1.0829000000353517,1.09940000003553,1.1163000000115062,1.1328000000116845,1.1503000000116117,1.1662000000474109,1.1829000000357155,1.1996000000235654,1.2167000000476946,1.2329000000354426,1.2494999999998981,1.26620000004732,1.283700000047702,1.3002000000474254,1.316300000011779,1.333700000047429,1.350500000000011,1.3669999999997344,1.3829000000355336,1.3998000000115098,1.416300000011688,1.4329000000357155,1.4496000000235654,1.4664000000357191,1.4829000000354426,1.4996000000237473,1.51620000004732,1.5329000000356245,1.5496000000234744,1.566300000011779,1.5829000000353517,1.5994999999998072,1.6162000000476837,1.633700000047611,1.6496000000238382,1.6662000000474109,1.6829000000357155,1.6997000000474145,1.7166000000238455,1.733100000023569,1.7494999999998981,1.76620000004732,1.7829000000356245,1.7996000000234744,1.8164000000356282,1.8334999999997308,1.8494999999998072,1.8663000000115062,1.8829000000355336,1.8996000000238382,1.9162000000474109,1.9329999999999927,1.9496000000235654,1.96630000001187,1.9829000000354426,1.9997000000475964,2.016300000011597,2.0329000000356245,2.0496000000234744,2.066300000011779,2.0829000000353517,2.099499999999807,2.116900000035457,2.133700000047611,2.149499999999989,2.166300000011688,2.1828000000118664,2.1996000000235654,2.2162000000475928,2.2329000000354426,2.249499999999898,2.26620000004732,2.2829000000356245,2.3003000000117027,2.31690000003573,2.333100000023478,2.3497000000475055,2.3664999999996326,2.3833000000117863,2.399900000035359,2.416200000047411,2.4329000000357155,2.4492000000473126,2.4662000000475928,2.4829000000354426,2.4996000000237473,2.5164000000354463,2.5329000000356245,2.5501000000235763,2.566300000011779,2.5829000000353517,2.5996000000236563,2.6169999999997344,2.6329000000355336,2.649499999999989,2.666200000047411,2.6829000000357155,2.6996000000235654,2.7166000000238455,2.7329000000354426,2.7496000000237473,2.76620000004732,2.7829000000356245,2.7994999999996253,2.816200000047502,2.8329000000353517,2.8503000000118845,2.866300000011506,2.8829000000355336,2.899600000023838,2.916300000011688,2.9329999999999927,2.9494999999997162,2.96630000001187,2.9829000000354426,2.999400000035621,3.016300000011597,3.0329000000356245,3.0497000000473236,3.066300000011779,3.0828000000119573,3.099499999999807]",0.016647312,0.000422128,187.0,right,1.0,,,,,,2.0,0.0,8.0,0.5,0.232991883,1.0,0.440703059,-0.771634026,26.0,-8.92894e-14,0.37233788,0.03804093,0.07765862,0.260457405,6.0,0.043309141,-0.086510011,9.0,0.01134464,0.355140301,0.038458273,0.073668072,0.274720221,7.0,1.93229913,0.661641322,90.0,-0.005235988,0.41932645,0.033694537,0.059919896,0.18718849,4.0,2.472575481,0.973033012,6.0,-0.001745329,0.3497664,0.039524515,0.103278094,0.256513403,7.0,0.545364852,-0.886964156,67.0,0.000872665,0.398829923,0.040120187,0.066830121,0.198372452,4.0,0.867047133,-0.986696494,95.0,-0.003490659,0.427246221,0.028411926,0.064304978,0.203029515,6.0,2.339008675,0.999409354,80.0,0.000872665,0.408817555,0.034279956,0.069360427,0.160822937,4.0,1.739325757,0.330712881,41.0,0.013089969,0.382506884,0.032100804,0.075836611,0.218324429,6.0,0.0,0.0,0.0,0.0,0.0,0.0,0.0,0.0,0.0,0.0,0.0,0.0,0.0,0.0,0.0,0.0,0.0,0.0,0.0,0.0,0.0,0.0,0.0,0.0,0.0,0.0,0.0,0.0,0.0,0.0,0.0,0.0,0.0,0.0,0.0,0.0,,,,,,,0.5757,,0.0,19.0,19.0,19.0,1.0,,,,,,,,,,,,,,,,,,,,,,,,,,,,0
S070,2,2024-11-21_13h14.36.924,MotivatedInference,2024.1.5,Win32,60.24096386,668be8e87e83611e680fb3ab,{{%SESSION_ID%},Chrome,,,,,,,,,,,,,,,,,,,,,,,,,,,,,,0.0,,,,,,,,6.0,,,,,,,,,conditions/conds_128.csv,0.0,1.0,,,,,,,,,2187.0444,2190.1151,"[0.003200000047854701,0.018800000012106466,0.03210000002400193,0.05330000001185908,0.06640000003562818,0.08560000002398738,0.09960000002411107,0.11960000002409288,0.1331000000241147,0.15320000004794565,0.16570000004776375,0.18540000003577006,0.1989000000357919,0.21630000001187,0.23730000001205553,0.2489000000359738,0.27010000002383094,0.2823000000121283,0.30270000004793474,0.3164000000356282,0.335400000035861,0.3531000000239146,0.36630000001196095,0.38520000004791655,0.39970000004768735,0.41600000000016735,0.43270000004758913,0.4532000000476728,0.46630000001187,0.48570000004792746,0.499000000000251,0.5154999999999745,0.5329999999999018,0.5533000000118591,0.5656000000240056,0.58480000001191,0.5988000000120337,0.6156000000237327,0.63590000003569,0.6496000000238382,0.6688000000121974,0.6862000000478474,0.7019000000359483,0.7192000000477492,0.7331000000240238,0.7532000000478547,0.7656000000238237,0.7866000000240092,0.7992000000476764,0.816300000011779,0.8369000000357119,0.8498000000117827,0.8699000000356136,0.8829000000359883,0.9024000000358683,0.9197000000476692,0.9331000000238419,0.9489000000357919,0.9698000000121283,0.9828000000120483,0.9989000000359738,1.020100000023831,1.035900000035781,1.0516000000238819,1.0656000000240056,1.0822000000475782,1.103300000012041,1.1157000000475819,1.136400000035792,1.1496000000238382,1.1655000000000655,1.186500000000251,1.1997000000478693,1.2187000000476473,1.2330000000001746,1.25280000001203,1.2661000000239255,1.2868000000121356,1.30230000001211,1.3155000000001564,1.3329000000358064,1.3528000000119391,1.3656000000237327,1.3873000000121465,1.399499999999989,1.4199000000357955,1.4329999999999927,1.4520000000002256,1.4655000000002474,1.4853000000121028,1.4997000000475964,1.5198000000118554,1.5329000000356245,1.5532000000475819,1.5660000000002583,1.5874000000358137,1.5991000000240092,1.6204000000357155,1.6326000000240128,1.6496000000238382,1.6699000000357955,1.6823000000117645,1.7032000000476728,1.719600000024002,1.7330000000001746,1.7518000000118263,1.766300000012052,1.7860000000000582,1.8032000000475819,1.815800000012132,1.8367000000475855,1.84900000000016,1.87010000002374,1.8826000000240128,1.9036000000237436,1.9191000000237182,1.9329999999999927,1.9532000000476728,1.9656000000240965,1.9857000000479275,1.9988000000121247,2.0183000000120046,2.0329000000356245,2.0540000000000873,2.069600000023911,2.0829000000358064,2.1035000000001673,2.1159999999999854,2.137000000000171,2.1492000000475855,2.1694000000356937,2.1824000000356136,2.203200000047673,2.2156000000240965,2.2330000000001746,2.2531000000240056,2.266300000012052,2.285900000035781,2.3013000000119064,2.316300000011779,2.3364999999998872,2.349600000024111,2.365800000011859,2.3862000000476655,2.3989999999998872,2.41800000000012,2.4323000000117645,2.453200000047673,2.4659000000356173,2.486499999999978,2.498900000035974,2.519999999999982,2.5329000000356245,2.5524000000359592,2.56530000001203,2.5830000000000837,2.598900000035883,2.61920000004784,2.632800000012139,2.6530000000002474,2.66590000003589,2.6868000000117718,2.6991000000239183,2.720200000047953,2.7325000000000728,2.7531000000240056,2.76580000001195,2.786400000035883,2.798999999999978,2.8198000000120373,2.832200000047578,2.8514000000359374,2.8662000000476837,2.8857000000475637,2.899400000035712,2.9193000000118445,2.93260000002374,2.95330000001195,2.9700000000002547,2.982600000023922,3.001700000047549,3.016300000012052,3.0361000000239073,3.04950000000008,3.0705000000002656]",0.016670109,0.003327949,185.0,right,0.0,,,,,,1.0,0.0,8.0,0.5,1.898992668,1.0,1.280012727,-0.549334167,51.0,-0.000872665,0.388957543,0.039197552,0.074659583,0.215725836,5.0,1.946847827,0.683175994,91.0,0.001745329,0.420659204,0.046109782,0.086244352,0.261967492,5.0,1.903775001,0.617812204,20.0,0.004363323,0.367239871,0.029881231,0.073743484,0.121468441,4.0,2.427770373,0.989771271,50.0,-0.003490659,0.388365859,0.031859869,0.061653869,0.235670302,6.0,1.558676761,-0.024236758,46.0,-8.92894e-14,0.385892478,0.022689461,0.062794509,0.135276835,6.0,0.773002237,-0.999692698,21.0,-0.010471976,0.368150016,0.035450396,0.075174448,0.223969416,6.0,3.05033846,0.181496868,61.0,-0.004363323,0.394911895,0.035957651,0.088187679,0.159307843,4.0,2.356345404,0.999999954,57.0,0.007853982,0.392441245,0.040602447,0.07130778,0.218867016,4.0,0.0,0.0,0.0,0.0,0.0,0.0,0.0,0.0,0.0,0.0,0.0,0.0,0.0,0.0,0.0,0.0,0.0,0.0,0.0,0.0,0.0,0.0,0.0,0.0,0.0,0.0,0.0,0.0,0.0,0.0,0.0,0.0,0.0,0.0,0.0,0.0,,,,,,,0.6015,,0.0,20.0,20.0,20.0,1.0,,,,,,,,,,,,,,,,,,,,,,,,,,,,0
S070,2,2024-11-21_13h14.36.924,MotivatedInference,2024.1.5,Win32,60.24096386,668be8e87e83611e680fb3ab,{{%SESSION_ID%},Chrome,,,,,,,,,,,,,,,,,,,,,,,,,,,,,,0.0,,,,,,,,9.0,,,,,,,,,conditions/conds_128.csv,0.0,1.0,,,,,,,,,2191.7281,2196.2102,"[0.0040999999641826435,0.018399999976281833,0.03479999995215621,0.04919999998810454,0.06959999996433908,0.08259999996425904,0.09839999997620907,0.11509999996405895,0.1325999999639862,0.15250000000014552,0.1682999999520689,0.18150000000014188,0.20129999995242542,0.21489999997629639,0.2316999999879954,0.24929999995219987,0.2653999999761254,0.2817999999524545,0.3033999999761363,0.3192999999523636,0.33259999996425904,0.3527999999523672,0.36929999995209073,0.3817999999523636,0.3983999999759362,0.41609999996398983,0.43469999998796993,0.44879999995237085,0.46939999997630366,0.4819999999999709,0.4983999999763,0.5149999999998727,0.5365999999639826,0.5491999999881045,0.5695999999643391,0.5818999999760308,0.5991999999878317,0.6182999999523418,0.6316999999880863,0.6482999999520871,0.6650999999642409,0.6825999999641681,0.7025999999641499,0.7183999999760999,0.7350999999644046,0.750999999999749,0.7650999999641499,0.7854999999999563,0.7991999999881045,0.8184999999998581,0.8317999999521817,0.849399999975958,0.8653999999760345,0.8858999999761181,0.8992999999522908,0.9178999999762709,0.9324999999998909,0.9491999999881955,0.9692999999524545,0.9828999999763255,1.0022999999523563,1.0154999999999745,1.035899999976209,1.04879999995228,1.0679999999997563,1.0817999999521817,1.10109999996439,1.1149999999997817,1.1325999999639862,1.1532999999521962,1.1658999999763182,1.1818999999759399,1.202699999987999,1.2160999999641717,1.2351999999882537,1.2494999999998981,1.2674999999999272,1.2821999999878244,1.302699999987908,1.3191999999880863,1.3320999999641572,1.3513999999759108,1.3658999999761363,1.3860999999642445,1.4018999999761945,1.4155999999643427,1.4356999999881737,1.4484999999999673,1.4650000000001455,1.4817999999522726,1.4991999999879226,1.5158999999762273,1.5325999999640771,1.5532999999522872,1.5657999999521053,1.5843999999760854,1.598399999976209,1.6191999999878135,1.632099999964339,1.6483999999759362,1.6650999999642409,1.6816999999878135,1.6984999999999673,1.7150000000001455,1.7342999999523272,1.7512999999521526,1.7686999999882573,1.785299999952258,1.7991999999881045,1.820599999964088,1.83529999995244,1.84829999995236,1.8693999999759399,1.8833999999760636,1.9032999999521962,1.91519999998809,1.9316999999878135,1.9484999999999673,1.9693999999763037,1.986399999976129,1.9991999999879226,2.018599999964408,2.033099999964179,2.048299999952178,2.0686999999879845,2.085799999952087,2.0986999999881846,2.1149999999997817,2.1360999999642445,2.148899999976038,2.1696999999880973,2.182499999999891,2.202699999987999,2.215199999987817,2.2359999999998763,2.248500000000149,2.2649999999998727,2.2817999999524545,2.298399999976027,2.3185999999641353,2.335799999952087,2.3530000000000655,2.365599999964161,2.3855999999641426,2.4003999999763437,2.4203999999763255,2.436399999975947,2.449000000000069,2.4674999999997453,2.4827999999524764,2.5033999999759544,2.5154999999999745,2.536799999952109,2.5501999999878535,2.570099999963986,2.5833999999763364,2.59829999995236,2.6187999999524436,2.6338999999761654,2.6522999999524473,2.665699999988192,2.6843999999759944,2.702199999987897,2.716899999976249,2.7316999999879954,2.748299999952451,2.7647999999521744,2.785299999952258,2.798299999952178,2.817899999975907,2.8321999999880063,2.849999999999909,2.8682999999523418,2.8825000000001637,2.9023999999762964,2.9164999999998145,2.9317999999520907,2.9653999999759435,2.9704999999999018,2.9815999999641463,2.998299999952451,3.0149999999998727,3.0317999999524545,3.0479999999997744,3.0657999999521053,3.081899999976031,3.098500000000058,3.11569999998801,3.1317999999523636,3.1483999999759362,3.16519999998809,3.1826999999880172,3.199399999976322,3.215699999987919,3.2318999999761218,3.2490999999640735,3.2660999999643536,3.2820999999639753,3.2984999999998763,3.315199999988181,3.331899999976031,3.348399999976209,3.365099999964059,3.3818999999762127,3.3985999999640626,3.416199999987839,3.4317999999520907,3.4492999999524727,3.4650999999644228,3.4817999999522726,3.498799999952098,3.515199999987999,3.5323999999759508,3.548899999976129,3.565099999964332,3.581899999976031,3.598500000000058,3.615199999987908,3.632199999988188,3.6484999999997854,3.66519999998809,3.68189999997594,3.699000000000069,3.7160999999641717,3.7317999999522726,3.7486999999878208,3.765199999987999,3.782599999964077,3.798399999976027,3.815199999988181,3.8323999999761327,3.848500000000058,3.865099999964059,3.8817999999523636,3.8985999999640626,3.915899999976318,3.931999999999789,3.948399999976118,3.9658999999760454,3.98259999996435,3.9985999999639716,4.01509999996415,4.032399999975951,4.04879999995228,4.066299999952207,4.081899999976031,4.09989999997606,4.115799999952287,4.132000000000062,4.148499999999785,4.165099999964241,4.181500000000142,4.198199999987992,4.2150000000001455,4.231499999999869,4.2480999999643245,4.26509999996415,4.281899999976304,4.298499999999876,4.315199999988181,4.3316999999879044,4.348500000000058,4.365799999952287,4.381799999952364,4.398599999964063,4.416199999987839,4.431799999952091,4.448099999964143,4.4650000000001455,4.481799999952273]",0.016645725,0.002589375,270.0,right,0.0,,,,,,1.0,0.0,12.0,0.5,0.682470642,1.0,1.11569698,-0.789625672,22.0,-0.006108652,0.369173441,0.034771665,0.081264392,0.215269419,6.0,1.124576875,-0.77860451,89.0,0.014835299,0.418022232,0.039220845,0.067729576,0.134251055,3.0,1.715887121,0.286126226,16.0,0.017453293,0.363466057,0.031192723,0.069909496,0.180964939,5.0,3.064336852,0.15389754,82.0,0.004363323,0.410673221,0.022643594,0.062174001,0.106425045,4.0,1.686092758,0.228554733,84.0,-0.002617994,0.412727296,0.032139903,0.078825818,0.191863964,5.0,2.419722931,0.991939127,81.0,-0.006981317,0.409724184,0.034267936,0.062711279,0.215248408,5.0,1.528524522,-0.084442931,98.0,-0.003490659,0.436582054,0.033239272,0.083554428,0.196244723,5.0,2.720387403,0.746249875,14.0,-0.004363323,0.361562951,0.033827978,0.08680928,0.200727788,5.0,0.507762529,-0.849757466,13.0,0.012217305,0.36034398,0.040523863,0.087309629,0.214125832,4.0,2.284850301,0.989837274,95.0,-0.003490659,0.427246221,0.028411926,0.064304978,0.203029515,6.0,3.03006893,0.221202602,38.0,-0.004363323,0.380540373,0.035789754,0.080850361,0.267900983,7.0,0.223857099,-0.432906155,48.0,-0.013089969,0.387063294,0.032293316,0.069877675,0.198684878,5.0,,,,,,,0.5581,,0.0,21.0,21.0,21.0,1.0,,,,,,,,,,,,,,,,,,,,,,,,,,,,0
S070,2,2024-11-21_13h14.36.924,MotivatedInference,2024.1.5,Win32,60.24096386,668be8e87e83611e680fb3ab,{{%SESSION_ID%},Chrome,,,,,,,,,,,,,,,,,,,,,,,,,,,,,,0.0,,,,,,,,4.0,,,,,,,,,conditions/conds_128.csv,0.0,1.0,,,,,,,,,2197.7609,2199.4628,"[0.002200000047650974,0.0186000000239801,0.03210000002400193,0.04890000003570094,0.06550000000015643,0.08220000004757821,0.0988000000120337,0.11610000002383458,0.13210000002391098,0.14890000003561,0.16860000002407105,0.182200000047942,0.1989000000357919,0.21550000000024738,0.2329000000358974,0.25250000000005457,0.26620000004777467,0.2863000000120337,0.2991000000238273,0.3183000000121865,0.33520000004773465,0.3514000000359374,0.3654999999998836,0.38230000001203734,0.4014999999999418,0.4155000000000655,0.432200000047942,0.4489000000357919,0.46570000004794565,0.48570000004792746,0.4997000000475964,0.5187000000478292,0.5356000000238055,0.5497000000477783,0.5694000000357846,0.5829000000358064,0.5989000000358828,0.6154999999998836,0.6322000000477601,0.6492000000475855,0.6698000000119464,0.6866000000241002,0.6986000000238164,0.7181000000236963,0.73210000002382,0.7489000000359738,0.7656000000238237,0.7849999999998545,0.8000000000001819,0.8154000000358792,0.8329000000358064,0.8524999999999636,0.8654999999998836,0.8822000000477601,0.8999000000358137,0.9188000000121974,0.9329000000357155,0.9528000000118482,0.96630000001187,0.985400000035952,0.9992000000479493,1.020100000023831,1.0358000000119318,1.0515000000000327,1.0655000000001564,1.0823000000118554,1.0985000000000582,1.1181000000237873,1.132100000023911,1.15170000004764,1.1656000000239146,1.1821000000240929,1.1987000000476655,1.2164000000357191,1.2368000000119537,1.2496000000237473,1.269100000024082,1.2825000000002547,1.3018000000120082,1.3170000000000073,1.3355000000001382,1.3488000000120337,1.365400000036061,1.382100000023911,1.4023000000120192,1.4200000000000728,1.43260000002374,1.4520000000002256,1.4655000000002474,1.4851000000239765,1.5039999999999054,1.5162000000477747,1.5363000000120337,1.5515000000000327,1.5657000000478547,1.5864999999998872,1.599500000000262,1.6199000000356136,1.6334000000356355,1.6487000000479384,1.6692000000475673,1.6829000000357155,1.7019000000359483]",0.016663725,0.002432532,103.0,right,1.0,,,,,,2.0,0.0,4.0,0.5,-1.880160966,1.0,0.276425855,-0.525116252,57.0,0.007853982,0.392441245,0.040602447,0.07130778,0.218867016,4.0,1.087150551,-0.823351605,28.0,0.006108652,0.373747518,0.036497013,0.082304542,0.218348002,5.0,1.483639455,-0.173432322,41.0,0.013089969,0.382506884,0.032100804,0.075836611,0.218324429,6.0,1.387594148,-0.358260786,97.0,0.006981317,0.43254107,0.031598025,0.077611504,0.241207486,6.0,0.0,0.0,0.0,0.0,0.0,0.0,0.0,0.0,0.0,0.0,0.0,0.0,0.0,0.0,0.0,0.0,0.0,0.0,0.0,0.0,0.0,0.0,0.0,0.0,0.0,0.0,0.0,0.0,0.0,0.0,0.0,0.0,0.0,0.0,0.0,0.0,0.0,0.0,0.0,0.0,0.0,0.0,0.0,0.0,0.0,0.0,0.0,0.0,0.0,0.0,0.0,0.0,0.0,0.0,0.0,0.0,0.0,0.0,0.0,0.0,0.0,0.0,0.0,0.0,0.0,0.0,0.0,0.0,0.0,0.0,0.0,0.0,,,,,,,0.5334,,0.0,22.0,22.0,22.0,1.0,,,,,,,,,,,,,,,,,,,,,,,,,,,,0
S070,2,2024-11-21_13h14.36.924,MotivatedInference,2024.1.5,Win32,60.24096386,668be8e87e83611e680fb3ab,{{%SESSION_ID%},Chrome,,,,,,,,,,,,,,,,,,,,,,,,,,,,,,0.0,,,,,,,,12.0,,,,,,,,,conditions/conds_128.csv,0.0,1.0,,,,,,,,,2200.9965,2205.4626,"[0.003699999987929914,0.016600000023572647,0.032600000023649045,0.0464999999999236,0.06769999998778076,0.08080000001154986,0.09660000002349989,0.11639999997578343,0.13280000001168446,0.14649999999983265,0.1679999999996653,0.1799999999998363,0.20019999998794447,0.2166000000238455,0.23289999997587074,0.24719999998796993,0.2663999999758744,0.279800000011619,0.2964999999999236,0.31689999997615814,0.33060000002387824,0.3501000000237582,0.36649999999963256,0.37969999998813364,0.3971999999880609,0.4176000000238673,0.4303000000118118,0.4516000000235181,0.46419999998806816,0.48349999999982174,0.4964999999997417,0.5158999999757725,0.5298999999758962,0.5493999999757762,0.5638000000117245,0.5843000000118082,0.5973000000117281,0.6161000000238346,0.6303000000116299,0.6506999999878644,0.663499999999658,0.6839999999997417,0.7016000000235181,0.7181000000236963,0.7298999999761691,0.7514999999998508,0.7638999999758198,0.7841999999877771,0.7971000000238746,0.8163999999760563,0.8308000000115499,0.8491999999878317,0.8631999999879554,0.8806000000236054,0.9001000000234853,0.9158999999758635,0.9329999999999927,0.9473000000116372,0.9636000000236891,0.9798000000118918,0.9969999999998436,1.0171000000236745,1.0336000000238528,1.0493000000119537,1.0631999999877735,1.0824999999999818,1.0964999999996508,1.1134999999999309,1.1298999999758053,1.1463999999759835,1.1631999999881373,1.17980000001171,1.1966000000238637,1.2133000000117136,1.2306000000235144,1.2511000000235981,1.264100000023518,1.2839999999996508,1.2988000000118518,1.3171000000238564,1.3301000000237764,1.3491000000235545,1.3631000000236781,1.3808000000117318,1.4014999999999418,1.4138999999759108,1.4298999999759872,1.4491000000234635,1.464100000023791,1.4833000000116954,1.5011999999878753,1.5138000000115426,1.5338000000119791,1.5503000000117027,1.5631000000234962,1.579899999976078,1.5966000000234999,1.6131000000236781,1.6348000000116372,1.6464999999998327,1.665699999987737,1.67980000001171,1.7016999999877953,1.7138999999760927,1.7333999999759726,1.7511999999878753,1.7631999999880463,1.7826999999879263,1.797199999987697,1.8131999999877735,1.8298000000118009,1.8464999999996508,1.8659999999999854,1.8804999999997563,1.898899999976038,1.9131999999881373,1.9328999999761436,1.947199999987788,1.96630000001187,1.9803999999758162,1.9963000000116153,2.0178000000119027,2.03369999998813,2.0493000000119537,2.0631999999877735,2.079899999976078,2.100899999975809,2.1133000000118045,2.1298000000119828,2.1464999999998327,2.1631999999881373,2.185300000011921,2.197199999987788,2.213100000023587,2.229800000011892,2.246800000011717,2.2664999999997235,2.280499999999847,2.299800000011601,2.3133999999759,2.3328000000119573,2.3468000000116263,2.3659999999999854,2.3828000000116845,2.3964999999998327,2.41310000002386,2.4329999999999927,2.4491999999877407,2.463100000023587,2.479800000011892,2.49719999998797,2.516199999987748,2.529800000011619,2.5496000000234744,2.5631999999877735,2.579899999976078,2.597199999987879,2.616800000011608,2.6311999999879845,2.6513999999760927,2.66769999998769,2.6806000000237873,2.699999999999818,2.7126999999877626,2.7296999999880427,2.7469999999998436,2.7666000000235726,2.7841000000235,2.7971000000238746,2.8131999999877735,2.8299999999999272,2.847199999987879,2.863499999999931,2.880399999975907,2.9011999999879663,2.9138000000116335,2.9333999999757907,2.947300000011637,2.966800000011972,2.979899999976169,3.0008999999759,3.013500000000022,3.0339999999996508,3.04669999998805,3.0664999999999054,3.0801999999880536,3.10060000002386,3.1181999999880645,3.1333000000117863,3.14939999997614,3.163000000000011,3.17980000001171,3.197199999987788,3.217399999975896,3.230399999975816,3.250399999975798,3.26389999997582,3.2823000000116735,3.2968999999761763,3.31780000001163,3.3301000000237764,3.35060000002386,3.3638000000119064,3.3840000000000146,3.396800000011808,3.41310000002386,3.433699999987766,3.4466000000238637,3.4661000000237436,3.480000000000018,3.500999999999749,3.514100000023518,3.5324999999998,3.547300000011546,3.5631999999877735,3.58360000002358,3.5968999999759035,3.612999999999829,3.6296000000238564,3.64939999997614,3.6631999999881373,3.684300000011717,3.699999999999818,3.713100000023587,3.729800000011892,3.7463999999758926,3.7681999999877007,3.780999999999949,3.80039999997598,3.8138000000117245,3.830500000000029,3.849300000011681,3.863100000023678,3.8826999999878353,3.8996999999881155,3.9133000000115317,3.9346000000236927,3.9469999999996617,3.9659999999998945,3.980300000011539,3.9996000000237473,4.015999999999622,4.029800000011619,4.046300000011797,4.063100000023496,4.079800000011801,4.096399999975802,4.113800000011906,4.132600000023558,4.149800000011965,4.16310000002386,4.179699999987861,4.1965000000000146,4.213899999976093,4.233399999975973,4.247100000023693,4.26299999999992,4.279899999975896,4.296600000023773,4.316499999999905,4.330100000023776,4.349600000023656,4.363199999987955,4.384199999988141,4.39939999997614,4.41310000002386,4.432699999988017,4.447199999987788,4.4659999999998945]",0.016650373,0.002749742,269.0,right,1.0,,,,,,2.0,0.0,12.0,0.5,-1.916914743,1.0,1.604704537,0.06776445,53.0,-0.003490659,0.390095866,0.043303837,0.083823939,0.349451294,6.0,0.702878211,-0.9864118,15.0,-0.006108652,0.362511679,0.045131456,0.089284594,0.250473103,5.0,0.858610328,-0.989299098,97.0,0.006981317,0.43254107,0.031598025,0.077611504,0.241207486,6.0,0.216322861,-0.419274212,87.0,0.006108652,0.415699595,0.038834066,0.066745096,0.25903141,5.0,0.579927075,-0.916744855,70.0,0.007853982,0.401012824,0.032375196,0.060909739,0.168550131,4.0,0.020517682,-0.041023848,97.0,0.006981317,0.43254107,0.031598025,0.077611504,0.241207486,6.0,2.091353146,0.862967439,54.0,-0.000872665,0.390632361,0.034931933,0.073298853,0.195852464,4.0,0.883423141,-0.980843683,70.0,0.007853982,0.401012824,0.032375196,0.060909739,0.168550131,4.0,1.642468299,0.142853555,39.0,-0.006981317,0.381053424,0.030288742,0.070264002,0.227413277,7.0,2.02919062,0.793651982,40.0,0.001745329,0.381763748,0.031902579,0.075140032,0.211660484,6.0,2.423067469,0.991069334,15.0,-0.006108652,0.362511679,0.045131456,0.089284594,0.250473103,5.0,0.228703976,-0.441624007,59.0,0.006981317,0.393731017,0.031135395,0.06163787,0.205460115,5.0,,,,,,,0.4336,,0.0,23.0,23.0,23.0,1.0,,,,,,,,,,,,,,,,,,,,,,,,,,,,0
S070,2,2024-11-21_13h14.36.924,MotivatedInference,2024.1.5,Win32,60.24096386,668be8e87e83611e680fb3ab,{{%SESSION_ID%},Chrome,,,,,,,,,,,,,,,,,,,,,,,,,,,,,,-1.0,,,,,,,,7.0,,,,,,,,,conditions/conds_128.csv,0.0,1.0,,,,,,,,,2208.1772,2211.2432,"[0.002900000035424455,0.015800000011950033,0.03240000003552268,0.04969999998775165,0.06569999998782805,0.08269999998810817,0.09910000002355446,0.11569999998800995,0.1323000000115826,0.14899999999988722,0.16590000003543537,0.1836999999877662,0.19919999998774074,0.215699999987919,0.23299999999971988,0.24899999999979627,0.2656999999881009,0.2824000000355227,0.2991000000238273,0.3158000000116772,0.3324000000357046,0.34910000002355446,0.36649999999963256,0.3829000000355336,0.39890000003561,0.4156999999877371,0.43240000003561363,0.44919999998774074,0.46580000001176813,0.4826999999877444,0.4991000000236454,0.51580000001195,0.5324000000355227,0.5491000000238273,0.5658000000116772,0.5821999999880063,0.5989999999997053,0.61569999998801,0.6323000000115826,0.6491000000237364,0.6656000000239146,0.6826999999880172,0.6991999999877407,0.7159000000356173,0.7325000000000728,0.7494000000356209,0.7656999999881009,0.7831000000237509,0.7994999999996253,0.8164000000356282,0.8333000000116044,0.8494999999998072,0.8661000000238346,0.8826000000235581,0.8986999999879117,0.9156999999877371,0.9323000000117645,0.9488000000119428,0.965699999987919,0.9824000000357955,0.9996000000237473,1.015699999988101,1.0323000000116735,1.04990000003545,1.0658000000116772,1.0824000000357046,1.0989999999997053,1.115800000011859,1.1323000000115826,1.1491000000237364,1.165699999987737,1.1831000000238419,1.1991000000239183,1.2159000000356173,1.2326999999877444,1.2491000000236454,1.26580000001195,1.2823000000116735,1.2991000000238273,1.315699999987828,1.3324000000357046,1.3491000000235545,1.36569999998801,1.382499999999709,1.3991000000237364,1.4159000000354354,1.4324999999998909,1.4491999999877407,1.4659000000356173,1.4831999999878462,1.4991999999879226,1.515699999988101,1.5324000000355227,1.5496999999877517,1.5664999999999054,1.5823000000118554,1.5989999999997053,1.61569999998801,1.6320000000000618,1.6486999999879117,1.665699999987737,1.6824999999998909,1.6999000000355409,1.715699999987919,1.7324000000357955,1.7501000000238491,1.76580000001195,1.7824000000355227,1.7989999999999782,1.8164999999999054,1.8324000000357046,1.8491000000235545,1.86569999998801,1.882499999999709,1.8999000000358137,1.9159999999997126,1.9324000000356136,1.9491000000239183,1.96630000001187,1.9828000000115935,1.9989999999997963,2.015699999988101,2.0334000000357264,2.048999999999978,2.065699999987828,2.0834000000354536,2.099999999999909,2.1156000000237327,2.133199999987937,2.1491999999880136,2.1664000000355372,2.1823000000117645,2.199000000000069,2.215699999987919,2.23210000002382,2.2491000000236454,2.265699999988101,2.2836000000238528,2.2991000000238273,2.316300000011779,2.3323000000118554,2.3491000000235545,2.36569999998801,2.3824000000354317,2.3998000000119646,2.415699999987737,2.4324000000356136,2.4491000000239183,2.4659000000356173,2.4828000000115935,2.4989999999997963,2.5156000000238237,2.532100000023547,2.549800000011601,2.566400000035628,2.5821999999880063,2.5991000000235545,2.61569999998801,2.632600000023558,2.6496999999881155,2.6664999999998145,2.6823000000117645,2.699400000035439,2.716400000035719,2.7323000000119464,2.749499999999898,2.765699999988101,2.783100000023751,2.7993000000119537,2.8159000000355263,2.832699999988108,2.8491000000235545,2.865800000011859,2.8823000000115826,2.8991000000237364,2.9156000000239146,2.9323000000117645,2.9491999999877407,2.965800000011768,2.9824000000357955,2.9989999999997963,3.0164000000354463,3.0329999999999018,3.048999999999978,3.065699999987828]",0.016645652,0.000530876,185.0,right,1.0,,,,,,2.0,0.0,8.0,0.5,-1.315020863,1.0,2.824801602,0.59203541,90.0,-0.005235988,0.41932645,0.033694537,0.059919896,0.18718849,4.0,0.869970541,-0.985729099,70.0,0.007853982,0.401012824,0.032375196,0.060909739,0.168550131,4.0,1.46214327,-0.215599878,68.0,0.009599311,0.399449425,0.031951263,0.065393928,0.165147664,5.0,0.287743916,-0.544244111,52.0,0.004363323,0.389522306,0.03388387,0.067083277,0.213395069,6.0,1.522048758,-0.097340757,84.0,-0.002617994,0.412727296,0.032139903,0.078825818,0.191863964,5.0,0.902501654,-0.972698684,74.0,-0.002617994,0.403888444,0.032857311,0.06846285,0.186846183,6.0,3.01402476,0.252376802,24.0,-0.000872665,0.370951047,0.044446314,0.068882508,0.271498611,5.0,2.78372037,0.656179453,97.0,0.006981317,0.43254107,0.031598025,0.077611504,0.241207486,6.0,0.0,0.0,0.0,0.0,0.0,0.0,0.0,0.0,0.0,0.0,0.0,0.0,0.0,0.0,0.0,0.0,0.0,0.0,0.0,0.0,0.0,0.0,0.0,0.0,0.0,0.0,0.0,0.0,0.0,0.0,0.0,0.0,0.0,0.0,0.0,0.0,,,,,,,0.5327,,0.0,24.0,24.0,24.0,1.0,,,,,,,,,,,,,,,,,,,,,,,,,,,,0
S070,2,2024-11-21_13h14.36.924,MotivatedInference,2024.1.5,Win32,60.24096386,668be8e87e83611e680fb3ab,{{%SESSION_ID%},Chrome,,,,,,,,,,,,,,,,,,,,,,,,,,,,,,-1.0,,,,,,,,4.0,,,,,,,,,conditions/conds_128.csv,0.0,1.0,,,,,,,,,2212.7767,2214.4768,"[0.0016000000236999767,0.01610000002392553,0.03280000001177541,0.049500000000080036,0.0660000000002583,0.08300000000008367,0.09950000000026193,0.11690000003591194,0.13360000002376182,0.14940000003571186,0.1661999999882937,0.18280000001186636,0.19940000003589375,0.21610000002374363,0.23360000002367087,0.25010000002384913,0.26610000002392553,0.28250000000025466,0.2994000000358028,0.3161999999879299,0.3328000000119573,0.34950000000026193,0.3661000000238346,0.38290000003598834,0.4001000000239401,0.41600000000016735,0.4329999999999927,0.449500000000171,0.46610000002374363,0.483199999988301,0.5,0.5161999999882028,0.5328000000117754,0.5494000000358028,0.566300000011779,0.5831000000239328,0.5996000000241111,0.6161999999881118,0.6325000000001637,0.6494999999999891,0.6661000000240165,0.6841999999883228,0.7003000000117936,0.7161999999880209,0.7329000000358974,0.7494999999998981,0.7668000000121538,0.7828000000117754,0.79950000000008,0.8161999999879299,0.8328000000119573,0.8494000000359847,0.8661000000238346,0.8828000000121392,0.8998000000119646,0.9160000000001673,0.9329999999999927,0.9496000000240201,0.9666000000238455,0.9826999999881991,0.9994999999998981,1.0161999999882028,1.0326999999879263,1.0494000000358028,1.0661000000241074,1.0829000000358064,1.099600000024111,1.1161000000238346,1.1330000000002656,1.149499999999989,1.1661000000240165,1.1828000000118664,1.199500000000171,1.215699999987919,1.2328000000120483,1.2505000000001019,1.2661999999882028,1.283100000023751,1.2994000000358028,1.3166000000237545,1.3329000000358064,1.3493000000121356,1.3661999999881118,1.3829000000359883,1.3993000000118627,1.4161000000240165,1.4326999999880172,1.4503000000117936,1.4659999999998945,1.4828000000120483,1.4996000000237473,1.5161999999882028,1.5326999999879263,1.5496000000239292,1.5661000000241074,1.5828000000119573,1.599500000000262,1.6173000000121647,1.6334999999999127,1.650000000000091,1.6660000000001673,1.683699999988221,1.699999999999818]",0.01665098,0.000470241,103.0,right,1.0,,,,,,2.0,0.0,4.0,0.5,-1.880160966,1.0,0.276425855,-0.525116252,57.0,0.007853982,0.392441245,0.040602447,0.07130778,0.218867016,4.0,1.087150551,-0.823351605,28.0,0.006108652,0.373747518,0.036497013,0.082304542,0.218348002,5.0,1.483639455,-0.173432322,41.0,0.013089969,0.382506884,0.032100804,0.075836611,0.218324429,6.0,1.387594148,-0.358260786,97.0,0.006981317,0.43254107,0.031598025,0.077611504,0.241207486,6.0,0.0,0.0,0.0,0.0,0.0,0.0,0.0,0.0,0.0,0.0,0.0,0.0,0.0,0.0,0.0,0.0,0.0,0.0,0.0,0.0,0.0,0.0,0.0,0.0,0.0,0.0,0.0,0.0,0.0,0.0,0.0,0.0,0.0,0.0,0.0,0.0,0.0,0.0,0.0,0.0,0.0,0.0,0.0,0.0,0.0,0.0,0.0,0.0,0.0,0.0,0.0,0.0,0.0,0.0,0.0,0.0,0.0,0.0,0.0,0.0,0.0,0.0,0.0,0.0,0.0,0.0,0.0,0.0,0.0,0.0,0.0,0.0,,,,,,,0.5562,,0.0,25.0,25.0,25.0,1.0,,,,,,,,,,,,,,,,,,,,,,,,,,,,0
S070,2,2024-11-21_13h14.36.924,MotivatedInference,2024.1.5,Win32,60.24096386,668be8e87e83611e680fb3ab,{{%SESSION_ID%},Chrome,,,,,,,,,,,,,,,,,,,,,,,,,,,,,,-1.0,,,,,,,,12.0,,,,,,,,,conditions/conds_128.csv,0.0,1.0,,,,,,,,,2216.0294,2220.5099,"[0.0040999999641826435,0.017300000011800876,0.03280000001177541,0.047399999976278195,0.06380000001172448,0.08389999997598352,0.09709999996402985,0.11639999997623818,0.13000000000010914,0.15159999996421902,0.16409999996403712,0.18339999997624545,0.19689999997626728,0.21619999998802086,0.23389999997607447,0.24749999999994543,0.2663000000120519,0.28089999997609993,0.29959999996435727,0.3133999999763546,0.3301999999880536,0.34739999997600535,0.3674999999998363,0.3805999999640335,0.39969999998811545,0.4138999999763655,0.4348999999760963,0.449500000000171,0.46809999996412444,0.4806999999882464,0.5013999999760017,0.5138000000119973,0.5328000000117754,0.54950000000008,0.5633999999763546,0.5800999999642045,0.5966999999882319,0.6183999999761909,0.630899999976009,0.650000000000091,0.6643000000117354,0.6829999999999927,0.6995999999639935,0.7145999999643209,0.7333999999759726,0.7470999999641208,0.7681999999881555,0.7800999999640226,0.7968000000118991,0.8161999999879299,0.8300999999642045,0.846800000012081,0.8633999999760817,0.8828000000116845,0.8968000000118082,0.916199999987839,0.9308000000119137,0.9468999999762673,0.9633999999759908,0.9808000000120956,0.9996999999880245,1.013599999964299,1.0329999999999018,1.0498000000120555,1.06459999996423,1.0800999999642045,1.0996999999879336,1.1133999999760817,1.1343999999762673,1.1475000000000364,1.166300000011688,1.1808999999761909,1.199999999999818,1.214099999964219,1.2331999999878462,1.2503999999762527,1.2673000000118009,1.2800999999640226,1.29950000000008,1.3173000000119828,1.3300999999642045,1.3493000000116808,1.3633999999760817,1.3838999999761654,1.396699999987959,1.416300000011688,1.4348999999760963,1.44680000001199,1.4645000000000437,1.48419999998805,1.497300000011819,1.5180999999643063,1.5304999999998472,1.5508000000118045,1.5685999999641353,1.5799999999999272,1.5975999999641317,1.6180999999642154,1.6300000000001091,1.6496999999881155,1.6635000000001128,1.6829999999999927,1.699899999975969,1.7133999999759908,1.7300999999642954,1.7513000000117245,1.76419999998825,1.7829999999999018,1.7970000000000255,1.816300000011779,1.8298000000118009,1.8466999999882319,1.8631999999879554,1.8800999999643864,1.8968000000118082,1.9133999999762636,1.932599999964168,1.9519999999997708,1.96630000001187,1.9806999999882464,2.001099999964026,2.01419999998825,2.0328999999760526,2.0475000000001273,2.0663999999760563,2.0839999999998327,2.096800000012081,2.1165000000000873,2.130899999976009,2.1464999999998327,2.1660999999644446,2.1799999999998363,2.196699999988141,2.217800000011721,2.2305999999643973,2.2510000000002037,2.2640000000001237,2.283099999964179,2.2975000000001273,2.3163999999760563,2.3306999999881555,2.34900000000016,2.3633999999760817,2.3833000000117863,2.400500000000193,2.4175999999642954,2.4300999999641135,2.4506999999880463,2.464199999988068,2.4828999999763255,2.496599999964019,2.5133999999761727,2.5300000000002,2.5475000000001273,2.568399999976009,2.5801999999880536,2.60109999996439,2.613599999964208,2.62989999997626,2.6508000000117136,2.668399999975918,2.681599999964419,2.696699999988141,2.713399999975991,2.730899999975918,2.751699999987977,2.7671999999879517,2.779899999976351,2.80159999996431,2.8166999999880318,2.8299999999999272,2.849300000011681,2.8633999999760817,2.8828999999759617,2.896800000011808,2.916300000011688,2.9299999999998363,2.946699999988141,2.963399999975991,2.9800999999642954,3.0011999999878753,3.01419999998825,3.033800000011979,3.0475000000001273,3.0633999999763546,3.0799999999999272,3.097899999976107,3.1165000000000873,3.1301999999882355,3.146699999987959,3.1665999999640917,3.1800999999641135,3.1998000000116917,3.214099999964219,3.230000000000018,3.2473999999760963,3.2676999999880536,3.2806999999879736,3.29950000000008,3.3133999999763546,3.33409999996411,3.347199999987879,3.366399999976238,3.3801999999882355,3.396800000011808,3.416300000011688,3.430399999976089,3.45049999999992,3.464199999988068,3.4828999999763255,3.496599999964019,3.5133999999761727,3.5326999999879263,3.54950000000008,3.5633999999763546,3.5828000000119573,3.596699999988232,3.6165000000000873,3.630000000000109,3.646699999987959,3.6633999999762636,3.6826999999880172,3.6975999999640408,3.7175999999640226,3.7308000000120956,3.7503999999762527,3.764099999964401,3.7800000000002,3.80159999996431,3.8165999999641826,3.829899999976078,3.849300000011681,3.8633000000118045,3.8801999999882355,3.89659999996411,3.9133000000119864,3.9299999999998363,3.9513999999762746,3.963999999999942,3.9828000000120483,3.9973999999760963,4.016500000000178,4.0300000000002,4.04669999998805,4.063399999976355,4.079999999999927,4.100599999964288,4.113599999964208,4.1328000000116845,4.14659999996411,4.163399999976264,4.180199999987963,4.201000000000022,4.213800000011815,4.234599999964303,4.247099999964121,4.266199999988203,4.2800000000002,4.300899999976082,4.313699999987875,4.333000000000084,4.346699999988232,4.366399999976238,4.380099999964386,4.39939999997614,4.413399999976264,4.429899999975987,4.44769999998789,4.467999999999847,4.480399999976271]",0.01664052,0.002784989,270.0,right,1.0,,,,,,2.0,0.0,12.0,0.5,-1.916914743,1.0,1.604704537,0.06776445,53.0,-0.003490659,0.390095866,0.043303837,0.083823939,0.349451294,6.0,0.702878211,-0.9864118,15.0,-0.006108652,0.362511679,0.045131456,0.089284594,0.250473103,5.0,0.858610328,-0.989299098,97.0,0.006981317,0.43254107,0.031598025,0.077611504,0.241207486,6.0,0.216322861,-0.419274212,87.0,0.006108652,0.415699595,0.038834066,0.066745096,0.25903141,5.0,0.579927075,-0.916744855,70.0,0.007853982,0.401012824,0.032375196,0.060909739,0.168550131,4.0,0.020517682,-0.041023848,97.0,0.006981317,0.43254107,0.031598025,0.077611504,0.241207486,6.0,2.091353146,0.862967439,54.0,-0.000872665,0.390632361,0.034931933,0.073298853,0.195852464,4.0,0.883423141,-0.980843683,70.0,0.007853982,0.401012824,0.032375196,0.060909739,0.168550131,4.0,1.642468299,0.142853555,39.0,-0.006981317,0.381053424,0.030288742,0.070264002,0.227413277,7.0,2.02919062,0.793651982,40.0,0.001745329,0.381763748,0.031902579,0.075140032,0.211660484,6.0,2.423067469,0.991069334,15.0,-0.006108652,0.362511679,0.045131456,0.089284594,0.250473103,5.0,0.228703976,-0.441624007,59.0,0.006981317,0.393731017,0.031135395,0.06163787,0.205460115,5.0,,,,,,,0.4844,,0.0,26.0,26.0,26.0,1.0,,,,,,,,,,,,,,,,,,,,,,,,,,,,0
S070,2,2024-11-21_13h14.36.924,MotivatedInference,2024.1.5,Win32,60.24096386,668be8e87e83611e680fb3ab,{{%SESSION_ID%},Chrome,,,,,,,,,,,,,,,,,,,,,,,,,,,,,,-1.0,,,,,,,,5.0,,,,,,,,,conditions/conds_128.csv,0.0,1.0,,,,,,,,,2221.9966,2225.0813,"[0.0025999999638770532,0.01639999997587438,0.03219999998782441,0.046199999987948104,0.06259999996427723,0.07939999997597624,0.09899999999970532,0.11269999998785352,0.12939999997615814,0.1491999999880136,0.16269999998803542,0.17929999995203616,0.19639999997616542,0.21809999996412444,0.2333999999759726,0.24669999998786807,0.26259999996409533,0.2792999999519452,0.29599999999982174,0.31659999996418264,0.3298999999760781,0.3500999999641863,0.36599999999998545,0.37909999996418264,0.39879999995218895,0.4156999999877371,0.4293999999758853,0.4486999999880936,0.4633999999759908,0.4793999999760672,0.500399999975798,0.5135000000000218,0.5321999999878244,0.5467999999523272,0.5652999999520034,0.5791999999878499,0.5988999999758562,0.6163999999757834,0.6299999999996544,0.6491999999880136,0.6633999999758089,0.6837999999520434,0.7012999999519707,0.7154999999997926,0.7292999999522181,0.7508999999758998,0.7635999999638443,0.7841999999877771,0.79669999998805,0.815699999987828,0.8293999999759762,0.8458999999761545,0.8625999999640044,0.8831999999879372,0.8992999999522908,0.9125999999641863,0.9292999999520362,0.9458999999760636,0.9626999999877626,0.983599999964099,0.9967999999521453,1.0163999999758744,1.030399999975998,1.0490999999642554,1.0626999999881264,1.08199999999988,1.0960999999642809,1.1125999999640044,1.1320999999638843,1.1459999999997308,1.1652999999523672,1.1792999999520362,1.2007999999523236,1.2135999999641172,1.2323999999757689,1.2484999999996944,1.2625999999640953,1.2793999999757943,1.2959999999998217,1.3137999999521526,1.329899999976078,1.3511999999877844,1.3627999999521307,1.382499999999709,1.398899999976038,1.4158999999758635,1.431999999999789,1.4459999999999127,1.465699999987919,1.4800000000000182,1.500399999975798,1.5132999999523236,1.5320999999639753,1.546099999964099,1.5672999999519561,1.5800999999642045,1.6015999999640371,1.6163999999757834,1.6296999999881336,1.6492999999522908,1.6626999999880354,1.6793999999758853,1.6958999999760636,1.7125999999639134,1.729299999952218,1.750999999999749,1.7633999999761727,1.7832999999523054,1.7965999999642008,1.815599999963979,1.8293999999759762,1.8511999999877844,1.8634999999999309,1.8840999999642918,1.896099999964008,1.915699999987737,1.9292999999520362,1.9459999999999127,1.9661999999880209,1.9800000000000182,2.000499999999647,2.0133999999761727,2.0324999999998,2.04669999998805,2.067299999951956,2.082599999964259,2.098899999975856,2.112499999999727,2.1347999999520653,2.146699999987959,2.1625999999641863,2.1838999999758926,2.196699999987686,2.2154999999997926,2.230299999951967,2.248899999975947,2.2626999999879445,2.2791999999881227,2.300999999999931,2.3163999999760563,2.329299999952127,2.350599999964288,2.3626999999878535,2.384099999964292,2.396099999964008,2.4125999999641863,2.4323999999760417,2.448799999952371,2.4626999999877626,2.479399999976067,2.5,2.517399999976078,2.5293999999757943,2.549999999999727,2.5633999999759,2.5837999999521344,2.5964999999996508,2.615599999964161,2.633099999964088,2.646699999987959,2.6626999999880354,2.684599999964121,2.6963999999761654,2.7164999999999964,2.730000000000018,2.749899999976151,2.7664999999997235,2.7791999999881227,2.7958999999759726,2.8125999999642772,2.832699999988108,2.8462999999519525,2.865599999964161,2.879399999976158,2.895999999999731,2.913499999999658,2.9299999999998363,2.9486999999880936,2.9631999999878644,2.9827999999520216,2.9968999999759944,3.0169999999998254,3.02969999998777,3.049299999951927,3.0625999999642772,3.0845999999642117]",0.016659459,0.002975582,186.0,right,1.0,,,,,,1.0,0.0,8.0,0.5,4.520220834,-1.0,2.979862265,0.317849763,36.0,0.002617994,0.379263044,0.03913601,0.077664539,0.168574417,3.0,2.672936462,0.805970062,70.0,0.007853982,0.401012824,0.032375196,0.060909739,0.168550131,4.0,3.075905189,0.130997348,96.0,0.002617994,0.429744758,0.028375272,0.064697354,0.217313714,7.0,2.595958358,0.887212906,47.0,-0.003490659,0.386485672,0.032547094,0.064121381,0.201087455,6.0,1.908634547,0.625425276,42.0,0.010471976,0.383208229,0.034272345,0.075051408,0.167478928,5.0,2.308964545,0.995541981,59.0,0.006981317,0.393731017,0.031135395,0.06163787,0.205460115,5.0,2.164766972,0.92760186,40.0,0.001745329,0.381763748,0.031902579,0.075140032,0.211660484,6.0,1.485189511,-0.170378361,12.0,0.006981317,0.359228273,0.039160557,0.080955667,0.284615847,7.0,0.0,0.0,0.0,0.0,0.0,0.0,0.0,0.0,0.0,0.0,0.0,0.0,0.0,0.0,0.0,0.0,0.0,0.0,0.0,0.0,0.0,0.0,0.0,0.0,0.0,0.0,0.0,0.0,0.0,0.0,0.0,0.0,0.0,0.0,0.0,0.0,,,,,,,0.6754,,0.0,27.0,27.0,27.0,1.0,,,,,,,,,,,,,,,,,,,,,,,,,,,,0
S070,2,2024-11-21_13h14.36.924,MotivatedInference,2024.1.5,Win32,60.24096386,668be8e87e83611e680fb3ab,{{%SESSION_ID%},Chrome,,,,,,,,,,,,,,,,,,,,,,,,,,,,,,-1.0,,,,,,,,10.0,,,,,,,,,conditions/conds_128.csv,0.0,1.0,,,,,,,,,2226.7635,2231.2435,"[0.003699999987929914,0.016000000000076398,0.029100000023845496,0.0493999999762309,0.06289999997625273,0.07969999998795174,0.09889999997631094,0.11289999997597988,0.13400000000001455,0.1456000000239328,0.16539999997621635,0.17919999998821368,0.1991999999881955,0.21250000000009095,0.23389999997607447,0.2456999999881191,0.26519999998799904,0.27899999999999636,0.29560000002402376,0.3141000000237,0.3288000000120519,0.34939999997595805,0.3654999999998836,0.3788999999760563,0.39649999999983265,0.4166000000236636,0.42910000002393645,0.44989999997596897,0.4626999999882173,0.48250000000007276,0.4961000000239437,0.5123000000121465,0.5298000000120737,0.5498999999763328,0.5638000000117245,0.5790000000001783,0.5956999999880281,0.6176999999879627,0.6325000000001637,0.64569999998821,0.6656000000239146,0.6786999999881118,0.69889999997622,0.7161000000237436,0.7334999999998217,0.7461000000239437,0.7621999999882973,0.7818999999763037,0.8009999999999309,0.8130000000001019,0.8324999999999818,0.8456999999880281,0.8651999999879081,0.87989999997626,0.89939999997614,0.9143999999760126,0.9323000000117645,0.9461000000237618,0.9668999999762491,0.9793999999760672,1,1.012499999999818,1.0338000000119791,1.0486999999880027,1.0625,1.0833000000120592,1.0956999999880281,1.1123000000120555,1.1289999999999054,1.1464999999998327,1.1663999999759653,1.1796999999883155,1.1984999999999673,1.2126999999882173,1.2333999999759726,1.2458999999762455,1.266300000012052,1.279399999976249,1.300000000000182,1.3126999999881264,1.3328000000119573,1.3458000000118773,1.3666999999882137,1.37989999997626,1.3991000000237364,1.41310000002386,1.4321000000236381,1.4463999999761654,1.4666999999881227,1.4796000000237655,1.5,1.5126000000236672,1.5338000000119791,1.5508000000118045,1.5626999999881264,1.5816000000236272,1.5956999999880281,1.6154999999998836,1.6291000000237545,1.64569999998821,1.6653999999762163,1.6796000000240383,1.7011999999881482,1.7161000000237436,1.7318999999761218,1.745699999988119,1.762399999975969,1.7833000000118773,1.7959999999998217,1.81530000001203,1.828800000012052,1.84619999998813,1.86689999997634,1.8793999999761581,1.900600000024042,1.9128999999761618,1.93380000001207,1.9463000000118882,1.965699999987919,1.9831000000240238,1.9963999999763473,2.0158999999762273,2.032000000000153,2.0498000000120555,2.065699999988283,2.0790000000001783,2.098500000000058,2.1123999999763328,2.131399999976111,2.1458999999763364,2.16519999998809,2.1790000000000873,2.1996999999882973,2.2128000000120664,2.2325000000000728,2.2491000000236454,2.2623000000121465,2.2818000000120264,2.300999999999931,2.312399999976151,2.331899999976031,2.345699999988028,2.3626999999883083,2.3811000000237073,2.400500000000193,2.41519999998809,2.4318999999763946,2.4453999999759617,2.4651000000239947,2.4796000000237655,2.4983999999763,2.5121999999882973,2.532100000024002,2.5456000000240238,2.565199999988181,2.5790000000001783,2.598500000000058,2.612999999999829,2.6316999999880863,2.645600000023933,2.665300000011939,2.6790000000000873,2.698399999976118,2.7121999999881155,2.7289999999998145,2.745600000023842,2.7654999999999745,2.7788999999761472,2.79580000001215,2.8163999999760563,2.828899999976329,2.845699999988028,2.865199999987908,2.8788999999760563,2.9003999999763437,2.9138000000120883,2.931999999999789,2.949999999999818,2.963100000024042,2.983199999988301,3.0008000000120774,3.0128000000117936,3.032100000024002,3.045699999988301,3.0621000000237473,3.0786999999882028,3.100500000000011,3.1154999999998836,3.1288999999760563,3.146199999988312,3.1656000000239146,3.1790000000000873,3.19560000002366,3.216199999988021,3.2296000000237655,3.2503000000119755,3.262899999976071,3.281500000000051,3.295699999988301,3.3123000000118736,3.328899999976329,3.3503000000118845,3.3621999999882064,3.3788999999760563,3.39569999998821,3.4176999999881446,3.4323999999760417,3.4471000000239655,3.4651000000239947,3.4796999999880427,3.4983999999763,3.517399999976078,3.5296000000239474,3.548399999976027,3.5623000000118736,3.5816999999879044,3.595600000023751,3.6123000000120555,3.6291000000237545,3.6463000000117063,3.666300000012143,3.6799999999998363,3.6986000000238164,3.713100000024042,3.7318000000118445,3.7453999999761436,3.7661000000239255,3.7795000000000982,3.7998999999763328,3.8156000000240056,3.8318000000117536,3.845600000023751,3.86730000001171,3.8789999999999054,3.8991999999880136,3.91239999997606,3.9318000000121174,3.94560000002366,3.96630000001187,3.979899999976169,3.995600000023842,4.012199999988297,4.029199999988123,4.049399999976231,4.062600000023849,4.083699999988312,4.095800000011877,4.115300000011757,4.128999999999905,4.14569999998821,4.165399999976216,4.179600000024038,4.195699999987937,4.216499999999996,4.2296000000237655,4.248600000023998,4.262399999975969,4.281800000012026,4.295699999988301,4.312300000011874,4.328899999976329,4.345600000023751,4.3623000000120555,4.378999999999905,4.4003000000120664,4.412899999976162,4.4340000000001965,4.445800000011786,4.466100000023744,4.479699999988043]",0.016639405,0.00303287,270.0,right,1.0,,,,,,1.0,0.0,12.0,0.5,3.899519177,-1.0,1.607863906,0.074067269,19.0,-8.92894e-14,0.366380653,0.037711395,0.069882825,0.280007013,7.0,2.348121976,0.999869672,74.0,-0.002617994,0.403888444,0.032857311,0.06846285,0.186846183,6.0,2.012406029,0.772786129,80.0,0.000872665,0.408817555,0.034279956,0.069360427,0.160822937,4.0,0.891616243,-0.977520171,44.0,-0.006981317,0.384544024,0.027675657,0.071715856,0.246225121,7.0,2.501998864,0.957782611,24.0,-0.000872665,0.370951047,0.044446314,0.068882508,0.271498611,5.0,1.165861032,-0.72419794,95.0,-0.003490659,0.427246221,0.028411926,0.064304978,0.203029515,6.0,0.650281462,-0.963708614,31.0,0.004363323,0.375872077,0.0344646,0.07529372,0.228193104,6.0,1.835489685,0.5050041,82.0,0.004363323,0.410673221,0.022643594,0.062174001,0.106425045,4.0,2.330520156,0.998681947,56.0,0.002617994,0.391878159,0.037400891,0.06461151,0.256914973,6.0,2.701772035,0.770510243,2.0,0.008726646,0.338473989,0.032964075,0.086271212,0.185208292,4.0,2.678365785,0.799494829,85.0,0.003490659,0.413672168,0.024690997,0.064801949,0.114487367,4.0,2.763089033,0.686749103,42.0,0.010471976,0.383208229,0.034272345,0.075051408,0.167478928,5.0,,,,,,,0.5009,,0.0,28.0,28.0,28.0,1.0,,,,,,,,,,,,,,,,,,,,,,,,,,,,0
S070,2,2024-11-21_13h14.36.924,MotivatedInference,2024.1.5,Win32,60.24096386,668be8e87e83611e680fb3ab,{{%SESSION_ID%},Chrome,,,,,,,,,,,,,,,,,,,,,,,,,,,,,,-1.0,,,,,,,,11.0,,,,,,,,,conditions/conds_128.csv,0.0,1.0,,,,,,,,,2232.7428,2237.2298,"[0.004199999988031777,0.01900000000023283,0.03289999997650739,0.053399999976136314,0.0670999999642845,0.08730000001196458,0.1000000000003638,0.11919999998826825,0.13300000000026557,0.15450000000009823,0.16900000000032378,0.18299999999999272,0.20219999998835192,0.2191999999881773,0.2328999999763255,0.2531999999882828,0.2671999999884065,0.2860000000000582,0.2996999999882064,0.3173000000119828,0.3373999999762418,0.35289999997621635,0.3693000000121174,0.38550000000032014,0.4001999999882173,0.42089999997642735,0.4338000000120701,0.45309999996425177,0.4665999999642736,0.4868999999762309,0.5045999999642845,0.5203999999762345,0.5328999999765074,0.5495999999643573,0.5663000000122338,0.5836999999883119,0.6030000000000655,0.6163999999762382,0.6338000000118882,0.6530999999645246,0.6663000000121428,0.6829999999999927,0.702300000012201,0.71630000001187,0.7368000000119537,0.7501999999881264,0.7691999999883592,0.7865999999644373,0.7995999999643573,0.8161999999883847,0.8376999999882173,0.8496999999883883,0.8661999999881118,0.885399999976471,0.9023999999762964,0.9163000000121428,0.9329999999999927,0.949500000000171,0.96630000001187,0.9830000000001746,1.0050000000001091,1.0168000000121538,1.0360000000000582,1.0495999999643573,1.0670000000000073,1.08600000000024,1.0995999999645392,1.1185999999643172,1.133699999988039,1.154399999976249,1.169499999999971,1.1828999999761436,1.2028000000118482,1.2200000000002547,1.236000000000331,1.2495000000003529,1.26909999996451,1.2828999999765074,1.29950000000008,1.3161999999883847,1.3333999999763364,1.3546999999880427,1.3700000000003456,1.3855999999645974,1.3995999999642663,1.4198999999762236,1.4335999999643718,1.4528999999761254,1.4690999999643282,1.4828000000120483,1.5050000000001091,1.5165000000001783,1.5381999999881373,1.5500999999644591,1.565800000012132,1.585899999976391,1.60269999998809,1.6181999999880645,1.6330000000002656,1.6495999999642663,1.6663000000121428,1.6829999999999927,1.6995999999644482,1.7191999999881773,1.7335999999645537,1.7531999999882828,1.766899999976431,1.7861999999881846,1.803300000011859,1.8188999999761108,1.833800000012161,1.8496999999883883,1.8659999999999854,1.8871999999882973,1.8996999999881155,1.9188000000121974,1.9328999999761436,1.9525999999646046,1.966899999976249,1.9866999999881045,2.000500000000102,2.0193999999764856,2.03280000001223,2.0540999999643645,2.070599999964543,2.0860999999645173,2.0996999999883883,2.1195000000002437,2.133800000011888,2.1538999999761472,2.16639999997642,2.185800000012023,2.199399999976322,2.219000000000051,2.2328999999763255,2.2496999999880245,2.271800000012263,2.2833999999761545,2.2995999999643573,2.3191999999880863,2.3328999999762345,2.349599999964539,2.3698999999764965,2.38359999996419,2.4033999999765,2.420599999964452,2.4368000000122265,2.449599999964448,2.469000000000051,2.4855999999645064,2.4995999999641754,2.5165999999644555,2.537500000000364,2.5503999999764346,2.57019999998829,2.583099999964361,2.604399999976522,2.61969999998837,2.6328999999764164,2.6503000000120664,2.67009999996435,2.6828999999761436,2.699399999976322,2.719099999964328,2.733699999988403,2.753800000012234,2.770199999988108,2.7830000000003565,2.80319999998801,2.8170000000000073,2.83689999997614,2.8500999999641863,2.870099999964168,2.8845999999643936,2.900099999964368,2.9210999999645537,2.9335000000000946,2.9528999999761254,2.966899999976249,2.9858000000122047,3.0035000000002583,3.01700000000028,3.0356999999880827,3.04950000000008,3.066300000012234,3.0828999999762345,3.1030000000000655,3.1208000000119682,3.1328999999764164,3.1523999999762964,3.1660999999644446,3.1829999999999927,3.199399999976322,3.220099999964532,3.23330000001215,3.252300000011928,3.2670999999645574,3.2828999999765074,3.29950000000008,3.3161999999883847,3.3328999999762345,3.349399999976413,3.37059999996427,3.3859999999999673,3.3996999999881155,3.4193000000118445,3.433599999964372,3.453800000012052,3.4698999999764055,3.4828000000120483,3.503199999988283,3.516899999976431,3.5373000000122374,3.5498999999763328,3.5703999999764164,3.583099999964361,3.6043000000122447,3.6193000000121174,3.6381999999880463,3.6538999999761472,3.6688999999764746,3.6828999999761436,3.7025000000003274,3.716199999988021,3.736000000000331,3.7495999999641754,3.770099999964259,3.783199999988028,3.8030000000003383,3.820300000012139,3.835899999976391,3.8501999999880354,3.8698999999764965,3.8833999999765183,3.902300000012019,3.9160999999644446,3.932599999964168,3.9523999999764783,3.9666999999881227,3.98539999997638,4.000500000000102,4.0203999999762345,4.033599999964281,4.04950000000008,4.066300000012234,4.087099999964266,4.100099999964186,4.119000000000142,4.133000000000266,4.1525000000001455,4.169800000011946,4.182999999999993,4.202800000011848,4.219500000000153,4.233699999988403,4.253099999964434,4.2665999999644555,4.286899999976413,4.300000000000182,4.321199999988039,4.333399999976336,4.353300000012041,4.3665999999643645,4.3873000000121465,4.3996999999881155,4.419000000000324,4.432699999988017,4.449500000000171,4.466199999988021,4.486899999976231]",0.016664312,0.002823756,270.0,left,1.0,,,,,,2.0,0.0,12.0,0.5,-5.22384164,-1.0,0.618591923,-0.944865574,77.0,0.006108652,0.406238369,0.034151794,0.067462161,0.265706452,7.0,1.091411825,-0.818484946,61.0,-0.004363323,0.394911895,0.035957651,0.088187679,0.159307843,4.0,0.64929553,-0.963180339,13.0,0.012217305,0.36034398,0.040523863,0.087309629,0.214125832,4.0,2.498931978,0.959528002,81.0,-0.006981317,0.409724184,0.034267936,0.062711279,0.215248408,5.0,1.143731663,-0.753999279,95.0,-0.003490659,0.427246221,0.028411926,0.064304978,0.203029515,6.0,0.672716807,-0.974713119,68.0,0.009599311,0.399449425,0.031951263,0.065393928,0.165147664,5.0,0.420916324,-0.745865093,40.0,0.001745329,0.381763748,0.031902579,0.075140032,0.211660484,6.0,2.510410273,0.952810863,22.0,-0.006108652,0.369173441,0.034771665,0.081264392,0.215269419,6.0,0.846538854,-0.992532943,59.0,0.006981317,0.393731017,0.031135395,0.06163787,0.205460115,5.0,1.073250206,-0.838809189,31.0,0.004363323,0.375872077,0.0344646,0.07529372,0.228193104,6.0,1.165032964,-0.725339004,38.0,-0.004363323,0.380540373,0.035789754,0.080850361,0.267900983,7.0,1.906193861,0.621608983,93.0,0.012217305,0.423353751,0.033559225,0.078739299,0.188587653,4.0,,,,,,,0.6343,,0.0,29.0,29.0,29.0,1.0,,,,,,,,,,,,,,,,,,,,,,,,,,,,0
S070,2,2024-11-21_13h14.36.924,MotivatedInference,2024.1.5,Win32,60.24096386,668be8e87e83611e680fb3ab,{{%SESSION_ID%},Chrome,,,,,,,,,,,,,,,,,,,,,,,,,,,,,,1.0,,,,,,,,11.0,,,,,,,,,conditions/conds_128.csv,0.0,1.0,,,,,,,,,2239.9976,2244.5127,"[0.0038999999760562787,0.01650000000017826,0.028000000000247383,0.04469999998809726,0.06129999995255275,0.07829999995237813,0.09859999996433544,0.1118999999762309,0.13109999996413535,0.1443999999760308,0.1658999999763182,0.17849999999998545,0.19849999999996726,0.21509999996442275,0.22809999996434271,0.24929999995219987,0.26219999998829735,0.28059999996412444,0.2945999999642481,0.31199999999989814,0.33259999996425904,0.34500000000025466,0.3658999999761363,0.37809999996443366,0.3991999999880136,0.4160999999644446,0.4279999999998836,0.4475999999644955,0.46619999998802086,0.4797999999523199,0.49789999997619816,0.51139999997622,0.5329999999999018,0.5448999999762236,0.5650999999643318,0.5786999999882028,0.5995999999645392,0.6114999999999782,0.6280000000001564,0.6473999999761872,0.6613999999763109,0.6779999999998836,0.6953999999764164,0.7167999999524,0.7325000000000728,0.7447999999521926,0.7612999999523709,0.7778999999763982,0.7947999999523745,0.8140999999641281,0.8286999999882028,0.8485000000000582,0.8631999999879554,0.8778999999763073,0.8946999999880063,0.9152999999523672,0.9280999999641608,0.9473999999763691,0.9610000000002401,0.9810000000002219,0.9976999999880718,1.01139999997622,1.0280999999645246,1.0445999999642481,1.064099999964128,1.07879999995248,1.0985000000000582,1.1150000000002365,1.1280000000001564,1.148899999976038,1.1646999999879881,1.1779999999998836,1.194599999964339,1.211399999976038,1.228799999952571,1.2490999999645283,1.262000000000171,1.283099999964179,1.29789999997638,1.3113999999764019,1.3323999999761327,1.3453999999760526,1.3654999999998836,1.3780999999644337,1.39939999997614,1.411399999976311,1.4305999999642154,1.444599999964339,1.4638999999760927,1.4785999999644446,1.4988999999764019,1.5123999999764237,1.5322999999525564,1.5465999999642008,1.56459999996423,1.5792999999525819,1.5952999999522035,1.6163999999762382,1.6280999999644337,1.6471999999880609,1.66150000000016,1.6810999999643172,1.6947999999524654,1.7111999999883665,1.7306999999882464,1.744599999964521,1.7612999999523709,1.7810999999642263,1.7946999999880973,1.8112999999525528,1.8280999999642518,1.8487999999524618,1.8637999999523345,1.8780999999644337,1.8946999999880063,1.9137999999525164,1.9308999999761909,1.9442999999523636,1.96189999997614,1.9808999999763728,1.9947999999521926,2.0138999999762746,2.029399999976249,2.0490999999642554,2.0620999999641754,2.082599999964259,2.095199999988381,2.1117999999523818,2.130999999999858,2.1446999999880063,2.161299999952462,2.1795999999644664,2.1943999999762127,2.2138999999760927,2.228399999976318,2.2454999999999927,2.2660000000000764,2.278799999952298,2.2980999999645064,2.31459999996423,2.3279999999999745,2.3491999999882864,2.3616999999881045,2.381399999976111,2.394599999964157,2.414199999988341,2.4279999999998836,2.447399999976369,2.461299999952189,2.4822999999523745,2.4952999999522945,2.514099999964401,2.5288999999761472,2.54879999995228,2.565099999964332,2.580899999976282,2.5947999999525564,2.614199999988159,2.6280000000001564,2.644599999964157,2.6611999999881846,2.6779999999998836,2.698799999952371,2.7122999999523927,2.731999999999971,2.749499999999898,2.762000000000171,2.7778999999763982,2.7985999999641535,2.8117999999522,2.830299999952331,2.844699999988279,2.8653999999760345,2.878399999976409,2.898799999952189,2.911299999952462,2.9311999999881664,2.9455000000002656,2.9647999999524473,2.9778999999762163,2.99469999998837,3.0138999999762746,3.0280000000002474,3.0476999999882537,3.0608999999763,3.0806999999881555,3.09459999996443,3.1140000000000327,3.130999999999858,3.14449999999988,3.1616999999882864,3.181500000000142,3.1952999999525673,3.211399999976038,3.2278999999762163,3.244599999964521,3.26629999995248,3.2780000000002474,3.297399999976278,3.3110999999644264,3.3305999999643063,3.34459999996443,3.3617999999523818,3.3780000000001564,3.394599999964157,3.4142999999526182,3.4307999999523418,3.444599999964339,3.4650999999644228,3.47889999997642,3.4975999999642227,3.511299999952371,3.530799999952251,3.5475999999644046,3.5611999999882755,3.5778999999761254,3.5971999999883337,3.6111999999880027,3.6308999999764637,3.64449999999988,3.6616999999882864,3.6779999999998836,3.6942999999523636,3.713999999999942,3.727799999952367,3.7487999999525528,3.761299999952371,3.783099999964179,3.795199999988199,3.815199999988181,3.8286999999882028,3.848500000000058,3.86200000000008,3.877799999952458,3.8952999999523854,3.91150000000016,3.9307999999523418,3.94519999998829,3.9611999999883665,3.9805999999643973,3.9952999999522945,4.011299999952371,4.028099999964525,4.0491999999881045,4.061999999999898,4.081000000000131,4.098399999976209,4.114000000000033,4.128000000000156,4.14449999999988,4.16519999998809,4.178599999964263,4.198299999952269,4.215099999964423,4.228799999952571,4.248299999952451,4.261299999952371,4.283099999964179,4.2947999999523745,4.315399999976307,4.328099999964252,4.347599999964132,4.361399999976129,4.377899999976307,4.394599999964157,4.410899999976209,4.427999999999884,4.447399999976369,4.461299999952189,4.480699999988246,4.4952999999522945,4.5148999999760235]",0.016645756,0.002885997,272.0,left,1.0,,,,,,2.0,0.0,12.0,0.5,-5.22384164,-1.0,0.618591923,-0.944865574,77.0,0.006108652,0.406238369,0.034151794,0.067462161,0.265706452,7.0,1.091411825,-0.818484946,61.0,-0.004363323,0.394911895,0.035957651,0.088187679,0.159307843,4.0,0.64929553,-0.963180339,13.0,0.012217305,0.36034398,0.040523863,0.087309629,0.214125832,4.0,2.498931978,0.959528002,81.0,-0.006981317,0.409724184,0.034267936,0.062711279,0.215248408,5.0,1.143731663,-0.753999279,95.0,-0.003490659,0.427246221,0.028411926,0.064304978,0.203029515,6.0,0.672716807,-0.974713119,68.0,0.009599311,0.399449425,0.031951263,0.065393928,0.165147664,5.0,0.420916324,-0.745865093,40.0,0.001745329,0.381763748,0.031902579,0.075140032,0.211660484,6.0,2.510410273,0.952810863,22.0,-0.006108652,0.369173441,0.034771665,0.081264392,0.215269419,6.0,0.846538854,-0.992532943,59.0,0.006981317,0.393731017,0.031135395,0.06163787,0.205460115,5.0,1.073250206,-0.838809189,31.0,0.004363323,0.375872077,0.0344646,0.07529372,0.228193104,6.0,1.165032964,-0.725339004,38.0,-0.004363323,0.380540373,0.035789754,0.080850361,0.267900983,7.0,1.906193861,0.621608983,93.0,0.012217305,0.423353751,0.033559225,0.078739299,0.188587653,4.0,,,,,,,0.567,,0.0,30.0,30.0,30.0,1.0,,,,,,,,,,,,,,,,,,,,,,,,,,,,0
S070,2,2024-11-21_13h14.36.924,MotivatedInference,2024.1.5,Win32,60.24096386,668be8e87e83611e680fb3ab,{{%SESSION_ID%},Chrome,,,,,,,,,,,,,,,,,,,,,,,,,,,,,,1.0,,,,,,,,9.0,,,,,,,,,conditions/conds_128.csv,0.0,1.0,,,,,,,,,2246.0925,2250.5264,"[0.004199999988031777,0.019100000023627217,0.032999999999901775,0.05249999999978172,0.06710000002385641,0.08639999997603809,0.09969999998793355,0.1191999999878135,0.13599999999996726,0.15469999998776984,0.16669999998794083,0.18589999997584528,0.20039999997607083,0.2203000000117754,0.233100000023569,0.2528000000115753,0.266800000011699,0.2856000000238055,0.2998000000116008,0.3193000000119355,0.33310000002347806,0.3496000000236563,0.369499999999789,0.38369999998803905,0.40389999997614723,0.41710000002376546,0.43639999997594714,0.4499999999998181,0.4716000000234999,0.4866000000238273,0.4996999999880245,0.5163999999758744,0.5358999999762091,0.5496999999877517,0.5703999999759617,0.5838000000117063,0.6013999999759108,0.616300000011961,0.6329999999998108,0.6503999999758889,0.6713000000117972,0.6836999999877662,0.7024999999998727,0.7171999999877698,0.7381999999879554,0.750399999975798,0.7663999999758744,0.7831000000237509,0.8001999999878535,0.8215000000000146,0.8331000000234781,0.8524999999999636,0.8668999999758853,0.8858999999761181,0.8996999999881155,0.9163000000116881,0.9329999999999927,0.9503999999760708,0.9691000000239001,0.9833999999759726,1.0028999999758526,1.0163000000115971,1.0329999999999018,1.0528000000117572,1.0671000000238564,1.082999999999629,1.1033999999758635,1.1196999999879154,1.1333999999760636,1.1523999999758416,1.1668999999760672,1.1886000000235981,1.199899999975969,1.2191999999877225,1.2361000000237254,1.2518000000118263,1.2663000000115971,1.2871999999879336,1.2998000000116008,1.3191000000238091,1.3328999999757798,1.3524999999999636,1.3663999999757834,1.385800000011841,1.400499999999738,1.419499999999971,1.4336999999877662,1.4538000000115971,1.4671999999877698,1.4866999999881045,1.5,1.518999999999778,1.5328000000117754,1.5546999999878608,1.5663999999760563,1.5856999999878099,1.6001999999880354,1.6193000000116626,1.633699999988039,1.6523000000115644,1.6671000000237655,1.6861000000235435,1.6996999999878426,1.71630000001187,1.7363000000118518,1.7523999999762054,1.7669999999998254,1.7858000000119318,1.7999999999997272,1.8193999999762127,1.832999999999629,1.8496000000236563,1.8713999999758926,1.883699999988039,1.9038999999761472,1.916300000011688,1.935800000011568,1.9496000000235654,1.9688999999762018,1.9829999999997199,2.000399999975798,2.0168999999759762,2.037899999976162,2.0496999999877517,2.069100000023809,2.08289999997578,2.0996000000236563,2.1191999999878135,2.133699999988039,2.1529999999997926,2.1669999999999163,2.1878000000119755,2.2001999999879445,2.2191999999877225,2.2328999999758707,2.2533999999759544,2.26669999998785,2.288000000000011,2.2996999999877517,2.3191999999880863,2.332999999999629,2.3524999999999636,2.3669999999997344,2.3856999999879918,2.40260000002354,2.416300000011688,2.4358999999758453,2.453699999987748,2.4708999999761545,2.48299999999972,2.503800000011779,2.5198000000118554,2.533100000023751,2.554199999987759,2.5666999999880318,2.586300000011761,2.602100000023711,2.6159999999999854,2.635800000011841,2.6501999999877626,2.6706999999878462,2.683699999987766,2.703199999988101,2.71719999998777,2.73299999999972,2.7538999999760563,2.76669999998785,2.7873000000117827,2.8008000000118045,2.816300000011779,2.833100000023478,2.8536000000235617,2.86730000001171,2.885899999976118,2.90099999999984,2.919999999999618,2.9333999999757907,2.954300000011699,2.9666000000238455,2.9883999999760817,3,3.020600000023478,3.0333999999761545,3.053699999988112,3.0663999999760563,3.085800000011659,3.0996999999879336,3.116300000011961,3.1328999999759617,3.1523000000115644,3.166899999976067,3.186899999976049,3.2003000000117936,3.219000000000051,3.2361999999880027,3.2534999999998035,3.2663999999758744,3.28619999998773,3.2996000000234744,3.3193999999762127,3.3353999999758344,3.3496000000236563,3.3661000000238346,3.3871999999878426,3.400399999975889,3.419499999999971,3.4329999999999927,3.4524999999998727,3.4698999999759508,3.4828999999758707,3.4996999999880245,3.518899999975929,3.535800000011932,3.5496000000234744,3.56989999997586,3.5838999999759835,3.6028999999762163,3.6166000000234817,3.6361000000238164,3.649600000023838,3.666199999987839,3.6878000000119755,3.7031000000238237,3.7191000000239,3.73299999999972,3.753100000023551,3.76669999998785,3.7861000000234526,3.7994999999996253,3.816300000011779,3.83289999997578,3.8496000000236563,3.8693000000116626,3.887899999976071,3.900399999975889,3.919100000023718,3.933600000023489,3.953800000011597,3.9666000000238455,3.9869999999996253,3.999899999976151,4.02039999997578,4.033500000000004,4.052600000023631,4.06619999998793,4.088300000011714,4.104699999988043,4.118999999999687,4.133699999988039,4.153300000011768,4.166999999999916,4.1861000000235435,4.199600000023565,4.217300000011619,4.232899999975871,4.249399999976049,4.271199999987857,4.282999999999902,4.303399999976136,4.316300000011779,4.336199999987912,4.349600000023656,4.366300000011961,4.382899999975962,4.400499999999738,4.4213999999760745,4.433699999987766]",0.016652256,0.002961561,267.0,right,0.0,,,,,,1.0,0.0,12.0,0.5,0.682470642,1.0,1.11569698,-0.789625672,22.0,-0.006108652,0.369173441,0.034771665,0.081264392,0.215269419,6.0,1.124576875,-0.77860451,89.0,0.014835299,0.418022232,0.039220845,0.067729576,0.134251055,3.0,1.715887121,0.286126226,16.0,0.017453293,0.363466057,0.031192723,0.069909496,0.180964939,5.0,3.064336852,0.15389754,82.0,0.004363323,0.410673221,0.022643594,0.062174001,0.106425045,4.0,1.686092758,0.228554733,84.0,-0.002617994,0.412727296,0.032139903,0.078825818,0.191863964,5.0,2.419722931,0.991939127,81.0,-0.006981317,0.409724184,0.034267936,0.062711279,0.215248408,5.0,1.528524522,-0.084442931,98.0,-0.003490659,0.436582054,0.033239272,0.083554428,0.196244723,5.0,2.720387403,0.746249875,14.0,-0.004363323,0.361562951,0.033827978,0.08680928,0.200727788,5.0,0.507762529,-0.849757466,13.0,0.012217305,0.36034398,0.040523863,0.087309629,0.214125832,4.0,2.284850301,0.989837274,95.0,-0.003490659,0.427246221,0.028411926,0.064304978,0.203029515,6.0,3.03006893,0.221202602,38.0,-0.004363323,0.380540373,0.035789754,0.080850361,0.267900983,7.0,0.223857099,-0.432906155,48.0,-0.013089969,0.387063294,0.032293316,0.069877675,0.198684878,5.0,,,,,,,0.6345,,0.0,31.0,31.0,31.0,1.0,,,,,,,,,,,,,,,,,,,,,,,,,,,,0
S070,2,2024-11-21_13h14.36.924,MotivatedInference,2024.1.5,Win32,60.24096386,668be8e87e83611e680fb3ab,{{%SESSION_ID%},Chrome,,,,,,,,,,,,,,,,,,,,,,,,,,,,,,1.0,,,,,,,,3.0,,,,,,,,,conditions/conds_128.csv,0.0,1.0,,,,,,,,,2252.1757,2253.9088,"[0.002199999988079071,0.019500000000334694,0.03369999998813,0.054800000012164674,0.06710000002385641,0.08590000003596288,0.10040000003573368,0.11990000003606838,0.13369999998803905,0.15390000003571913,0.16730000001189183,0.18850000000020373,0.20060000002422385,0.22080000001187727,0.23280000001204826,0.2526000000239037,0.26619999998820276,0.285900000035781,0.2996999999882064,0.3163000000122338,0.3331000000239328,0.35219999998844287,0.37030000001186636,0.38369999998803905,0.4024000000358683,0.41630000001214285,0.4339000000359192,0.45390000003590103,0.4671999999882246,0.48669999998810454,0.5005000000001019,0.5163000000120519,0.5356000000238055,0.5499000000359047,0.5706999999883919,0.5836000000240347,0.6043000000122447,0.6171999999883155,0.6366999999881955,0.6501000000239401,0.6699000000357955,0.6834000000358174,0.7026999999884538,0.7201000000241038,0.7330000000001746,0.7545000000000073,0.7663000000120519,0.7858000000119318,0.7998000000120555,0.8189000000361375,0.836500000000342,0.8496999999883883,0.8706999999881191,0.8835000000003674,0.904400000035821,0.916400000035992,0.9326999999880172,0.9525000000003274,0.96630000001187,0.983199999988301,1.0041000000242093,1.0179000000357519,1.0331000000242057,1.0526000000240856,1.069600000023911,1.0830000000000837,1.1048000000118918,1.1171000000240383,1.1371999999882973,1.1531999999883737,1.1663000000121428,1.1866000000241002,1.2005000000003747,1.2194000000358756,1.238100000024133,1.2495000000003529,1.2716000000241365,1.2838000000119791,1.302800000012212,1.3201000000240128,1.3331000000239328,1.3526000000238128,1.3691999999882682,1.3859999999999673,1.4024000000358683,1.4163000000121428,1.4329999999999927,1.4496999999882973,1.4691999999881773,1.4829000000358974,1.4995000000003529,1.5176999999880536,1.5331000000242057,1.5525000000002365,1.56690000003573,1.5855000000001382,1.599600000024111,1.616900000035912,1.63269999998829,1.6496000000238382,1.6699000000357955,1.6834000000358174,1.7004000000360975,1.7189000000357737,1.7329000000358974]",0.016641346,0.00297821,105.0,left,1.0,,,,,,2.0,0.0,4.0,0.5,-0.398006442,-1.0,2.439994869,0.985987839,56.0,0.002617994,0.391878159,0.037400891,0.06461151,0.256914973,6.0,0.956863109,-0.94177354,9.0,0.01134464,0.355140301,0.038458273,0.073668072,0.274720221,7.0,1.531642412,-0.078227822,48.0,-0.013089969,0.387063294,0.032293316,0.069877675,0.198684878,5.0,0.186275662,-0.363992921,50.0,-0.003490659,0.388365859,0.031859869,0.061653869,0.235670302,6.0,0.0,0.0,0.0,0.0,0.0,0.0,0.0,0.0,0.0,0.0,0.0,0.0,0.0,0.0,0.0,0.0,0.0,0.0,0.0,0.0,0.0,0.0,0.0,0.0,0.0,0.0,0.0,0.0,0.0,0.0,0.0,0.0,0.0,0.0,0.0,0.0,0.0,0.0,0.0,0.0,0.0,0.0,0.0,0.0,0.0,0.0,0.0,0.0,0.0,0.0,0.0,0.0,0.0,0.0,0.0,0.0,0.0,0.0,0.0,0.0,0.0,0.0,0.0,0.0,0.0,0.0,0.0,0.0,0.0,0.0,0.0,0.0,,,,,,,0.6676,,0.0,32.0,32.0,32.0,1.0,,,,,,,,,,,,,,,,,,,,,,,,,,,,0
S070,2,2024-11-21_13h14.36.924,MotivatedInference,2024.1.5,Win32,60.24096386,668be8e87e83611e680fb3ab,{{%SESSION_ID%},Chrome,,,,,,,,,,,,,,,,,,,,,,,,,,,,,,1.0,,,,,,,,4.0,,,,,,,,,conditions/conds_128.csv,0.0,1.0,,,,,,,,,2255.5924,2257.3124,"[0.002200000047650974,0.01999999999998181,0.033700000047701906,0.052600000023630855,0.0701000000235581,0.08270000004768008,0.1047000000476146,0.1169000000354572,0.13599999999996726,0.14960000002383822,0.16620000004741087,0.1872000000475964,0.19980000001169174,0.22070000004760004,0.23380000001179724,0.2537000000475018,0.2661000000234708,0.2857000000476546,0.30260000002363086,0.3171000000238564,0.3369999999999891,0.35370000004741087,0.3659000000357082,0.38770000004751637,0.3999000000358137,0.4204999999997199,0.4333000000119682,0.4539000000354463,0.46649999999999636,0.48720000004732356,0.5004000000358246,0.5214000000355554,0.5337000000477019,0.5541000000234817,0.5696000000234562,0.58640000003561,0.6004000000357337,0.6199000000356136,0.6332000000475091,0.6526000000235399,0.6664999999998145,0.6874000000357228,0.70330000001195,0.71630000001187,0.7371000000234744,0.7534000000355263,0.7664000000354463,0.7880000000000109,0.8001000000235763,0.8196000000234562,0.8334000000354536,0.8503000000118845,0.8699000000356136,0.8841000000238637,0.9034999999998945,0.9164000000355372,0.933600000023489,0.9502000000475164,0.9698000000116735,0.9829000000354426,1.0011000000235981,1.0169000000355481,1.0374000000356318,1.054300000011608,1.0693000000119355,1.0829000000358064,1.1039999999998145,1.1196000000236381,1.1338000000118882,1.1542000000476946,1.16840000003549,1.18630000001167,1.1998000000116917,1.2208000000118773,1.2333000000116954,1.2523000000119282,1.2664000000354463,1.28690000003553,1.2998000000116008,1.3204000000355336,1.33360000002358,1.3499000000356318,1.3709000000358174,1.3873000000116917,1.4009000000355627,1.4194000000356937,1.4346000000236927,1.4496000000235654,1.46630000001187,1.4871000000234744,1.4997000000475964,1.5159000000357992,1.5372000000475055,1.5509000000356536,1.5670000000000073,1.5873000000119646,1.5998000000117827,1.6204000000357155,1.633200000047509,1.6542000000476946,1.6662000000474109,1.685800000011568,1.7004000000356427,1.7198000000116735]",0.016675728,0.003214454,104.0,right,1.0,,,,,,2.0,0.0,4.0,0.5,-1.880160966,1.0,0.276425855,-0.525116252,57.0,0.007853982,0.392441245,0.040602447,0.07130778,0.218867016,4.0,1.087150551,-0.823351605,28.0,0.006108652,0.373747518,0.036497013,0.082304542,0.218348002,5.0,1.483639455,-0.173432322,41.0,0.013089969,0.382506884,0.032100804,0.075836611,0.218324429,6.0,1.387594148,-0.358260786,97.0,0.006981317,0.43254107,0.031598025,0.077611504,0.241207486,6.0,0.0,0.0,0.0,0.0,0.0,0.0,0.0,0.0,0.0,0.0,0.0,0.0,0.0,0.0,0.0,0.0,0.0,0.0,0.0,0.0,0.0,0.0,0.0,0.0,0.0,0.0,0.0,0.0,0.0,0.0,0.0,0.0,0.0,0.0,0.0,0.0,0.0,0.0,0.0,0.0,0.0,0.0,0.0,0.0,0.0,0.0,0.0,0.0,0.0,0.0,0.0,0.0,0.0,0.0,0.0,0.0,0.0,0.0,0.0,0.0,0.0,0.0,0.0,0.0,0.0,0.0,0.0,0.0,0.0,0.0,0.0,0.0,,,,,,,1.2109,,0.0,33.0,33.0,33.0,1.0,,,,,,,,,,,,,,,,,,,,,,,,,,,,0
S070,2,2024-11-21_13h14.36.924,MotivatedInference,2024.1.5,Win32,60.24096386,668be8e87e83611e680fb3ab,{{%SESSION_ID%},Chrome,,,,,,,,,,,,,,,,,,,,,,,,,,,,,,1.0,,,,,,,,8.0,,,,,,,,,conditions/conds_128.csv,0.0,1.0,,,,,,,,,2259.5262,2262.6587,"[0.002900000035879202,0.0156999999881009,0.03240000003597743,0.04919999998810454,0.06650000000036016,0.08310000002393281,0.0994000000359847,0.11599999999998545,0.13240000003588648,0.14900000000034197,0.16580000001204098,0.18240000003606838,0.1991999999881955,0.21569999998837375,0.23250000000007276,0.24900000000025102,0.26580000001195003,0.2823000000121283,0.29919999998810454,0.3156999999882828,0.33290000003580644,0.34990000003608657,0.36660000002393645,0.38290000003598834,0.3993000000118627,0.41600000000016735,0.4329000000357155,0.449500000000171,0.465900000036072,0.4826000000239219,0.49910000002410015,0.5156999999881009,0.5324000000359774,0.5491000000238273,0.5658000000121319,0.5824000000357046,0.5991000000240092,0.61569999998801,0.6324000000358865,0.6491000000241911,0.6660000000001673,0.6825000000003456,0.6993000000120446,0.7155000000002474,0.7319999999999709,0.7498000000118736,0.7656999999881009,0.7824000000359774,0.7991000000238273,0.8156999999882828,0.8326000000238309,0.8490000000001601,0.86569999998801,0.8823000000120373,0.899000000000342,0.9156999999881918,0.9324000000360684,0.9490000000000691,0.9656999999883737,0.9824000000357955,0.999000000000251,1.01580000001195,1.0321999999882792,1.0491000000238273,1.065800000012132,1.0824000000357046,1.09900000000016,1.11569999998801,1.1323000000120373,1.149100000024191,1.1656999999881918,1.1824000000360684,1.1991000000239183,1.2156999999883737,1.2325000000000728,1.249000000000251,1.265699999988101,1.2824000000359774,1.2986000000241802,1.316400000036083,1.3321999999880063,1.349600000024111,1.365800000011859,1.382100000023911,1.399000000000342,1.4156000000239146,1.4323000000122192,1.4490000000000691,1.4656999999883737,1.4824000000357955,1.4991000000241002,1.51580000001195,1.5324000000359774,1.5491000000238273,1.5656999999882828,1.5823000000118554,1.5991000000240092,1.6166000000239364,1.6326000000240128,1.649100000024191,1.665800000012041,1.6831000000238419,1.6991000000239183,1.7158000000122229,1.7323000000119464,1.7491000000241002,1.7659000000357992,1.7823000000121283,1.7989999999999782,1.8156000000240056,1.8330000000000837,1.8493000000121356,1.8656000000241875,1.8823000000120373,1.8991999999880136,1.9156999999881918,1.9324000000360684,1.9491000000239183,1.9656999999883737,1.9831000000240238,1.999000000000251,2.0156000000238237,2.0323000000121283,2.048999999999978,2.065800000012132,2.082100000024184,2.099100000024009,2.11569999998801,2.1324000000358865,2.149000000000342,2.165699999988192,2.1824000000360684,2.1991000000239183,2.2156999999883737,2.2325000000000728,2.249000000000251,2.265699999988101,2.2824000000359774,2.2991000000238273,2.3156000000240056,2.3324000000357046,2.34900000000016,2.365400000036061,2.3825000000001637,2.399499999999989,2.415699999988192,2.4323000000122192,2.449000000000069,2.4656999999883737,2.4825000000000728,2.4991999999883774,2.515699999988101,2.5323000000121283,2.5491000000238273,2.56650000000036,2.58319999998821,2.59900000000016,2.615800000011859,2.6323000000120373,2.6489000000360647,2.665699999988192,2.6829000000357155,2.6993000000120446,2.7156999999883737,2.731999999999971,2.7488000000121247,2.76580000001195,2.78280000001223,2.7991000000238273,2.8156000000240056,2.8323000000118554,2.84900000000016,2.86569999998801,2.8823000000120373,2.899100000024191,2.9155000000000655,2.9323000000122192,2.949000000000069,2.966400000035719,2.983199999988301,2.9991000000241,3.015699999988101,3.0325000000002547,3.050100000024031,3.065900000035981,3.0821999999880063,3.098900000035883,3.11569999998801,3.1324000000358865]",0.016646277,0.000418885,189.0,left,0.0,,,,,,2.0,0.0,8.0,0.5,0.232991883,1.0,0.440703059,-0.771634026,26.0,-8.92894e-14,0.37233788,0.03804093,0.07765862,0.260457405,6.0,0.043309141,-0.086510011,9.0,0.01134464,0.355140301,0.038458273,0.073668072,0.274720221,7.0,1.93229913,0.661641322,90.0,-0.005235988,0.41932645,0.033694537,0.059919896,0.18718849,4.0,2.472575481,0.973033012,6.0,-0.001745329,0.3497664,0.039524515,0.103278094,0.256513403,7.0,0.545364852,-0.886964156,67.0,0.000872665,0.398829923,0.040120187,0.066830121,0.198372452,4.0,0.867047133,-0.986696494,95.0,-0.003490659,0.427246221,0.028411926,0.064304978,0.203029515,6.0,2.339008675,0.999409354,80.0,0.000872665,0.408817555,0.034279956,0.069360427,0.160822937,4.0,1.739325757,0.330712881,41.0,0.013089969,0.382506884,0.032100804,0.075836611,0.218324429,6.0,0.0,0.0,0.0,0.0,0.0,0.0,0.0,0.0,0.0,0.0,0.0,0.0,0.0,0.0,0.0,0.0,0.0,0.0,0.0,0.0,0.0,0.0,0.0,0.0,0.0,0.0,0.0,0.0,0.0,0.0,0.0,0.0,0.0,0.0,0.0,0.0,,,,,,,0.5168,,0.0,34.0,34.0,34.0,1.0,,,,,,,,,,,,,,,,,,,,,,,,,,,,0
S070,2,2024-11-21_13h14.36.924,MotivatedInference,2024.1.5,Win32,60.24096386,668be8e87e83611e680fb3ab,{{%SESSION_ID%},Chrome,,,,,,,,,,,,,,,,,,,,,,,,,,,,,,1.0,,,,,,,,10.0,,,,,,,,,conditions/conds_128.csv,0.0,1.0,,,,,,,,,2264.1619,2268.6456,"[0.0034000000355263182,0.016400000035446283,0.02999999999974534,0.04670000004762187,0.06410000002369998,0.08280000001150256,0.09730000001172812,0.11749999999983629,0.13080000001173175,0.1466000000236818,0.16330000001153167,0.1806000000237873,0.20149999999966894,0.2134000000355627,0.23440000003574823,0.24990000003572277,0.2631000000237691,0.2847000000474509,0.29710000002341985,0.3164000000356282,0.32999999999992724,0.3493000000116808,0.3663000000115062,0.3806000000236054,0.4006000000235872,0.41330000001153167,0.43499999999994543,0.44699999999966167,0.46649999999999636,0.47990000003574096,0.5006000000234962,0.5132000000476182,0.5299000000354681,0.55110000002378,0.5679999999997563,0.5808000000115499,0.6004999999995562,0.6138000000119064,0.6329000000355336,0.6463000000117063,0.6659999999997126,0.6799000000355591,0.6964999999995598,0.7161000000237436,0.7307000000473636,0.7516000000237,0.7633000000118955,0.7847000000474509,0.7973000000115462,0.8166000000237545,0.8304000000357519,0.8494999999998072,0.863999999999578,0.8841000000234089,0.89890000003561,0.9136000000235072,0.9299999999998363,0.9509000000357446,0.9634000000355627,0.9842000000476219,0.9964000000354645,1.0156000000238237,1.029800000011619,1.0496000000234744,1.0688000000118336,1.0829000000353517,1.0966000000234999,1.115800000011859,1.1304999999997563,1.1466000000236818,1.1633000000115317,1.1799999999998363,1.1964999999995598,1.2171000000234926,1.2306000000235144,1.2481000000234417,1.26299999999992,1.2797000000473417,1.2992000000476764,1.3133000000116226,1.3296000000236745,1.3493000000116808,1.3639000000357555,1.3843000000115353,1.4009000000355627,1.4129000000357337,1.4334000000353626,1.4476000000236127,1.4632000000474363,1.480300000011539,1.499400000035621,1.51620000004732,1.5301000000235945,1.5508000000118045,1.565200000047298,1.5834999999997308,1.5969000000354754,1.616800000011608,1.6308000000117318,1.649900000035359,1.6638000000116335,1.6839999999997417,1.696600000023409,1.7161000000237436,1.729900000035741,1.7493000000117718,1.7632000000476182,1.7829000000356245,1.7964999999999236,1.8133000000116226,1.8328000000115026,1.8473000000117281,1.8684000000357628,1.8838000000118882,1.896200000047429,1.9164000000355372,1.9296000000235836,1.9469999999996617,1.9632000000474363,1.979900000035741,1.9966000000235908,2.013100000023769,2.0328000000117754,2.0464999999999236,2.0632000000473454,2.084100000023682,2.097300000011728,2.1161000000238346,2.129800000011528,2.146600000023682,2.1664999999998145,2.1808000000119137,2.201100000023416,2.213600000023689,2.229800000011892,2.246200000047338,2.2659000000353444,2.279900000035468,2.2964999999999236,2.317900000035479,2.333499999999731,2.3464999999996508,2.3632000000475273,2.3828000000116845,2.3964999999998327,2.4133000000115317,2.42980000001171,2.4496000000235654,2.46420000004764,2.4833000000116954,2.4969000000355663,2.51830000001155,2.530499999999847,2.5496000000234744,2.5632000000473454,2.58360000002358,2.597200000047451,2.6166000000234817,2.63030000001163,2.6497000000476874,2.6633000000115317,2.6828000000118664,2.696600000023409,2.7132000000474363,2.7306000000235144,2.7516000000237,2.7634000000357446,2.7829000000356245,2.7964999999999236,2.817400000035377,2.8307000000472726,2.8497000000475055,2.867400000035559,2.879900000035377,2.899499999999989,2.912999999999556,2.932499999999891,2.94649999999956,2.9662000000475928,2.9796000000237655,2.999400000035621,3.0134000000357446,3.034800000011728,3.0474000000353954,3.066200000047502,3.079800000011801,3.097300000011728,3.115900000035708,3.129900000035377,3.150499999999738,3.1638000000116335,3.1846000000236927,3.1969000000353844,3.2171000000234926,3.230300000011539,3.2492000000474945,3.2632000000476182,3.279900000035468,3.2991000000238273,3.316400000035628,3.334200000047531,3.347200000047451,3.3662000000476837,3.3799999999996544,3.396600000023682,3.4132000000472544,3.429900000035559,3.44649999999956,3.4674999999997453,3.4799999999995634,3.4993000000117718,3.5133000000118955,3.529900000035468,3.546800000011899,3.5682000000474545,3.5806000000234235,3.5997000000475055,3.6138000000119064,3.633800000011888,3.647400000035759,3.667800000011539,3.6802000000475346,3.7008000000118955,3.713700000047538,3.731999999999971,3.746600000023591,3.7659999999996217,3.779800000011619,3.7964999999999236,3.8161000000236527,3.8306000000234235,3.8492000000474036,3.8642000000472763,3.88470000004736,3.8969000000356573,3.916200000047411,3.929900000035559,3.9492000000473126,3.9632000000474363,3.9804999999996653,3.9964999999997417,4.013200000047618,4.032600000023649,4.046499999999924,4.063200000047345,4.079999999999927,4.097200000047451,4.117700000047535,4.130600000023605,4.149499999999989,4.16399999999976,4.183600000023489,4.197100000023511,4.216100000023744,4.229900000035741,4.246900000035566,4.267200000047524,4.279800000011619,4.29620000004752,4.3159999999998035,4.330400000035752,4.350700000047254,4.363999999999578,4.3828000000116845,4.396499999999833,4.4171000000237655,4.430700000047636,4.45049999999992,4.463900000035665,4.483499999999822]",0.016654647,0.002906771,270.0,right,1.0,,,,,,1.0,0.0,12.0,0.5,3.899519177,-1.0,1.607863906,0.074067269,19.0,-8.92894e-14,0.366380653,0.037711395,0.069882825,0.280007013,7.0,2.348121976,0.999869672,74.0,-0.002617994,0.403888444,0.032857311,0.06846285,0.186846183,6.0,2.012406029,0.772786129,80.0,0.000872665,0.408817555,0.034279956,0.069360427,0.160822937,4.0,0.891616243,-0.977520171,44.0,-0.006981317,0.384544024,0.027675657,0.071715856,0.246225121,7.0,2.501998864,0.957782611,24.0,-0.000872665,0.370951047,0.044446314,0.068882508,0.271498611,5.0,1.165861032,-0.72419794,95.0,-0.003490659,0.427246221,0.028411926,0.064304978,0.203029515,6.0,0.650281462,-0.963708614,31.0,0.004363323,0.375872077,0.0344646,0.07529372,0.228193104,6.0,1.835489685,0.5050041,82.0,0.004363323,0.410673221,0.022643594,0.062174001,0.106425045,4.0,2.330520156,0.998681947,56.0,0.002617994,0.391878159,0.037400891,0.06461151,0.256914973,6.0,2.701772035,0.770510243,2.0,0.008726646,0.338473989,0.032964075,0.086271212,0.185208292,4.0,2.678365785,0.799494829,85.0,0.003490659,0.413672168,0.024690997,0.064801949,0.114487367,4.0,2.763089033,0.686749103,42.0,0.010471976,0.383208229,0.034272345,0.075051408,0.167478928,5.0,,,,,,,0.4843,,0.0,35.0,35.0,35.0,1.0,,,,,,,,,,,,,,,,,,,,,,,,,,,,0
S070,2,2024-11-21_13h14.36.924,MotivatedInference,2024.1.5,Win32,60.24096386,668be8e87e83611e680fb3ab,{{%SESSION_ID%},Chrome,,,,,,,,,,,,,,,,,,,,,,,,,,,,,,0.0,,,,,,,,2.0,,,,,,,,,conditions/conds_107.csv,1.0,1.0,,,,,,,,,2274.359,2276.0918,"[0.001600000024154724,0.015899999976227264,0.03269999998838102,0.04899999999997817,0.0660000000002583,0.08260000002383094,0.09930000001213557,0.11599999999998545,0.13260000002401284,0.14930000001186272,0.16669999998839558,0.18260000002374,0.19930000001204462,0.21589999997604536,0.23269999998819912,0.24930000001222652,0.2663999999763291,0.282699999988381,0.3003000000121574,0.3163000000122338,0.3326999999881082,0.34950000000026193,0.3658000000118591,0.3826999999882901,0.39939999997613995,0.41600000000016735,0.4326999999880172,0.4493000000120446,0.46589999997604536,0.4826999999881991,0.4993000000122265,0.5160000000000764,0.5328000000122302,0.5496000000239292,0.5663999999760563,0.5826000000238309,0.5993000000121356,0.6158999999761363,0.6331999999883919,0.6496999999881155,0.6658999999763182,0.6829999999999927,0.6991999999881955,0.7159999999998945,0.7333999999764274,0.749399999976049,0.7656999999881009,0.7823000000121283,0.7993999999762309,0.8160000000002583,0.8326000000238309,0.8493000000121356,0.8659999999999854,0.8828000000121392,0.900000000000091,0.9168000000122447,0.9326999999880172,0.9493000000120446,0.9659999999998945,0.9826999999881991,0.9996000000237473,1.016300000012052,1.032699999988381,1.048899999976129,1.0660000000002583,1.082600000023831,1.0993000000121356,1.1159999999999854,1.1326000000240128,1.1491999999880136,1.1660000000001673,1.1826999999880172,1.1993000000120446,1.2159999999998945,1.2328000000120483,1.249399999976049,1.2660000000000764,1.2826000000241038,1.300100000024031,1.3160000000002583,1.3326999999881082,1.3493000000121356,1.365800000011859,1.3836000000237618,1.40010000002394,1.4160000000001673,1.4326999999880172,1.4493000000120446,1.4663999999761472,1.4825000000000728,1.4993000000122265,1.5160000000000764,1.5326000000241038,1.549399999976231,1.5660000000002583,1.5826999999881082,1.5991999999882864,1.6161000000238346,1.63269999998829,1.6493000000118627,1.6660000000001673,1.6828000000118664,1.6993000000120446,1.7159999999998945,1.732600000023922]",0.016644231,0.000404738,105.0,right,0.0,,,,,,1.0,0.0,4.0,0.5,-0.737908075,1.0,2.58244246,0.899358651,4.0,0.001745329,0.345391377,0.044661649,0.086491224,0.292502374,6.0,0.744346663,-0.996631441,19.0,-8.92894e-14,0.366380653,0.037711395,0.069882825,0.280007013,7.0,1.534424745,-0.072679027,55.0,-0.003490659,0.391280598,0.028194872,0.063513844,0.18961797,6.0,0.302010308,-0.567956258,86.0,-0.01134464,0.414570186,0.03611148,0.064685839,0.099529567,3.0,0.0,0.0,0.0,0.0,0.0,0.0,0.0,0.0,0.0,0.0,0.0,0.0,0.0,0.0,0.0,0.0,0.0,0.0,0.0,0.0,0.0,0.0,0.0,0.0,0.0,0.0,0.0,0.0,0.0,0.0,0.0,0.0,0.0,0.0,0.0,0.0,0.0,0.0,0.0,0.0,0.0,0.0,0.0,0.0,0.0,0.0,0.0,0.0,0.0,0.0,0.0,0.0,0.0,0.0,0.0,0.0,0.0,0.0,0.0,0.0,0.0,0.0,0.0,0.0,0.0,0.0,0.0,0.0,0.0,0.0,0.0,0.0,,,,,,,1.1377,,0.0,0.0,0.0,0.0,1.0,2269.481,2272.0431,,,,,,,,,,,,,,,,,,,,,,,,,,0
S070,2,2024-11-21_13h14.36.924,MotivatedInference,2024.1.5,Win32,60.24096386,668be8e87e83611e680fb3ab,{{%SESSION_ID%},Chrome,,,,,,,,,,,,,,,,,,,,,,,,,,,,,,0.0,,,,,,,,6.0,,,,,,,,,conditions/conds_107.csv,1.0,1.0,,,,,,,,,2278.242,2281.3116,"[0.0038999999760562787,0.01630000001159715,0.03280000001177541,0.04980000001160079,0.06689999997615814,0.08280000001195731,0.09969999998793355,0.11630000001196095,0.13310000002365996,0.14969999998811545,0.1663000000116881,0.18299999999999272,0.19960000002356537,0.21630000001187,0.2328000000115935,0.24960000002374727,0.2664999999997235,0.2829999999999018,0.2996000000234744,0.3163999999760563,0.3328999999757798,0.3494999999998072,0.36630000001196095,0.38280000001168446,0.3996000000238382,0.41649999999981446,0.4328999999761436,0.44960000002356537,0.46610000002374363,0.4829999999997199,0.49960000002374727,0.5163000000115971,0.5329999999999018,0.5501000000235763,0.5671000000238564,0.5828000000119573,0.5994999999998072,0.616300000011961,0.6333999999760636,0.6496000000238382,0.6663000000116881,0.6829999999999927,0.6996000000235654,0.71630000001187,0.7329999999997199,0.7503000000119755,0.7659999999996217,0.7829999999999018,0.799899999975878,0.8163999999760563,0.8329999999996289,0.8494999999998072,0.866300000011961,0.8829999999998108,0.8996000000238382,0.9163000000116881,0.9328999999761436,0.9494999999997162,0.96630000001187,0.9826999999877444,0.9996000000237473,1.016199999987748,1.0333000000118773,1.049899999975878,1.0658999999759544,1.0828000000119573,1.0991999999878317,1.1159999999999854,1.132600000023558,1.149499999999989,1.166300000011688,1.1828999999761436,1.1996000000235654,1.2161999999880209,1.2329999999997199,1.2496000000237473,1.2668999999759762,1.2838000000119791,1.2996000000234744,1.3161000000236527,1.3328999999757798,1.3496000000236563,1.366800000011608,1.3828000000116845,1.3993000000118627,1.416300000011688,1.4328999999761436,1.4496000000235654,1.4664999999999964,1.4881000000236781,1.4996000000237473,1.536899999975958,1.5533999999761363,1.5691000000238091,1.5901999999878171,1.6034999999997126,1.6169999999997344,1.6338000000118882,1.6501000000234853,1.6696999999880973,1.6828999999761436,1.6996000000235654,1.7198999999759508,1.7371999999877517,1.7503000000119755,1.7698000000118554,1.7831999999880281,1.8001999999878535,1.8193000000119355,1.8331999999877553,1.8501000000237582,1.8671000000235836,1.888100000023769,1.9046999999877698,1.9169999999999163,1.9366999999879226,1.9503999999760708,1.9699999999998,1.98419999998805,1.9996000000237473,2.016300000011597,2.0333999999761545,2.049899999975878,2.0663999999760563,2.0858999999759362,2.0996000000236563,2.116199999988112,2.1326999999878353,2.1523000000115644,2.166199999987839,2.1828999999761436,2.2023000000117463,2.216800000011972,2.2328999999758707,2.2496000000237473,2.270100000023831,2.2836000000238528,2.3024999999997817,2.316300000011779,2.3328000000119573,2.349499999999807,2.3671000000235836,2.3871999999878426,2.399999999999636,2.4208999999759726,2.4359999999996944,2.4496000000235654,2.4686999999880754,2.4828999999758707,2.499499999999898,2.5193000000117536,2.5373000000117827,2.55039999997598,2.5696999999877335,2.583699999987857,2.6033000000115862,2.6169999999997344,2.635899999976118,2.649499999999989,2.6701999999877444,2.683600000023489,2.704300000011699,2.71719999998777,2.7359999999998763,2.754300000011881,2.766199999987748,2.7861000000239073,2.8008000000118045,2.820499999999811,2.8333000000116044,2.8524999999999636,2.866199999988112,2.88310000002366,2.9024999999996908,2.916899999976067,2.9359999999996944,2.9496000000235654,2.966199999988021,2.9828000000115935,2.9996999999880245,3.0169999999998254,3.036399999975856,3.0496999999877517,3.0693999999762127]",0.016751366,0.002469748,184.0,left,0.0,,,,,,1.0,0.0,8.0,0.5,0.56984091,-1.0,0.163344053,-0.320908065,63.0,0.002617994,0.396190386,0.03208284,0.060740902,0.237954322,6.0,0.257070101,-0.491786391,31.0,0.004363323,0.375872077,0.0344646,0.07529372,0.228193104,6.0,1.2688086,-0.567919087,5.0,-0.004363323,0.3477587,0.034233339,0.078408596,0.194188261,5.0,1.455896593,-0.227782268,44.0,-0.006981317,0.384544024,0.027675657,0.071715856,0.246225121,7.0,2.620796022,0.863209674,34.0,-0.01134464,0.377900669,0.035623555,0.066078969,0.222301383,5.0,2.070615729,0.841275775,94.0,0.004363323,0.42523076,0.035907823,0.059015617,0.218525823,5.0,1.599023834,0.05642503,50.0,-0.003490659,0.388365859,0.031859869,0.061653869,0.235670302,6.0,1.786046881,0.417326241,74.0,-0.002617994,0.403888444,0.032857311,0.06846285,0.186846183,6.0,0.0,0.0,0.0,0.0,0.0,0.0,0.0,0.0,0.0,0.0,0.0,0.0,0.0,0.0,0.0,0.0,0.0,0.0,0.0,0.0,0.0,0.0,0.0,0.0,0.0,0.0,0.0,0.0,0.0,0.0,0.0,0.0,0.0,0.0,0.0,0.0,,,,,,,1.1344,,0.0,1.0,1.0,1.0,1.0,,,,,,,,,,,,,,,,,,,,,,,,,,,,0
S070,2,2024-11-21_13h14.36.924,MotivatedInference,2024.1.5,Win32,60.24096386,668be8e87e83611e680fb3ab,{{%SESSION_ID%},Chrome,,,,,,,,,,,,,,,,,,,,,,,,,,,,,,0.0,,,,,,,,5.0,,,,,,,,,conditions/conds_107.csv,1.0,1.0,,,,,,,,,2283.4612,2286.5259,"[0.0025000000000545697,0.017500000000381988,0.030199999988326454,0.046900000035748235,0.06360000002405286,0.08090000003585374,0.096800000012081,0.11390000003575551,0.13300000000026557,0.14690000003611203,0.16369999998823914,0.18310000002384186,0.19690000003583918,0.2136000000241438,0.2303000000119937,0.24700000000029831,0.26360000002387096,0.28350000000000364,0.30040000003600653,0.3144000000361302,0.33319999998821004,0.3506999999881373,0.36750000000029104,0.38030000001208464,0.39690000003611203,0.41400000000021464,0.43530000001192093,0.4466000000238637,0.4661000000241984,0.4823000000119464,0.4970000000002983,0.513600000023871,0.5356999999880827,0.5476999999882537,0.5684000000360356,0.5809000000358537,0.5999000000360866,0.6145000000001346,0.6333000000122411,0.6468000000122629,0.6636000000239619,0.6840000000001965,0.6975000000002183,0.7178000000121756,0.733199999988301,0.7470000000002983,0.7663000000120519,0.7816999999881773,0.7970000000000255,0.8164000000360829,0.8301999999880536,0.8473000000121829,0.8641999999881591,0.8846000000239655,0.8970000000003893,0.9184000000359447,0.9304000000361157,0.9476000000240674,0.9636000000241438,0.9803000000119937,0.9971000000241474,1.0135000000000218,1.0311999999880754,1.0515000000000327,1.0636000000240529,1.0846000000242384,1.0971000000240565,1.1184000000357628,1.1306000000240601,1.1516000000242457,1.1639000000359374,1.1833000000119682,1.1969000000358392,1.2135000000002947,1.2304000000358428,1.2470000000002983,1.263600000023871,1.2834000000361812,1.2981999999883556,1.3181000000240601,1.331000000000131,1.3503000000123393,1.366300000011961,1.383199999988392,1.3970000000003893,1.4171000000242202,1.4303000000122665,1.4513000000119973,1.463699999988421,1.4801999999881446,1.4976999999880718,1.513600000023871,1.5301999999883265,1.5478000000121028,1.5636000000240529,1.5804000000357519,1.6011999999882391,1.6144000000358574,1.6331000000241147,1.6470000000003893,1.667000000000371,1.6811000000238892,1.701100000023871,1.7173000000120737,1.7306000000239692,1.7470000000002983,1.766400000035901,1.7846999999883337,1.7975000000001273,1.8179000000359338,1.831000000000131,1.8496999999883883,1.8636000000242348,1.8840000000000146,1.9006999999883192,1.913600000023962,1.9303000000122665,1.952199999988352,1.9671999999882246,1.9803000000119937,1.996900000036021,2.0144000000359483,2.0351000000241584,2.0513000000119064,2.063600000024053,2.084400000036112,2.0971999999883337,2.116800000012063,2.1303000000120846,2.1466999999884138,2.163600000023962,2.1803000000122665,2.1970000000001164,2.2176000000240492,2.2303000000119937,2.246900000036021,2.263600000023871,2.2804000000360247,2.2970000000000255,2.314300000012281,2.3340000000002874,2.3476999999884356,2.3666000000239364,2.3803000000120846,2.401199999988421,2.4141000000240638,2.4301999999884174,2.4471000000239655,2.468100000024151,2.481000000000222,2.5001999999881264,2.513600000023871,2.5301999999883265,2.5470000000000255,2.5673000000119828,2.5801999999880536,2.59690000003593,2.6135000000003856,2.6303000000120846,2.6515000000003965,2.663699999988239,2.6829999999999927,2.6971000000239655,2.7179000000360247,2.7350000000001273,2.7470000000002983,2.7661999999882028,2.7808000000122775,2.800600000024133,2.8141000000241547,2.8335000000001855,2.847400000036032,2.8679000000361157,2.88060000002406,2.9018000000119173,2.913699999988239,2.93100000000004,2.9521000000240747,2.963699999988421,2.9801999999881446,2.9993000000122265,3.013500000000022,3.0301999999883265,3.0498000000120555,3.0644000000361302]",0.016640761,0.002810292,185.0,left,1.0,,,,,,1.0,0.0,8.0,0.5,3.132189815,1.0,1.834862459,0.503920965,23.0,0.001745329,0.370048297,0.033576258,0.089212406,0.165879093,5.0,2.886346646,0.488606592,69.0,-0.001745329,0.400311091,0.03773135,0.078132351,0.241087639,6.0,1.520848487,-0.099729618,56.0,0.002617994,0.391878159,0.037400891,0.06461151,0.256914973,6.0,1.741766381,0.335315509,93.0,0.012217305,0.423353751,0.033559225,0.078739299,0.188587653,4.0,1.724023529,0.301680137,18.0,-0.008726646,0.365457086,0.031782524,0.075683607,0.153768306,4.0,2.384269338,0.99842402,64.0,-0.012217305,0.396824946,0.026418425,0.079335183,0.168726505,6.0,2.666807484,0.813165504,65.0,0.000872665,0.397557211,0.028332609,0.059251996,0.151978572,5.0,1.465421363,-0.209193293,19.0,-8.92894e-14,0.366380653,0.037711395,0.069882825,0.280007013,7.0,0.0,0.0,0.0,0.0,0.0,0.0,0.0,0.0,0.0,0.0,0.0,0.0,0.0,0.0,0.0,0.0,0.0,0.0,0.0,0.0,0.0,0.0,0.0,0.0,0.0,0.0,0.0,0.0,0.0,0.0,0.0,0.0,0.0,0.0,0.0,0.0,,,,,,,0.7939,,0.0,2.0,2.0,2.0,1.0,,,,,,,,,,,,,,,,,,,,,,,,,,,,0
S070,2,2024-11-21_13h14.36.924,MotivatedInference,2024.1.5,Win32,60.24096386,668be8e87e83611e680fb3ab,{{%SESSION_ID%},Chrome,,,,,,,,,,,,,,,,,,,,,,,,,,,,,,0.0,,,,,,,,7.0,,,,,,,,,conditions/conds_107.csv,1.0,1.0,,,,,,,,,2288.3134,2291.3794,"[0.0026000000239037035,0.014800000011746306,0.030900000035671837,0.047200000047723734,0.06130000001166991,0.0779000000356973,0.09470000004739632,0.11130000001185181,0.12799999999970169,0.14470000004757821,0.16130000001157896,0.17799999999988358,0.19920000004731264,0.21499999999969077,0.22960000002376546,0.24890000003551904,0.26170000004731264,0.2814000000357737,0.2979000000354972,0.3113000000116699,0.33290000003580644,0.3453000000117754,0.36480000001165536,0.3779999999997017,0.39770000004773465,0.41220000004750545,0.43100000000004,0.4454999999998108,0.4651000000235399,0.4819999999999709,0.49460000002363813,0.5113000000119428,0.5279999999997926,0.5447000000476692,0.5661000000236527,0.5781000000238237,0.5947000000473963,0.6113000000118518,0.6279999999997017,0.6486000000236345,0.6619999999998072,0.6804999999999382,0.6983000000118409,0.7113000000117609,0.7298000000118918,0.7447000000474873,0.7643000000116444,0.7783000000117681,0.7947000000476692,0.8158000000116772,0.8282000000476728,0.8446000000235472,0.8664000000358101,0.8786000000236527,0.8974000000357591,0.9114000000354281,0.9303000000118118,0.9454000000355336,0.9648000000115644,0.9789000000355372,0.9974000000356682,1.0139000000353917,1.0308000000118227,1.04460000002382,1.06130000001167,1.0779999999999745,1.0949999999998,1.1159000000357082,1.1284999999998035,1.1477000000477346,1.1618000000116808,1.1818000000116626,1.1948000000115826,1.21420000004764,1.2277000000476619,1.2446000000236381,1.2613000000119428,1.2781000000236418,1.2991000000238273,1.31130000001167,1.3306000000238782,1.3446000000235472,1.3612000000475746,1.3809999999998581,1.3944000000356027,1.41399999999976,1.4329000000357155,1.4473000000116372,1.465700000047491,1.478800000011688,1.4977000000476437,1.5119999999997162,1.531999999999698,1.5457000000474181,1.5662000000475018,1.57830000001195,1.5973000000117281,1.6111000000237254,1.6281000000235508,1.6474000000357591,1.66190000003553,1.6779000000356064,1.6964000000357373,1.7153000000116663,1.7283000000115862,1.744499999999789,1.7611000000238164,1.7779999999997926,1.7947000000476692,1.8112000000473927,1.8306000000238782,1.8446000000235472,1.8617000000476764,1.8779999999997017,1.894600000023729,1.911300000011579,1.9308000000119137,1.9446000000234562,1.9612000000474836,1.9791000000236636,1.9974999999999454,2.015200000047571,2.0279999999997926,2.044700000047669,2.0654000000354245,2.0781000000238237,2.097200000047451,2.111300000011852,2.1279000000354245,2.144700000047578,2.161400000035428,2.1829999999999927,2.1954000000355336,2.2143000000119173,2.2279999999996107,2.25,2.264200000047367,2.2779000000355154,2.294700000047669,2.31130000001167,2.3279999999999745,2.348500000000058,2.361400000035701,2.3811000000237073,2.3977000000477346,2.411300000011579,2.4279000000356064,2.445499999999811,2.4662000000475928,2.4789000000355372,2.4947000000474873,2.5139000000353917,2.5279999999997926,2.54460000002382,2.565600000023551,2.5781000000238237,2.597200000047451,2.611400000035701,2.630999999999858,2.6476000000238855,2.6622000000475055,2.6779999999998836,2.6946000000234562,2.71510000002354,2.7313000000117427,2.7447000000474873,2.7654000000356973,2.7779999999997926,2.7976000000235217,2.81130000001167,2.8306000000238782,2.844600000023547,2.8612000000475746,2.8779999999997017,2.8977000000477346,2.9159000000354354,2.928800000011961,2.947800000011739,2.962100000023838,2.9779000000357883,2.994499999999789,3.011400000035792,3.0323000000116735,3.04549999999972,3.065800000011677]",0.016647826,0.002636346,185.0,left,1.0,,,,,,2.0,0.0,8.0,0.5,-2.917571494,-1.0,1.038959935,-0.874145116,48.0,-0.013089969,0.387063294,0.032293316,0.069877675,0.198684878,5.0,1.017428585,-0.894242311,64.0,-0.012217305,0.396824946,0.026418425,0.079335183,0.168726505,6.0,0.190213806,-0.371317544,16.0,0.017453293,0.363466057,0.031192723,0.069909496,0.180964939,5.0,0.587857156,-0.922965001,36.0,0.002617994,0.379263044,0.03913601,0.077664539,0.168574417,3.0,1.868880496,0.56147593,50.0,-0.003490659,0.388365859,0.031859869,0.061653869,0.235670302,6.0,1.026772679,-0.885722128,56.0,0.002617994,0.391878159,0.037400891,0.06461151,0.256914973,6.0,1.297456585,-0.51985353,90.0,-0.005235988,0.41932645,0.033694537,0.059919896,0.18718849,4.0,2.429751604,0.989198205,96.0,0.002617994,0.429744758,0.028375272,0.064697354,0.217313714,7.0,0.0,0.0,0.0,0.0,0.0,0.0,0.0,0.0,0.0,0.0,0.0,0.0,0.0,0.0,0.0,0.0,0.0,0.0,0.0,0.0,0.0,0.0,0.0,0.0,0.0,0.0,0.0,0.0,0.0,0.0,0.0,0.0,0.0,0.0,0.0,0.0,,,,,,,0.8843,,0.0,3.0,3.0,3.0,1.0,,,,,,,,,,,,,,,,,,,,,,,,,,,,0
S070,2,2024-11-21_13h14.36.924,MotivatedInference,2024.1.5,Win32,60.24096386,668be8e87e83611e680fb3ab,{{%SESSION_ID%},Chrome,,,,,,,,,,,,,,,,,,,,,,,,,,,,,,0.0,,,,,,,,9.0,,,,,,,,,conditions/conds_107.csv,1.0,1.0,,,,,,,,,2293.2796,2297.7257,"[0.003499999999803549,0.015199999987999036,0.02829999995219623,0.04929999995238177,0.06169999998792264,0.08179999995218168,0.09539999997605264,0.11579999995228718,0.12909999996418264,0.14929999995229082,0.16259999996418628,0.18219999998791536,0.19579999995221442,0.21250000000009095,0.23209999996424813,0.2460000000000946,0.26179999995201797,0.2824999999997999,0.2951999999881991,0.3161999999879299,0.32859999996435363,0.3492999999521089,0.3652999999521853,0.3783999999759544,0.3980999999639607,0.41249999999990905,0.42929999995203616,0.4493999999758671,0.46299999999973807,0.47859999996398983,0.49789999997619816,0.5160000000000764,0.5292999999524,0.54509999996435,0.5664999999999054,0.5785999999643536,0.5996999999879336,0.6120999999643573,0.6318999999762127,0.645099999964259,0.6616999999878317,0.6782999999522872,0.6958999999760636,0.7166999999881227,0.7291999999879408,0.7482999999524509,0.7616999999881955,0.7783999999760454,0.7989999999999782,0.8125,0.8283999999762273,0.8450999999640771,0.8618999999762309,0.8787999999522071,0.8992999999522908,0.9119999999998072,0.9326999999880172,0.9452999999521126,0.9659999999998945,0.9787999999521162,0.9953999999761436,1.0161999999882028,1.0291999999881227,1.045599999963997,1.064699999988079,1.0785000000000764,1.0990999999639826,1.1125999999640044,1.1282999999521053,1.1484999999997854,1.1622999999522108,1.1826999999880172,1.1954999999998108,1.2125999999643682,1.2328999999758707,1.2453999999761436,1.2662999999520252,1.2790999999642736,1.2979999999997744,1.311899999976049,1.3311999999878026,1.3450999999640771,1.3615999999642554,1.3809999999998581,1.3989999999998872,1.413000000000011,1.4283999999761363,1.4479999999998654,1.462500000000091,1.4784999999997126,1.4949999999998909,1.5165999999640007,1.5283999999760454,1.5499999999997272,1.5621999999880245,1.581499999999778,1.5948999999759508,1.6143999999762855,1.6282999999521053,1.6501999999882173,1.662499999999909,1.6816999999878135,1.6957999999522144,1.7150000000001455,1.733599999964099,1.7480000000000473,1.762499999999818,1.7811999999880754,1.7989999999999782,1.8123999999761509,1.8311999999878026,1.8456999999880281,1.8615999999642554,1.8787999999522071,1.8981999999878099,1.9115999999639826,1.9310999999643172,1.944999999999709,1.9616999999880136,1.978299999952469,1.9954999999999927,2.0116999999881955,2.0283999999760454,2.049399999976231,2.065599999963979,2.078299999952378,2.0974999999998545,2.1160999999642627,2.1284999999998035,2.14779999995244,2.1663999999759653,2.183199999988119,2.1962999999523163,2.2116999999880136,2.228199999988192,2.2457999999523963,2.26669999998785,2.2789999999999964,2.2979999999997744,2.3116999999879226,2.3295999999641026,2.3453999999760526,2.3642999999524363,2.3782999999521053,2.394999999999982,2.4141999999878863,2.4291999999882137,2.445099999963986,2.4652999999520944,2.479299999952218,2.497299999952247,2.5116999999881955,2.5320999999639753,2.54549999999972,2.5670999999642845,2.5785000000000764,2.599999999999909,2.611899999976231,2.633199999987937,2.644999999999982,2.664599999964139,2.6812999999524436,2.694999999999709,2.7154999999997926,2.7289999999998145,2.7480000000000473,2.7616999999881955,2.7808999999761,2.795199999988199,2.814699999988079,2.828199999988101,2.845099999964077,2.8652999999521853,2.8782999999521053,2.897899999976289,2.9115999999639826,2.9311999999881664,2.944699999988188,2.9643999999761945,2.983599999964099,2.9980000000000473,3.0116999999881955,3.0290999999642736,3.04759999996395,3.0653999999763073,3.081399999975929,3.095099999964077,3.1115999999642554,3.132999999999811,3.1496999999881155,3.162499999999909,3.18189999997594,3.1984999999999673,3.2115999999641645,3.2283999999758635,3.244999999999891,3.262499999999818,3.2817999999524545,3.2947999999523745,3.3147999999523563,3.328299999952378,3.3449999999998,3.3647999999520835,3.3782999999521053,3.3948999999761327,3.4165999999640917,3.432599999964168,3.444999999999709,3.4642999999523454,3.4784999999997126,3.4980999999643245,3.512499999999818,3.5320999999639753,3.5457999999521235,3.5659999999998035,3.5788999999758744,3.5980999999642336,3.61200000000008,3.632999999999811,3.645199999988108,3.664599999964139,3.678299999952287,3.694999999999709,3.7163999999761472,3.7290999999640917,3.747899999976198,3.7616999999881955,3.7808999999761,3.7950000000000728,3.8116999999879226,3.8323999999761327,3.8496999999879336,3.8616999999881045,3.882599999963986,3.8957999999520325,3.9120999999640844,3.9310999999643172,3.9457999999522144,3.961799999952291,3.9810999999640444,3.9953999999761436,4.015399999976125,4.028299999952196,4.048399999976027,4.0615999999640735,4.078199999988101,4.100500000000011,4.114999999999782,4.128199999987828,4.147500000000036,4.1615999999639826,4.178399999976136,4.19769999998789,4.2153999999759435,4.229099999964092,4.249599999964175,4.26509999996415,4.277999999999793,4.294899999976224,4.311699999987923,4.328299999952378,4.350099999964186,4.3616999999881045,4.3784999999998035,4.399799999952393,4.412299999952211,4.431500000000142,4.445799999952214]",0.016637828,0.002992355,268.0,left,1.0,,,,,,1.0,0.0,12.0,0.5,4.254487572,1.0,1.79744395,0.437930362,54.0,-0.000872665,0.390632361,0.034931933,0.073298853,0.195852464,4.0,2.032941408,0.798193357,68.0,0.009599311,0.399449425,0.031951263,0.065393928,0.165147664,5.0,3.072601155,0.137545563,29.0,-0.000872665,0.374372435,0.035828607,0.080766738,0.158410304,4.0,2.34715535,0.999836592,90.0,-0.005235988,0.41932645,0.033694537,0.059919896,0.18718849,4.0,0.272445535,-0.518324939,35.0,0.01134464,0.378665605,0.034694997,0.068673497,0.233172687,6.0,2.192380406,0.946808257,33.0,-0.006108652,0.377230834,0.032847101,0.067598606,0.249691544,6.0,1.716090676,0.286516293,53.0,-0.003490659,0.390095866,0.043303837,0.083823939,0.349451294,6.0,2.019105066,0.781219823,37.0,-0.010471976,0.379878099,0.039758221,0.071440932,0.269646059,5.0,1.672742301,0.202482185,60.0,0.008726646,0.394321176,0.024708435,0.063628191,0.162696287,6.0,2.832871015,0.578952402,89.0,0.014835299,0.418022232,0.039220845,0.067729576,0.134251055,3.0,2.817864426,0.603159576,19.0,-8.92894e-14,0.366380653,0.037711395,0.069882825,0.280007013,7.0,0.794566188,-0.999831899,6.0,-0.001745329,0.3497664,0.039524515,0.103278094,0.256513403,7.0,,,,,,,1.6923,,0.0,4.0,4.0,4.0,1.0,,,,,,,,,,,,,,,,,,,,,,,,,,,,0
S070,2,2024-11-21_13h14.36.924,MotivatedInference,2024.1.5,Win32,60.24096386,668be8e87e83611e680fb3ab,{{%SESSION_ID%},Chrome,,,,,,,,,,,,,,,,,,,,,,,,,,,,,,0.0,,,,,,,,11.0,,,,,,,,,conditions/conds_107.csv,1.0,1.0,,,,,,,,,2300.425,2304.8795,"[0.0038000000117790478,0.018999999999778083,0.03630000001157896,0.04969999998775165,0.06960000002391098,0.0878000000116117,0.09960000002365632,0.12069999998811909,0.13369999998803905,0.1541000000238455,0.1666000000236636,0.1855000000000473,0.19960000002356537,0.22119999998813,0.23360000002367087,0.25349999999980355,0.266199999987748,0.2833999999761545,0.30289999997603445,0.31660000002375455,0.3361999999879117,0.3531999999877371,0.3661999999881118,0.38630000001194276,0.40439999997579434,0.41649999999981446,0.43580000001156805,0.44949999999971624,0.46910000002390007,0.4828000000115935,0.49949999999989814,0.518899999975929,0.5328000000117754,0.5496999999877517,0.5688999999761108,0.5833999999758817,0.6038000000116881,0.6168999999758853,0.6356000000237145,0.6508999999759908,0.666199999987839,0.6863000000116699,0.7028000000118482,0.71630000001187,0.7381000000236781,0.7494999999998981,0.766199999987748,0.786300000011579,0.8029999999998836,0.8161999999879299,0.8371000000238382,0.8501999999880354,0.8696000000236381,0.8838000000118882,0.9026000000235399,0.9201000000234671,0.9346000000236927,0.952699999987999,0.9664999999999964,0.987399999975878,0.9996999999880245,1.018899999975929,1.0343999999759035,1.053300000011859,1.066300000011779,1.0851000000238855,1.1001999999880354,1.119499999999789,1.1328000000116845,1.149499999999989,1.1661000000235617,1.1828000000118664,1.204300000011699,1.2168999999757943,1.2356000000236236,1.2494999999998981,1.2708000000116044,1.2836000000238528,1.3029999999998836,1.3171000000238564,1.3366000000237364,1.3501999999880354,1.3693000000116626,1.3865000000000691,1.399499999999989,1.4181999999877917,1.4329999999999927,1.4494999999997162,1.4701999999879263,1.483699999987948,1.502199999988079,1.516199999987748,1.5328999999760526,1.549899999975878,1.5666000000237545,1.58360000002358,1.6043999999760672,1.6171000000235836,1.6361999999880936,1.64939999997614,1.6696999999880973,1.68630000001167,1.7003000000117936,1.720100000023649,1.736899999976231,1.7526999999877262,1.76580000001195,1.78530000001183,1.799399999976231,1.8193000000119355,1.8333999999758817,1.8531000000239146,1.8703999999761436,1.8836000000237618,1.90260000002354,1.9161000000235617,1.9331000000238419,1.95210000002362,1.9668999999757943,1.9856000000236236,1.9994999999998981,2.018899999975929,2.0328000000117754,2.0491999999881045,2.06619999998793,2.0876999999877626,2.0996000000236563,2.1191000000235363,2.135899999976118,2.14939999997614,2.166199999987839,2.186399999975947,2.19930000001159,2.216199999988021,2.2328000000115935,2.249899999976151,2.2693000000117536,2.2828000000117754,2.2996000000234744,2.31899999999996,2.333100000023478,2.3533999999758635,2.367199999987861,2.3856999999879918,2.399499999999989,2.416199999987839,2.4356000000238964,2.4524999999998727,2.466199999988021,2.487300000011601,2.499499999999898,2.516199999987748,2.537499999999909,2.550600000023678,2.569100000023809,2.5828000000119573,2.603699999987839,2.616800000011608,2.6359999999999673,2.650399999975889,2.6691999999879954,2.683600000023489,2.70330000001195,2.7203999999760526,2.7328000000115935,2.7533999999759544,2.7698000000118554,2.7828000000117754,2.7994999999996253,2.8161000000236527,2.8371999999881155,2.8501999999880354,2.870699999988119,2.883600000023762,2.9029999999997926,2.916899999976067,2.9371999999880245,2.951199999988148,2.9669999999996435,2.983100000023569,3.002100000023802,3.019399999976031,3.035899999976209,3.0494999999996253,3.066800000011881,3.0868000000118627,3.1024999999999636,3.1161000000238346,3.1340000000000146,3.1501000000234853,3.171100000023671,3.1838000000116153,3.2024999999998727,3.216800000011972,3.2366999999881045,3.250100000023849,3.270100000023831,3.283100000023751,3.3023000000116554,3.3161000000236527,3.336999999999989,3.3501999999880354,3.3698999999760417,3.383600000023762,3.403300000011768,3.4188000000117427,3.4328000000118664,3.452600000023722,3.4668999999757943,3.4861000000237254,3.499499999999898,3.5198000000118554,3.533199999988028,3.5551999999879627,3.5663999999760563,3.5866999999880136,3.5998000000117827,3.620600000023842,3.6328000000116845,3.6539999999999964,3.666300000011688,3.687600000023849,3.7003000000117936,3.719499999999698,3.7334999999998217,3.7525000000000546,3.7668999999759762,3.786000000000058,3.8003000000117027,3.819500000000062,3.835800000011659,3.849399999975958,3.8698999999760417,3.883600000023762,3.9029999999997926,3.916300000011688,3.9371000000237473,3.9501999999879445,3.969600000023547,3.983600000023671,4.003600000023653,4.016100000023471,4.035699999988083,4.0501999999878535,4.071199999988039,4.083300000011604,4.102199999987988,4.120499999999993,4.13310000002366,4.153899999976147,4.1664999999998145,4.1861000000235435,4.199399999975867,4.219000000000051,4.2328000000115935,4.249399999976049,4.266100000023471,4.286899999975958,4.299800000011601,4.319500000000062,4.33360000002358,4.352499999999964,4.366899999975885,4.3856000000237145,4.400600000023587,4.420699999987846,4.433199999988119,4.45419999998785]",0.016668165,0.002968612,268.0,right,1.0,,,,,,2.0,0.0,12.0,0.5,-5.668721637,1.0,2.877254552,0.504390718,13.0,0.012217305,0.36034398,0.040523863,0.087309629,0.214125832,4.0,0.978968362,-0.925992465,27.0,-0.002617994,0.373032979,0.031793157,0.076653108,0.191027089,4.0,1.107997935,-0.798979786,40.0,0.001745329,0.381763748,0.031902579,0.075140032,0.211660484,6.0,0.303292616,-0.570065217,4.0,0.001745329,0.345391377,0.044661649,0.086491224,0.292502374,6.0,2.131989012,0.901137144,67.0,0.000872665,0.398829923,0.040120187,0.066830121,0.198372452,4.0,1.13593221,-0.764153666,7.0,-0.003490659,0.352071506,0.033456274,0.080650645,0.190019159,6.0,1.331203123,-0.461057371,23.0,0.001745329,0.370048297,0.033576258,0.089212406,0.165879093,5.0,1.28314158,-0.544094489,48.0,-0.013089969,0.387063294,0.032293316,0.069877675,0.198684878,5.0,0.053428382,-0.106653525,73.0,-0.006981317,0.403029477,0.030660757,0.062368894,0.184710059,5.0,0.779725179,-0.999935635,49.0,-0.003490659,0.387690152,0.036925942,0.073283012,0.194967171,5.0,0.950840481,-0.945755313,40.0,0.001745329,0.381763748,0.031902579,0.075140032,0.211660484,6.0,0.639210654,-0.957562032,18.0,-0.008726646,0.365457086,0.031782524,0.075683607,0.153768306,4.0,,,,,,,0.7525,,0.0,5.0,5.0,5.0,1.0,,,,,,,,,,,,,,,,,,,,,,,,,,,,0
S070,2,2024-11-21_13h14.36.924,MotivatedInference,2024.1.5,Win32,60.24096386,668be8e87e83611e680fb3ab,{{%SESSION_ID%},Chrome,,,,,,,,,,,,,,,,,,,,,,,,,,,,,,1.0,,,,,,,,12.0,,,,,,,,,conditions/conds_107.csv,1.0,1.0,,,,,,,,,2330.2576,2334.7586,"[0.003699999987929914,0.016299999952025246,0.032999999999901775,0.04969999998775165,0.06629999995220714,0.08289999997623454,0.10050000000001091,0.11699999999973443,0.13299999999981083,0.14959999996426632,0.1662999999521162,0.1828999999761436,0.19959999996399347,0.21729999995204707,0.23319999998784624,0.24959999996417537,0.26629999995202525,0.2833999999761545,0.29999999999972715,0.3161999999879299,0.33309999996390616,0.3495999999640844,0.36629999995238904,0.3837999999523163,0.3994999999999891,0.41709999996419356,0.43379999995204344,0.44979999995211983,0.4662999999522981,0.48289999997587074,0.49959999996417537,0.5168999999759762,0.5335000000000036,0.5500999999640044,0.5662999999522071,0.5830999999639062,0.599399999975958,0.616299999952389,0.6327999999521126,0.6495999999642663,0.6663999999759653,0.6829999999999927,0.6995999999639935,0.7162999999522981,0.7328999999758707,0.750399999975798,0.7670999999641026,0.7829999999999018,0.7995999999639025,0.8170000000000073,0.8337999999521344,0.8495999999640844,0.866299999952389,0.8828999999759617,0.8995999999642663,0.916199999987839,0.9334999999996398,0.9496999999878426,0.9660999999641717,0.9828999999758707,0.9996999999880245,1.0171999999879517,1.0335999999642809,1.0495999999639025,1.0662999999522071,1.0828999999762345,1.0994999999998072,1.1161999999881118,1.1328999999759617,1.1495999999642663,1.1662999999521162,1.1827999999522945,1.1996999999878426,1.216299999952298,1.2329999999997199,1.2502999999524036,1.2665999999640007,1.2829999999999018,1.29950000000008,1.31619999998793,1.3330000000000837,1.3495999999640844,1.366299999952389,1.3829999999998108,1.399499999999989,1.4162999999521162,1.4328999999761436,1.4497999999521198,1.4661999999880209,1.4829999999997199,1.5005999999639243,1.5168999999759762,1.5335999999642809,1.549899999975878,1.56619999998793,1.5830000000000837,1.5994999999998072,1.6161999999881118,1.6328999999759617,1.6495999999642663,1.6662999999521162,1.6829999999999927,1.6995999999639935,1.716299999952298,1.7328999999758707,1.7496999999880245,1.7670999999641026,1.7829999999999018,1.8003999999759799,1.8170999999642845,1.8328999999762345,1.8495999999640844,1.8665000000000873,1.883099999964088,1.8995999999642663,1.916199999987839,1.9329999999999927,1.9495999999639935,1.9663999999761472,1.9828999999758707,1.9995999999641754,2.0170999999641026,2.0328999999760526,2.0495999999639025,2.0663999999760563,2.0830000000000837,2.0996999999879336,2.11659999996391,2.133099999964088,2.150399999975889,2.166199999987839,2.1828999999761436,2.19979999995212,2.21719999998777,2.2331999999878462,2.2495999999641754,2.2663999999758744,2.2828999999760526,2.2995999999639025,2.316299999952207,2.3328999999762345,2.349499999999807,2.3669999999997344,2.3834999999999127,2.3995999999642663,2.4163999999759653,2.4328999999761436,2.4495999999639935,2.466199999988021,2.483599999964099,2.5002999999524036,2.516199999987748,2.5332999999523054,2.5496999999877517,2.56619999998793,2.5828999999762345,2.599299999952109,2.616199999988112,2.6328999999759617,2.6495999999642663,2.666299999952116,2.6828999999761436,2.6995999999639935,2.716199999988021,2.7328999999758707,2.7496999999880245,2.766199999987748,2.7828999999760526,2.79950000000008,2.816299999952207,2.8328999999762345,2.849499999999807,2.866299999952389,2.8828999999759617,2.8995999999642663,2.916299999952116,2.9338999999758926,2.9494999999997162,2.9659999999998945,2.9827999999520216,3,3.0170999999641026,3.0328999999760526,3.04950000000008,3.06619999998793,3.0828999999762345,3.099499999999807,3.116299999952389,3.132999999999811,3.1495999999642663,3.166299999952116,3.183699999987766,3.200399999976071,3.2168999999757943,3.2332999999521235,3.249399999976049,3.2662999999520252,3.2828999999760526,3.29950000000008,3.316299999952207,3.3328999999762345,3.3501999999880354,3.366199999988112,3.3837999999523163,3.399499999999989,3.416699999987941,3.4332999999523963,3.4494999999997162,3.4663999999761472,3.483699999987948,3.500399999975798,3.516199999987748,3.5332999999523054,3.5496999999877517,3.566299999952207,3.5828999999762345,3.599499999999807,3.6159999999999854,3.632999999999811,3.649499999999989,3.666199999987839,3.6828999999761436,3.6995999999639935,3.716199999988021,3.7328999999758707,3.749499999999898,3.7670999999641026,3.7828999999760526,3.7995999999639025,3.816299999952207,3.8330000000000837,3.8495999999640844,3.866299999952389,3.882999999999811,3.899999999999636,3.9165999999640917,3.9328999999761436,3.949299999952018,3.9660999999641717,3.9828999999758707,4.000399999975798,4.016299999952025,4.033599999964281,4.0495999999639025,4.06619999998793,4.0828999999762345,4.099599999964084,4.116199999988112,4.132899999975962,4.149599999964266,4.166199999987839,4.182999999999993,4.199499999999716,4.216299999952298,4.232899999975871,4.250299999952404,4.265799999952378,4.2827999999522035,4.2991999999881045,4.31619999998793,4.332799999952385,4.350500000000011,4.366199999988112,4.382899999975962,4.399499999999989,4.416199999987839,4.432899999976144,4.450299999952222,4.467399999975896,4.482899999975871,4.5008999999759]",0.016656296,0.0004772,271.0,left,1.0,,,,,,2.0,0.0,12.0,0.5,-0.538611979,-1.0,0.063901591,-0.127455551,37.0,-0.010471976,0.379878099,0.039758221,0.071440932,0.269646059,5.0,1.061894426,-0.850956552,99.0,-0.003490659,0.442500629,0.032492338,0.059723416,0.160754516,4.0,1.956031661,0.696473059,28.0,0.006108652,0.373747518,0.036497013,0.082304542,0.218348002,5.0,1.244709299,-0.606915705,44.0,-0.006981317,0.384544024,0.027675657,0.071715856,0.246225121,7.0,1.8847424,0.587440247,1.0,-0.007853982,0.332308035,0.049961894,0.10302439,0.316973442,6.0,1.377735721,-0.376598038,16.0,0.017453293,0.363466057,0.031192723,0.069909496,0.180964939,5.0,0.036965924,-0.073864515,92.0,-0.000872665,0.422008311,0.023140698,0.057298337,0.164165775,6.0,0.05123233,-0.102285457,72.0,0.006108652,0.40239539,0.026269008,0.066501733,0.165237327,6.0,0.339320064,-0.627735044,25.0,0.001745329,0.371739039,0.031180836,0.079221418,0.176784845,4.0,2.256491633,0.980184471,42.0,0.010471976,0.383208229,0.034272345,0.075051408,0.167478928,5.0,1.308744214,-0.500437669,91.0,0.001745329,0.420659204,0.046109782,0.086244352,0.261967492,5.0,1.811788728,0.463538775,43.0,0.004363323,0.383893371,0.033132061,0.062242434,0.239996947,6.0,,,,,,,1.1648,,0.0,6.0,6.0,6.0,1.0,,,,,,,,,,,,,,,,,,,,,,,,,,,,0
S070,2,2024-11-21_13h14.36.924,MotivatedInference,2024.1.5,Win32,60.24096386,668be8e87e83611e680fb3ab,{{%SESSION_ID%},Chrome,,,,,,,,,,,,,,,,,,,,,,,,,,,,,,1.0,,,,,,,,2.0,,,,,,,,,conditions/conds_107.csv,1.0,1.0,,,,,,,,,2336.9254,2338.6413,"[0.001700000048003858,0.015500000000429281,0.03250000000025466,0.04920000004767644,0.06550000000015643,0.0817000000479311,0.09830000001193184,0.11500000000023647,0.13270000004786198,0.1491000000241911,0.16520000004811664,0.1819000000359665,0.19830000001229564,0.21500000000014552,0.23250000000007276,0.24900000000025102,0.2655000000004293,0.2820000000001528,0.2983000000122047,0.31490000003577734,0.33180000001220833,0.34830000001193184,0.36500000000023647,0.381700000048113,0.3984000000359629,0.41500000000041837,0.43170000004784015,0.4484000000361448,0.4658000000122229,0.4826000000239219,0.4992000000479493,0.5157000000476728,0.5317000000477492,0.5483000000122047,0.5650000000000546,0.5818000000122083,0.598400000035781,0.6151000000240856,0.631700000048113,0.6483000000121137,0.6650000000004184,0.6824000000360684,0.698500000000422,0.7151000000239947,0.7325000000000728,0.7491000000241002,0.76580000001195,0.7827000000479529,0.7984000000360538,0.8159000000359811,0.8321000000241838,0.8487000000477565,0.8658000000123138,0.882100000023911,0.8983000000121137,0.9151000000242675,0.9317000000478401,0.9483000000122956,0.9651000000239947,0.9825000000000728,0.9986000000239983,1.0151000000241766,1.0326000000241038,1.0491000000238273,1.0661000000241074,1.0818000000122083,1.0988000000120337,1.115900000036163,1.1322000000477601,1.1489000000360647,1.1654000000357883,1.181600000023991,1.1983000000122956,1.2150000000001455,1.231600000024173,1.2483000000120228,1.2651000000241766,1.2816000000239,1.2983000000122047,1.3149000000357773,1.331700000047931,1.3483000000119318,1.3649000000359592,1.3818000000119355,1.3984000000359629,1.414800000012292,1.4324000000360684,1.4488000000119428,1.4649000000358683,1.481700000048022,1.4992000000479493,1.5155000000004293,1.5316000000239,1.548500000000331,1.56530000001203,1.581600000024082,1.598400000035781,1.6147000000478329,1.6316000000242639,1.6492000000480402,1.6654000000357883,1.6815000000001419,1.6983000000122956,1.7157000000479457]",0.016640777,0.000487601,104.0,right,0.0,,,,,,1.0,0.0,4.0,0.5,-0.737908075,1.0,2.58244246,0.899358651,4.0,0.001745329,0.345391377,0.044661649,0.086491224,0.292502374,6.0,0.744346663,-0.996631441,19.0,-8.92894e-14,0.366380653,0.037711395,0.069882825,0.280007013,7.0,1.534424745,-0.072679027,55.0,-0.003490659,0.391280598,0.028194872,0.063513844,0.18961797,6.0,0.302010308,-0.567956258,86.0,-0.01134464,0.414570186,0.03611148,0.064685839,0.099529567,3.0,0.0,0.0,0.0,0.0,0.0,0.0,0.0,0.0,0.0,0.0,0.0,0.0,0.0,0.0,0.0,0.0,0.0,0.0,0.0,0.0,0.0,0.0,0.0,0.0,0.0,0.0,0.0,0.0,0.0,0.0,0.0,0.0,0.0,0.0,0.0,0.0,0.0,0.0,0.0,0.0,0.0,0.0,0.0,0.0,0.0,0.0,0.0,0.0,0.0,0.0,0.0,0.0,0.0,0.0,0.0,0.0,0.0,0.0,0.0,0.0,0.0,0.0,0.0,0.0,0.0,0.0,0.0,0.0,0.0,0.0,0.0,0.0,,,,,,,0.7004,,0.0,7.0,7.0,7.0,1.0,,,,,,,,,,,,,,,,,,,,,,,,,,,,0
S070,2,2024-11-21_13h14.36.924,MotivatedInference,2024.1.5,Win32,60.24096386,668be8e87e83611e680fb3ab,{{%SESSION_ID%},Chrome,,,,,,,,,,,,,,,,,,,,,,,,,,,,,,1.0,,,,,,,,7.0,,,,,,,,,conditions/conds_107.csv,1.0,1.0,,,,,,,,,2340.3414,2343.4074,"[0.0027000000477528374,0.015700000047672802,0.032300000012128294,0.04890000003570094,0.06550000000015643,0.08320000004778194,0.0994000000359847,0.11570000004758185,0.1322000000477601,0.14890000003561,0.16570000004776375,0.18310000002384186,0.19970000004786925,0.21640000003571913,0.2323000000119464,0.24980000001187364,0.2657000000476728,0.2823000000121283,0.2991000000238273,0.31560000002400557,0.3322000000475782,0.3498000000117827,0.36599999999998545,0.3824000000358865,0.3989999999998872,0.41570000004776375,0.4323000000117645,0.4490000000000691,0.46640000003571913,0.48310000002402376,0.4997000000475964,0.5165000000001783,0.5331000000237509,0.5489999999999782,0.5657000000478547,0.58199999999988,0.5990000000001601,0.6156000000237327,0.6322000000477601,0.6489999999998872,0.6663000000121428,0.6824000000356136,0.6990000000000691,0.7155000000002474,0.7332000000478729,0.7497000000475964,0.7657000000476728,0.7823000000121283,0.7999000000359047,0.8161000000241074,0.8323000000118554,0.8489000000358828,0.8665000000000873,0.8826000000240128,0.8989999999998872,0.9163000000121428,0.93260000002374,0.9498000000121465,0.9657000000479457,0.9824000000357955,0.999000000000251,1.0156000000238237,1.0329999999999018,1.0497000000477783,1.065800000012132,1.0823000000118554,1.0992000000478583,1.1156000000237327,1.1323000000120373,1.149499999999989,1.1665000000002692,1.1829999999999927,1.1994000000358938,1.2157000000479457,1.2324000000357955,1.2494999999998981,1.26580000001195,1.2823000000121283,1.2989999999999782,1.3164000000356282,1.3331000000239328,1.3502000000476073,1.366300000011961,1.3823000000120373,1.3989999999998872,1.4155000000000655,1.4324999999998909,1.4498000000121465,1.4659999999998945,1.4823000000119464,1.499000000000251,1.5162000000477747,1.5329999999999018,1.5497000000477783,1.5657000000478547,1.5823000000118554,1.5989000000358828,1.6157000000475819,1.63310000002366,1.6492000000475855,1.6654000000357883,1.682200000047942,1.698900000035792,1.7162000000475928,1.732600000023922,1.7496000000237473,1.7659000000357992,1.7823000000121283,1.7989999999999782,1.8156000000240056,1.8324000000357046,1.8497000000475055,1.866300000011961,1.8823000000120373,1.899499999999989,1.9161000000240165,1.9323000000117645,1.948900000035792,1.9656000000240965,1.9829000000358974,1.9994999999998981,2.0156000000238237,2.032100000024002,2.0497000000477783,2.0660000000002583,2.0824000000357046,2.0986000000239073,2.115700000047582,2.1323000000120373,2.15010000002394,2.166300000012143,2.182200000047942,2.198900000035792,2.2157000000479457,2.2331000000240238,2.25,2.265900000035799,2.2825000000002547,2.298900000035701,2.3156000000240056,2.332200000047578,2.349500000000262,2.365900000035708,2.38220000004776,2.398800000011761,2.4157000000477638,2.4323000000117645,2.448900000035792,2.4655000000002474,2.4823000000119464,2.499000000000251,2.515700000047673,2.5329000000356245,2.548999999999978,2.5656000000240056,2.583100000023933,2.5993000000121356,2.61640000003581,2.6324000000358865,2.649499999999989,2.665800000012041,2.6820000000002437,2.698900000035792,2.7157000000479457,2.732200000047669,2.749000000000251,2.766400000035901,2.782700000047953,2.798900000035701,2.8157000000478547,2.8323000000118554,2.8494000000359847,2.865700000047582,2.88220000004776,2.8997000000476874,2.916300000012143,2.9329999999999927,2.948900000035792,2.9655000000002474,2.9823000000119464,2.9993000000117718,3.0156000000238237,3.032200000047851,3.049600000023929,3.065900000035981]",0.016647826,0.000506797,185.0,left,1.0,,,,,,2.0,0.0,8.0,0.5,-2.917571494,-1.0,1.038959935,-0.874145116,48.0,-0.013089969,0.387063294,0.032293316,0.069877675,0.198684878,5.0,1.017428585,-0.894242311,64.0,-0.012217305,0.396824946,0.026418425,0.079335183,0.168726505,6.0,0.190213806,-0.371317544,16.0,0.017453293,0.363466057,0.031192723,0.069909496,0.180964939,5.0,0.587857156,-0.922965001,36.0,0.002617994,0.379263044,0.03913601,0.077664539,0.168574417,3.0,1.868880496,0.56147593,50.0,-0.003490659,0.388365859,0.031859869,0.061653869,0.235670302,6.0,1.026772679,-0.885722128,56.0,0.002617994,0.391878159,0.037400891,0.06461151,0.256914973,6.0,1.297456585,-0.51985353,90.0,-0.005235988,0.41932645,0.033694537,0.059919896,0.18718849,4.0,2.429751604,0.989198205,96.0,0.002617994,0.429744758,0.028375272,0.064697354,0.217313714,7.0,0.0,0.0,0.0,0.0,0.0,0.0,0.0,0.0,0.0,0.0,0.0,0.0,0.0,0.0,0.0,0.0,0.0,0.0,0.0,0.0,0.0,0.0,0.0,0.0,0.0,0.0,0.0,0.0,0.0,0.0,0.0,0.0,0.0,0.0,0.0,0.0,,,,,,,0.6177,,0.0,8.0,8.0,8.0,1.0,,,,,,,,,,,,,,,,,,,,,,,,,,,,0
S070,2,2024-11-21_13h14.36.924,MotivatedInference,2024.1.5,Win32,60.24096386,668be8e87e83611e680fb3ab,{{%SESSION_ID%},Chrome,,,,,,,,,,,,,,,,,,,,,,,,,,,,,,1.0,,,,,,,,8.0,,,,,,,,,conditions/conds_107.csv,1.0,1.0,,,,,,,,,2345.0414,2348.1571,"[0.0027000000477528374,0.015900000035799167,0.03210000002400193,0.04890000003615569,0.06550000000015643,0.08230000001231019,0.09890000003588284,0.11560000002418747,0.1322000000477601,0.14890000003606474,0.16550000000006548,0.182200000047942,0.1989000000357919,0.21640000003617388,0.23300000000017462,0.2489000000359738,0.2656000000242784,0.28220000004785106,0.2989000000361557,0.31580000001213193,0.3323000000123102,0.3497000000479602,0.3657000000480366,0.3822000000477601,0.3988000000122156,0.4155000000000655,0.432200000047942,0.4489000000357919,0.46570000004794565,0.4822000000481239,0.4989000000359738,0.5156000000242784,0.5321000000240019,0.5488000000123066,0.5655000000001564,0.582200000048033,0.5989000000358828,0.6164000000358101,0.6329000000359883,0.6489000000360647,0.6655000000000655,0.6823000000122192,0.6990000000000691,0.7156000000240965,0.7322000000481239,0.7488000000121247,0.765400000036152,0.7822000000478511,0.7988000000123066,0.8156000000240056,0.8327000000481348,0.8488000000120337,0.8656000000241875,0.8823000000120373,0.8987000000479384,0.9156000000239146,0.9323000000122192,0.9489000000357919,0.9656000000240965,0.9822000000481239,0.9989000000359738,1.0156000000242784,1.032200000047851,1.0496000000239292,1.0657000000478547,1.0824000000361593,1.0998000000122374,1.115900000036163,1.1325000000001637,1.1488000000122156,1.1655000000000655,1.1823000000122192,1.198900000035792,1.2155000000002474,1.232200000048124,1.2489000000359738,1.2655000000004293,1.282200000047851,1.2989000000361557,1.3155000000001564,1.332200000048033,1.3488000000120337,1.366300000011961,1.3831000000241147,1.3989000000360647,1.4156000000239146,1.432200000047942,1.449500000000171,1.465300000012121,1.4823000000119464,1.4989000000359738,1.5156000000242784,1.5330000000003565,1.5494000000358028,1.5655000000001564,1.582200000048033,1.5987000000477565,1.6155000000003383,1.6322000000477601,1.6498000000119646,1.6655000000000655,1.682200000047942,1.6988000000119428,1.7163000000123247,1.7329000000358974,1.749600000024202,1.7656000000242784,1.7824000000359774,1.7992000000481312,1.8155000000001564,1.832200000048033,1.8488000000120337,1.8655000000003383,1.8819000000357846,1.8989000000360647,1.9155000000000655,1.932200000047942,1.9488000000119428,1.9654000000359702,1.982200000048124,1.9989000000359738,2.016300000012052,2.032100000024002,2.0488000000123066,2.0655000000001564,2.0829000000358064,2.099500000000262,2.115400000036061,2.132600000024013,2.14850000000024,2.1655000000000655,2.1819000000359665,2.1988000000119428,2.2155000000002474,2.232200000048124,2.249500000000353,2.2656000000242784,2.2825000000002547,2.2988000000123066,2.3155000000001564,2.332200000048033,2.349500000000262,2.3661000000242893,2.3829000000359883,2.3993000000123175,2.4156000000239146,2.432800000012321,2.4487000000481203,2.465900000036072,2.4829000000358974,2.4991000000241,2.515400000036152,2.532200000047851,2.5487000000480293,2.5655000000001564,2.582700000048135,2.598900000035883,2.6156000000241875,2.63220000004776,2.6493000000123175,2.6655000000000655,2.682100000024093,2.699000000000069,2.7155000000002474,2.732200000048124,2.749600000024202,2.7655000000004293,2.782200000047851,2.7989000000361557,2.8156000000240056,2.832100000024184,2.8488000000120337,2.8652000000479347,2.8823000000120373,2.8988000000122156,2.9154000000357883,2.932100000024093,2.9487000000481203,2.9655000000002474,2.982200000048124,2.999600000024202,3.0155000000004293,3.032200000047851,3.0489000000361557,3.066300000012234,3.082700000048135,3.0987000000477565,3.1156000000241875]",0.016646524,0.000445088,188.0,left,0.0,,,,,,2.0,0.0,8.0,0.5,-1.743452088,1.0,2.80516745,0.623217672,39.0,-0.006981317,0.381053424,0.030288742,0.070264002,0.227413277,7.0,2.28932629,0.991070608,79.0,-0.004363323,0.40793127,0.02386995,0.059748747,0.165450333,7.0,0.222737991,-0.430887457,30.0,-0.009599311,0.375182725,0.031494597,0.070464671,0.19533995,5.0,0.588138932,-0.923181757,4.0,0.001745329,0.345391377,0.044661649,0.086491224,0.292502374,6.0,0.261713021,-0.499850401,61.0,-0.004363323,0.394911895,0.035957651,0.088187679,0.159307843,4.0,2.927125709,0.415901508,25.0,0.001745329,0.371739039,0.031180836,0.079221418,0.176784845,4.0,0.685023902,-0.979917595,37.0,-0.010471976,0.379878099,0.039758221,0.071440932,0.269646059,5.0,0.61102911,-0.939804665,47.0,-0.003490659,0.386485672,0.032547094,0.064121381,0.201087455,6.0,0.0,0.0,0.0,0.0,0.0,0.0,0.0,0.0,0.0,0.0,0.0,0.0,0.0,0.0,0.0,0.0,0.0,0.0,0.0,0.0,0.0,0.0,0.0,0.0,0.0,0.0,0.0,0.0,0.0,0.0,0.0,0.0,0.0,0.0,0.0,0.0,,,,,,,0.6361,,0.0,9.0,9.0,9.0,1.0,,,,,,,,,,,,,,,,,,,,,,,,,,,,0
S070,2,2024-11-21_13h14.36.924,MotivatedInference,2024.1.5,Win32,60.24096386,668be8e87e83611e680fb3ab,{{%SESSION_ID%},Chrome,,,,,,,,,,,,,,,,,,,,,,,,,,,,,,1.0,,,,,,,,1.0,,,,,,,,,conditions/conds_107.csv,1.0,1.0,,,,,,,,,2349.7912,2351.507,"[0.0018000000118263415,0.016400000035446283,0.03240000003552268,0.04990000003544992,0.06640000003562818,0.08240000003570458,0.09890000003542809,0.11569999998800995,0.13299999999981083,0.1491999999880136,0.1656999999877371,0.1823000000117645,0.1989000000357919,0.2154000000355154,0.23240000003579553,0.2494000000356209,0.26560000002382367,0.28230000001167355,0.29969999998775165,0.31630000001177905,0.3324000000357046,0.34910000002355446,0.36569999998800995,0.38219999998773346,0.4003000000116117,0.41649999999981446,0.43240000003561363,0.4489999999996144,0.4659999999998945,0.48290000003544264,0.4991000000236454,0.5159000000357992,0.532600000023649,0.5486999999880027,0.565699999987828,0.5824000000357046,0.5989999999997053,0.6156000000237327,0.6323000000115826,0.6498000000119646,0.6664000000355372,0.6829999999999927,0.6996999999878426,0.7161000000237436,0.732499999999618,0.7491000000236454,0.7663000000115971,0.7831999999880281,0.7996999999877517,0.8171999999876789,0.8331999999877553,0.8489999999997053,0.8654999999998836,0.8823000000115826,0.8989999999998872,0.9156000000234599,0.9321999999879154,0.9489000000357919,0.9666000000238455,0.9829999999997199,1,1.0166000000235726,1.0324000000355227,1.048900000035701,1.0654999999997017,1.0823000000118554,1.0996000000236563,1.1156000000237327,1.1321999999877335,1.1491999999880136,1.167800000011539,1.1823000000117645,1.1996999999878426,1.2161000000237436,1.2333000000116954,1.2504999999996471,1.2654000000356973,1.283100000023751,1.298900000035701,1.315699999987828,1.3328000000119573,1.34940000003553,1.3659999999999854,1.3826999999878353,1.3991000000237364,1.4156000000234599,1.4323000000117645,1.4499000000355409,1.465699999987919,1.482499999999618,1.4996999999880245,1.516800000011699,1.5326999999879263,1.5494000000358028,1.5666000000237545,1.582600000023831,1.598900000035428,1.6164000000353553,1.632600000023558,1.64890000003561,1.6656000000234599,1.6824000000356136,1.6989999999996144,1.715699999987919]",0.016639806,0.000601509,104.0,right,1.0,,,,,,1.0,0.0,4.0,0.5,3.222625492,-1.0,2.499311191,0.959314143,79.0,-0.004363323,0.40793127,0.02386995,0.059748747,0.165450333,7.0,2.307828447,0.995325099,50.0,-0.003490659,0.388365859,0.031859869,0.061653869,0.235670302,6.0,3.000659011,0.278149731,70.0,0.007853982,0.401012824,0.032375196,0.060909739,0.168550131,4.0,2.28484765,0.98983652,79.0,-0.004363323,0.40793127,0.02386995,0.059748747,0.165450333,7.0,0.0,0.0,0.0,0.0,0.0,0.0,0.0,0.0,0.0,0.0,0.0,0.0,0.0,0.0,0.0,0.0,0.0,0.0,0.0,0.0,0.0,0.0,0.0,0.0,0.0,0.0,0.0,0.0,0.0,0.0,0.0,0.0,0.0,0.0,0.0,0.0,0.0,0.0,0.0,0.0,0.0,0.0,0.0,0.0,0.0,0.0,0.0,0.0,0.0,0.0,0.0,0.0,0.0,0.0,0.0,0.0,0.0,0.0,0.0,0.0,0.0,0.0,0.0,0.0,0.0,0.0,0.0,0.0,0.0,0.0,0.0,0.0,,,,,,,0.4679,,0.0,10.0,10.0,10.0,1.0,,,,,,,,,,,,,,,,,,,,,,,,,,,,0
S070,2,2024-11-21_13h14.36.924,MotivatedInference,2024.1.5,Win32,60.24096386,668be8e87e83611e680fb3ab,{{%SESSION_ID%},Chrome,,,,,,,,,,,,,,,,,,,,,,,,,,,,,,1.0,,,,,,,,6.0,,,,,,,,,conditions/conds_107.csv,1.0,1.0,,,,,,,,,2352.9738,2356.0575,"[0.0030999999639789166,0.01639999997587438,0.033099999964179005,0.0496999999882064,0.06619999998792991,0.08389999997598352,0.09959999996408442,0.11680000001206281,0.1328999999759617,0.15030000001206645,0.16680000001178996,0.18299999999999272,0.19980000001169174,0.21630000001187,0.23289999997587074,0.2496999999880245,0.2663999999758744,0.2829999999999018,0.30030000001170265,0.31799999999975626,0.3338000000117063,0.3498000000117827,0.3663999999762382,0.3829999999998108,0.40049999999973807,0.41639999997596533,0.4331999999881191,0.4496999999878426,0.46630000001187,0.4830999999639971,0.4996999999880245,0.5163000000120519,0.5328000000117754,0.5505999999641062,0.566300000011779,0.5830000000000837,0.5996999999879336,0.6161999999881118,0.6328999999759617,0.6503999999758889,0.6663999999759653,0.6829999999999927,0.6995999999639935,0.7163999999761472,0.7333000000116954,0.7496999999880245,0.7665999999640007,0.7835000000000036,0.7996999999882064,0.8170000000000073,0.8328999999762345,0.8496999999879336,0.866300000011961,0.8829999999998108,0.8998000000119646,0.9171999999880427,0.93309999996427,0.9495999999639935,0.9661999999880209,0.9829999999997199,0.9996999999880245,1.016300000012052,1.0335999999642809,1.0498000000120555,1.0663999999760563,1.0830000000000837,1.1003000000118845,1.1166999999882137,1.1328000000116845,1.1496999999881155,1.1663999999759653,1.1828999999761436,1.1995999999639935,1.2161999999880209,1.2329999999997199,1.2496999999880245,1.2663999999758744,1.283099999964179,1.300499999999829,1.3170999999642845,1.3330000000000837,1.3496999999879336,1.3661999999881118,1.3840000000000146,1.4005999999640153,1.4159999999997126,1.4328999999761436,1.4503999999760708,1.4664999999999964,1.4828999999758707,1.5001999999881264,1.5166999999878499,1.5335000000000036,1.5503999999759799,1.5673000000119828,1.5828999999762345,1.5996999999879336,1.616300000011961,1.6338999999761654,1.6495999999642663,1.666300000011688,1.6829999999999927,1.70049999999992,1.7170000000000982,1.733099999963997,1.7496999999880245,1.7664999999997235,1.7829999999999018,1.7998000000120555,1.8163999999760563,1.8333000000120592,1.8496999999879336,1.866300000011961,1.8828999999759617,1.9003000000120664,1.9169999999999163,1.9338000000116153,1.9498000000116917,1.96630000001187,1.9829999999997199,1.9996999999880245,2.016300000012052,2.0329999999999018,2.0495999999643573,2.0670000000000073,2.0830000000000837,2.0995999999640844,2.116300000011961,2.132599999963986,2.1495999999642663,2.166300000011688,2.1829999999999927,2.1994999999997162,2.21630000001187,2.2328999999758707,2.2495999999641754,2.266300000012052,2.2828999999760526,2.30039999997598,2.317500000000109,2.3330000000000837,2.3495999999640844,2.366300000011961,2.3828999999759617,2.3996999999881155,2.416199999987839,2.4328999999761436,2.449399999975867,2.4660999999641717,2.48299999999972,2.4995999999641754,2.5171999999879517,2.53369999998813,2.55039999997598,2.566300000011779,2.5830000000000837,2.599499999999807,2.616199999988112,2.632999999999811,2.6495999999642663,2.666199999987839,2.6829999999999927,2.6995999999639935,2.7170999999643755,2.733599999964099,2.7495999999641754,2.7661999999882028,2.7829999999999018,2.79950000000008,2.81619999998793,2.833599999964008,2.849399999975958,2.866300000011961,2.882999999999811,2.8995999999642663,2.9169999999999163,2.9338999999758926,2.9496999999878426,2.9666999999881227,2.9828000000120483,2.9996999999880245,3.0170999999641026,3.034199999987777,3.0496999999882064,3.0670000000000073,3.083499999999731]",0.016650811,0.000517908,186.0,left,0.0,,,,,,1.0,0.0,8.0,0.5,0.56984091,-1.0,0.163344053,-0.320908065,63.0,0.002617994,0.396190386,0.03208284,0.060740902,0.237954322,6.0,0.257070101,-0.491786391,31.0,0.004363323,0.375872077,0.0344646,0.07529372,0.228193104,6.0,1.2688086,-0.567919087,5.0,-0.004363323,0.3477587,0.034233339,0.078408596,0.194188261,5.0,1.455896593,-0.227782268,44.0,-0.006981317,0.384544024,0.027675657,0.071715856,0.246225121,7.0,2.620796022,0.863209674,34.0,-0.01134464,0.377900669,0.035623555,0.066078969,0.222301383,5.0,2.070615729,0.841275775,94.0,0.004363323,0.42523076,0.035907823,0.059015617,0.218525823,5.0,1.599023834,0.05642503,50.0,-0.003490659,0.388365859,0.031859869,0.061653869,0.235670302,6.0,1.786046881,0.417326241,74.0,-0.002617994,0.403888444,0.032857311,0.06846285,0.186846183,6.0,0.0,0.0,0.0,0.0,0.0,0.0,0.0,0.0,0.0,0.0,0.0,0.0,0.0,0.0,0.0,0.0,0.0,0.0,0.0,0.0,0.0,0.0,0.0,0.0,0.0,0.0,0.0,0.0,0.0,0.0,0.0,0.0,0.0,0.0,0.0,0.0,,,,,,,0.6009,,0.0,11.0,11.0,11.0,1.0,,,,,,,,,,,,,,,,,,,,,,,,,,,,0
S070,2,2024-11-21_13h14.36.924,MotivatedInference,2024.1.5,Win32,60.24096386,668be8e87e83611e680fb3ab,{{%SESSION_ID%},Chrome,,,,,,,,,,,,,,,,,,,,,,,,,,,,,,-1.0,,,,,,,,5.0,,,,,,,,,conditions/conds_107.csv,1.0,1.0,,,,,,,,,2359.3903,2362.4733,"[0.0025000000000545697,0.016399999976329127,0.03319999998802814,0.0496999999882064,0.06639999997605628,0.0830999999643609,0.0996999999883883,0.11630000001196095,0.1338000000118882,0.14969999998811545,0.16630000001214285,0.18299999999999272,0.20000000000027285,0.21680000001197186,0.23309999996445185,0.24989999997615087,0.2663999999763291,0.283099999964179,0.29959999996435727,0.3163999999760563,0.3330999999643609,0.3496999999883883,0.36630000001196095,0.3830999999645428,0.3995999999642663,0.4163999999764201,0.43309999996426995,0.44969999998829735,0.46630000001187,0.4830000000001746,0.4996999999880245,0.5168000000121538,0.5333000000118773,0.5498000000120555,0.56739999997626,0.5828999999762345,0.5996999999883883,0.6163999999762382,0.6333999999760636,0.6498000000119646,0.6663999999764201,0.68309999996427,0.6996999999882973,0.7163999999761472,0.7335000000002765,0.7495999999641754,0.7663999999763291,0.7831999999880281,0.7993999999762309,0.8163999999760563,0.8328000000119573,0.849999999999909,0.8668000000120628,0.8835999999641899,0.8998000000119646,0.9165000000002692,0.93309999996427,0.9498000000121465,0.9663999999761472,0.9835000000002765,0.9996999999880245,1.0163999999763291,1.0333999999761545,1.0495999999643573,1.0663000000122338,1.083800000012161,1.1003999999761618,1.1171999999883155,1.1340000000000146,1.149499999999989,1.16639999997642,1.18380000001207,1.20009999996455,1.2163999999761472,1.2330000000001746,1.2494999999998981,1.266300000012052,1.283099999964179,1.2995999999643573,1.3163000000122338,1.333099999964361,1.3496999999883883,1.3670999999644664,1.3830000000002656,1.3995999999642663,1.4163000000121428,1.43309999996427,1.4506999999880463,1.4671999999882246,1.4828999999763255,1.4996999999880245,1.516300000012052,1.5328000000122302,1.5498999999763328,1.5663000000122338,1.5830000000000837,1.5996999999883883,1.616300000011961,1.6338000000118882,1.6503999999763437,1.6663000000121428,1.6829999999999927,1.6995999999644482,1.7161999999880209,1.7336999999884029,1.7496999999880245,1.7665000000001783,1.783099999964179,1.800000000000182,1.8163999999760563,1.8328000000119573,1.8496999999883883,1.8663999999762382,1.883699999988039,1.8995999999642663,1.91639999997642,1.9329999999999927,1.9496999999882973,1.9670000000000982,1.9830999999644519,1.9996999999880245,2.0171999999884065,2.03369999998813,2.0496999999882064,2.066800000011881,2.0850000000000364,2.099599999964539,2.117000000000189,2.132800000012139,2.15059999996447,2.1666999999883956,2.1833999999762455,2.1998000000121465,2.2171999999882246,2.233699999988403,2.2500999999642772,2.266399999976329,2.2828999999760526,2.2996999999882064,2.3163999999760563,2.33319999998821,2.3496999999883883,2.366300000011961,2.3830000000002656,2.3995999999642663,2.4170999999641936,2.4338999999763473,2.4498000000121465,2.46630000001187,2.4835000000002765,2.4998000000118736,2.5160999999643536,2.533099999964179,2.5505000000002838,2.5671999999881336,2.58319999998821,2.5996999999883883,2.616399999976238,2.6330000000002656,2.6495999999642663,2.666300000012143,2.6829999999999927,2.699599999964448,2.71630000001187,2.733699999988403,2.7496999999880245,2.766300000012052,2.7829999999999018,2.7996999999882064,2.818000000000211,2.8345999999642117,2.8498000000122374,2.866300000011961,2.8828999999764164,2.899499999999989,2.917300000011892,2.9333999999762455,2.9496999999882973,2.96630000001187,2.9830000000001746,2.9998000000118736,3.0171999999884065,3.033099999964179,3.0498000000120555,3.0663999999760563,3.0828999999762345]",0.016650811,0.000513296,186.0,left,1.0,,,,,,1.0,0.0,8.0,0.5,3.132189815,1.0,1.834862459,0.503920965,23.0,0.001745329,0.370048297,0.033576258,0.089212406,0.165879093,5.0,2.886346646,0.488606592,69.0,-0.001745329,0.400311091,0.03773135,0.078132351,0.241087639,6.0,1.520848487,-0.099729618,56.0,0.002617994,0.391878159,0.037400891,0.06461151,0.256914973,6.0,1.741766381,0.335315509,93.0,0.012217305,0.423353751,0.033559225,0.078739299,0.188587653,4.0,1.724023529,0.301680137,18.0,-0.008726646,0.365457086,0.031782524,0.075683607,0.153768306,4.0,2.384269338,0.99842402,64.0,-0.012217305,0.396824946,0.026418425,0.079335183,0.168726505,6.0,2.666807484,0.813165504,65.0,0.000872665,0.397557211,0.028332609,0.059251996,0.151978572,5.0,1.465421363,-0.209193293,19.0,-8.92894e-14,0.366380653,0.037711395,0.069882825,0.280007013,7.0,0.0,0.0,0.0,0.0,0.0,0.0,0.0,0.0,0.0,0.0,0.0,0.0,0.0,0.0,0.0,0.0,0.0,0.0,0.0,0.0,0.0,0.0,0.0,0.0,0.0,0.0,0.0,0.0,0.0,0.0,0.0,0.0,0.0,0.0,0.0,0.0,,,,,,,0.5688,,0.0,12.0,12.0,12.0,1.0,,,,,,,,,,,,,,,,,,,,,,,,,,,,0
S070,2,2024-11-21_13h14.36.924,MotivatedInference,2024.1.5,Win32,60.24096386,668be8e87e83611e680fb3ab,{{%SESSION_ID%},Chrome,,,,,,,,,,,,,,,,,,,,,,,,,,,,,,-1.0,,,,,,,,3.0,,,,,,,,,conditions/conds_107.csv,1.0,1.0,,,,,,,,,2364.0429,2365.7779,"[0.0014999999998508429,0.018500000000130967,0.030400000035569974,0.0471000000238746,0.06380000001172448,0.0805000000000291,0.10190000003558453,0.11390000003575551,0.13310000002365996,0.14990000003581372,0.1678000000119937,0.18020000004753456,0.1999999999998181,0.21810000002369634,0.2308000000116408,0.25010000002384913,0.26360000002387096,0.2807000000475455,0.30210000002398374,0.31370000004744725,0.3313000000116517,0.3482000000476546,0.3688000000120155,0.3806000000236054,0.3969999999999345,0.41370000004781105,0.4304000000356609,0.44780000001173903,0.4646000000238928,0.48470000004772373,0.4977000000476437,0.5172000000475236,0.5309000000356718,0.5482000000474727,0.5676000000239583,0.5807000000477274,0.599999999999909,0.6137000000476291,0.630400000035479,0.6498000000119646,0.6667000000475127,0.6804000000356609,0.6999000000355409,0.7177000000474436,0.73050000000012,0.7512000000474472,0.7644999999997708,0.7833000000118773,0.7975000000001273,0.8171000000238564,0.8314000000355009,0.851600000023609,0.8674000000355591,0.8803000000116299,0.9003000000120664,0.9164999999998145,0.9304000000356609,0.9496000000235654,0.9643000000119173,0.9836000000236709,0.9968000000117172,1.0183000000120046,1.0343000000116263,1.0498000000120555,1.0637000000474472,1.0803000000119027,1.0973000000117281,1.1145000000001346,1.13310000002366,1.1471000000237837,1.163700000047811,1.1813000000120155,1.201100000023871,1.214700000047742,1.2342000000476219,1.2474000000356682,1.2671000000236745,1.280999999999949,1.3002000000474254,1.3144999999999527,1.33360000002358,1.3471000000236018,1.3638000000119064,1.3856000000237145,1.4002000000477892,1.413700000047811,1.4333000000119682,1.447800000011739,1.4667000000476946,1.4809999999997672,1.4998000000118736,1.5144999999997708,1.5338000000119791,1.5522000000473781,1.567900000035479,1.5804000000357519,1.5998000000117827,1.6134999999999309,1.6309999999998581,1.6520000000000437,1.6644000000355845,1.6807000000476364,1.699999999999818,1.7143000000119173,1.73490000003585]",0.016667308,0.002749316,105.0,left,1.0,,,,,,2.0,0.0,4.0,0.5,-1.35432617,-1.0,1.446414531,-0.2462058,94.0,0.004363323,0.42523076,0.035907823,0.059015617,0.218525823,5.0,1.214777823,-0.653377207,71.0,0.013962634,0.401673071,0.031502829,0.073976735,0.151529972,4.0,2.86469185,0.525924407,9.0,0.01134464,0.355140301,0.038458273,0.073668072,0.274720221,7.0,0.686922167,-0.98066757,54.0,-0.000872665,0.390632361,0.034931933,0.073298853,0.195852464,4.0,0.0,0.0,0.0,0.0,0.0,0.0,0.0,0.0,0.0,0.0,0.0,0.0,0.0,0.0,0.0,0.0,0.0,0.0,0.0,0.0,0.0,0.0,0.0,0.0,0.0,0.0,0.0,0.0,0.0,0.0,0.0,0.0,0.0,0.0,0.0,0.0,0.0,0.0,0.0,0.0,0.0,0.0,0.0,0.0,0.0,0.0,0.0,0.0,0.0,0.0,0.0,0.0,0.0,0.0,0.0,0.0,0.0,0.0,0.0,0.0,0.0,0.0,0.0,0.0,0.0,0.0,0.0,0.0,0.0,0.0,0.0,0.0,,,,,,,0.6677,,0.0,13.0,13.0,13.0,1.0,,,,,,,,,,,,,,,,,,,,,,,,,,,,0
S070,2,2024-11-21_13h14.36.924,MotivatedInference,2024.1.5,Win32,60.24096386,668be8e87e83611e680fb3ab,{{%SESSION_ID%},Chrome,,,,,,,,,,,,,,,,,,,,,,,,,,,,,,-1.0,,,,,,,,10.0,,,,,,,,,conditions/conds_107.csv,1.0,1.0,,,,,,,,,2367.462,2371.9115,"[0.0035000000002582965,0.0153999999761254,0.03060000002369634,0.04460000002382003,0.061300000012124656,0.08010000002377637,0.09469999998827916,0.11610000002383458,0.12860000002410743,0.14910000002373636,0.16150000000016007,0.17789999997603445,0.19750000000021828,0.21119999998791172,0.22789999997621635,0.24450000000024374,0.2656999999881009,0.2813999999762018,0.2976999999882537,0.3111999999882755,0.32780000001184817,0.3451000000241038,0.3645000000001346,0.3778999999763073,0.3946000000237291,0.41200000000026193,0.4318999999763946,0.4451999999882901,0.46469999998817,0.4781000000239146,0.49819999998817366,0.5116999999881955,0.5321000000240019,0.5450000000000728,0.5656999999882828,0.5781000000238237,0.5953999999760526,0.6153000000117572,0.6286999999879299,0.64939999997614,0.6618000000121356,0.6808000000119137,0.6981999999879918,0.7119999999999891,0.7321999999880973,0.74510000002374,0.7641000000239728,0.7780000000002474,0.7989999999999782,0.8116000000241002,0.8318999999760308,0.8448000000121283,0.86569999998801,0.8780000000001564,0.8988999999760381,0.9118999999764128,0.9315000000001419,0.9453000000121392,0.9613000000117609,0.9780000000000655,0.999000000000251,1.0116999999881955,1.0286000000237436,1.0480000000002292,1.0611000000239983,1.0806000000238782,1.0945000000001528,1.1161000000238346,1.1281000000240056,1.1493000000118627,1.16150000000016,1.1813999999762927,1.1955000000002656,1.2150000000001455,1.2286000000240165,1.2445000000002437,1.262000000000171,1.2786000000237436,1.2978000000121028,1.3111999999882755,1.3288999999763291,1.348399999976209,1.3623000000120555,1.3813000000118336,1.394600000023729,1.415800000012041,1.4278999999760345,1.4453999999764164,1.4658999999760454,1.4823000000119464,1.4953999999761436,1.5151000000237218,1.5278999999763982,1.5473999999762782,1.5650000000000546,1.5788999999763291,1.598399999976209,1.614699999988261,1.6278999999763073,1.6489999999998872,1.66150000000016,1.6823000000117645,1.6948999999763146,1.7153999999763982,1.7313000000117427,1.7486999999882755,1.7618000000120446,1.7813000000119246,1.7953000000120483,1.811899999976049,1.8286999999882028,1.848399999976209,1.86480000001211,1.8806000000240601,1.89449999999988,1.9118000000121356,1.9320000000002437,1.9448999999763146,1.9653999999763982,1.9781999999881918,1.9988000000121247,2.0113000000119428,2.0323000000121283,2.04460000002382,2.0655000000001564,2.080500000000029,2.094600000024002,2.1143000000120082,2.1286000000241074,2.1481000000239874,2.16150000000016,2.1818999999763946,2.1950000000001637,2.2138000000118154,2.230600000023969,2.2445000000002437,2.26139999997622,2.2806999999879736,2.2953000000120483,2.3161000000241074,2.3286000000239255,2.3488000000120337,2.3621999999882064,2.380999999999858,2.394600000023729,2.4111999999881846,2.4318000000121174,2.445300000012139,2.4648999999762964,2.477800000011939,2.4969999999998436,2.5111000000238164,2.5278999999763982,2.547300000012001,2.5643999999761036,2.5778999999761254,2.5973999999760053,2.6111999999880027,2.6323000000120373,2.6448999999761327,2.6643999999760126,2.6778999999760345,2.694500000000062,2.7161000000237436,2.7281000000239146,2.7445000000002437,2.7654999999999745,2.7826999999879263,2.795199999988199,2.811000000000149,2.827800000011848,2.8479999999999563,2.8611999999880027,2.8830000000002656,2.8953000000119573,2.9166000000236636,2.928300000011859,2.9498000000121465,2.9618000000118627,2.9813000000117427,2.9945000000002437,3.0111000000238164,3.0286000000237436,3.045199999988199,3.061399999976402,3.0786999999882028,3.0991999999882864,3.1153999999760345,3.12869999998793,3.1476999999881627,3.161899999976413,3.178699999988112,3.1986999999880936,3.211300000011761,3.2316999999879954,3.244999999999891,3.264699999987897,3.277800000012121,3.294499999999971,3.3111000000239983,3.332699999988108,3.3451999999879263,3.3640000000000327,3.37780000001203,3.395199999988108,3.41519999998809,3.428699999988112,3.444600000023911,3.4650000000001455,3.477800000011939,3.4971000000236927,3.5111999999880936,3.527800000012121,3.54830000001175,3.561500000000251,3.5816999999879044,3.5950000000002547,3.616399999976238,3.628199999988283,3.649499999999989,3.66150000000016,3.6806000000237873,3.694500000000062,3.7111999999879117,3.727800000011939,3.7445000000002437,3.7611999999880936,3.7806000000236963,3.799399999976231,3.8111999999882755,3.8308000000120046,3.8481999999880827,3.861499999999978,3.8813000000118336,3.895199999988108,3.91519999998809,3.9279999999998836,3.948399999976118,3.96100000000024,3.9778999999762163,3.998500000000149,4.011199999988094,4.028300000011768,4.047100000023875,4.061899999976049,4.080899999976282,4.095100000024104,4.114300000012008,4.132300000012037,4.144600000023729,4.164999999999964,4.1784999999999854,4.198600000023816,4.211300000011761,4.232500000000073,4.244699999987915,4.264300000012099,4.280499999999847,4.294499999999971,4.3111999999882755,4.328399999976227,4.347600000023704,4.361199999988003,4.37780000001203,4.399100000023736,4.4161000000240165,4.4278999999760345,4.449300000012045]",0.016650936,0.00310942,268.0,right,1.0,,,,,,1.0,0.0,12.0,0.5,2.306058277,-1.0,1.59480824,0.048005368,44.0,-0.006981317,0.384544024,0.027675657,0.071715856,0.246225121,7.0,0.063627586,-0.126911991,56.0,0.002617994,0.391878159,0.037400891,0.06461151,0.256914973,6.0,1.389077862,-0.355488758,51.0,-0.000872665,0.388957543,0.039197552,0.074659583,0.215725836,5.0,0.288874914,-0.546140366,24.0,-0.000872665,0.370951047,0.044446314,0.068882508,0.271498611,5.0,1.944976402,0.680437985,22.0,-0.006108652,0.369173441,0.034771665,0.081264392,0.215269419,6.0,1.693530102,0.243009887,3.0,0.001745329,0.342027877,0.030569748,0.094119191,0.219456558,8.0,2.464452538,0.976651816,95.0,-0.003490659,0.427246221,0.028411926,0.064304978,0.203029515,6.0,2.959158196,0.356826842,90.0,-0.005235988,0.41932645,0.033694537,0.059919896,0.18718849,4.0,0.826181464,-0.996675289,50.0,-0.003490659,0.388365859,0.031859869,0.061653869,0.235670302,6.0,2.628174263,0.855666218,60.0,0.008726646,0.394321176,0.024708435,0.063628191,0.162696287,6.0,2.099541284,0.871125624,60.0,0.008726646,0.394321176,0.024708435,0.063628191,0.162696287,6.0,2.98948168,0.29955094,62.0,-0.006981317,0.395568746,0.03641844,0.082091507,0.288170754,7.0,,,,,,,0.5178,,0.0,14.0,14.0,14.0,1.0,,,,,,,,,,,,,,,,,,,,,,,,,,,,0
S070,2,2024-11-21_13h14.36.924,MotivatedInference,2024.1.5,Win32,60.24096386,668be8e87e83611e680fb3ab,{{%SESSION_ID%},Chrome,,,,,,,,,,,,,,,,,,,,,,,,,,,,,,-1.0,,,,,,,,2.0,,,,,,,,,conditions/conds_107.csv,1.0,1.0,,,,,,,,,2373.4238,2375.1567,"[0.002099999964229937,0.01909999996451006,0.03269999998838102,0.04930000001195367,0.06659999996418264,0.08689999997613995,0.10239999997611449,0.11680000001206281,0.1328000000121392,0.14939999997613995,0.1668000000122447,0.1871999999880245,0.20009999996455008,0.2159999999998945,0.23280000001204826,0.249399999976049,0.27009999996425904,0.2856999999880827,0.29930000001195367,0.3166999999880318,0.33359999996446277,0.3535999999644446,0.3663999999762382,0.38259999996444094,0.40369999998802086,0.41659999996454644,0.4361999999882755,0.4493000000120446,0.4659999999998945,0.4833000000121501,0.5035000000002583,0.520099999964259,0.532699999988381,0.5498999999763328,0.5690999999642372,0.5828999999762345,0.6023999999761145,0.6160999999642627,0.6325999999644409,0.6523999999762964,0.6660000000001673,0.6835999999643718,0.7045000000002801,0.7166999999881227,0.7328000000120483,0.7491999999883774,0.7686999999882573,0.7833000000118773,0.7993000000119537,0.8206999999883919,0.8360999999645173,0.8493000000121356,0.8661999999881118,0.8823999999763146,0.8993000000118627,0.9160000000001673,0.9333000000119682,0.9536999999882028,0.9660999999641717,0.9870999999643573,0.9998999999761509,1.0160999999643536,1.0366999999882864,1.0540000000000873,1.0660999999645355,1.0853000000120119,1.1006999999881373,1.1199999999998909,1.1328000000121392,1.1493000000118627,1.1666999999883956,1.1870999999641754,1.1996999999882973,1.2168000000119719,1.23700000000008,1.2494999999998981,1.2665999999644555,1.287000000000262,1.300000000000182,1.3188999999761108,1.3335000000001855,1.3531999999881918,1.3668000000120628,1.3860999999642445,1.4034999999998945,1.4186999999883483,1.4326999999880172,1.4493000000120446,1.4704999999999018,1.4828999999763255,1.5,1.5158999999762273,1.5333000000118773,1.5538999999762382,1.5658999999764092,1.5850999999643136,1.6023000000118373,1.6165000000000873,1.632599999964441,1.649499999999989,1.6690999999641463,1.6829999999999927,1.7018000000120992,1.7158999999760454,1.73259999996435]",0.016639423,0.002633052,105.0,right,0.0,,,,,,1.0,0.0,4.0,0.5,-0.737908075,1.0,2.58244246,0.899358651,4.0,0.001745329,0.345391377,0.044661649,0.086491224,0.292502374,6.0,0.744346663,-0.996631441,19.0,-8.92894e-14,0.366380653,0.037711395,0.069882825,0.280007013,7.0,1.534424745,-0.072679027,55.0,-0.003490659,0.391280598,0.028194872,0.063513844,0.18961797,6.0,0.302010308,-0.567956258,86.0,-0.01134464,0.414570186,0.03611148,0.064685839,0.099529567,3.0,0.0,0.0,0.0,0.0,0.0,0.0,0.0,0.0,0.0,0.0,0.0,0.0,0.0,0.0,0.0,0.0,0.0,0.0,0.0,0.0,0.0,0.0,0.0,0.0,0.0,0.0,0.0,0.0,0.0,0.0,0.0,0.0,0.0,0.0,0.0,0.0,0.0,0.0,0.0,0.0,0.0,0.0,0.0,0.0,0.0,0.0,0.0,0.0,0.0,0.0,0.0,0.0,0.0,0.0,0.0,0.0,0.0,0.0,0.0,0.0,0.0,0.0,0.0,0.0,0.0,0.0,0.0,0.0,0.0,0.0,0.0,0.0,,,,,,,0.7295,,0.0,15.0,15.0,15.0,1.0,,,,,,,,,,,,,,,,,,,,,,,,,,,,0
S070,2,2024-11-21_13h14.36.924,MotivatedInference,2024.1.5,Win32,60.24096386,668be8e87e83611e680fb3ab,{{%SESSION_ID%},Chrome,,,,,,,,,,,,,,,,,,,,,,,,,,,,,,-1.0,,,,,,,,12.0,,,,,,,,,conditions/conds_107.csv,1.0,1.0,,,,,,,,,2376.8909,2381.373,"[0.003600000023652683,0.015800000011950033,0.03220000004785106,0.04880000001185181,0.06560000002400557,0.08290000003580644,0.09920000004785834,0.11530000001175722,0.1322000000477601,0.14880000001176086,0.1663000000116881,0.18280000001186636,0.19950000000017099,0.21620000004759277,0.23240000003579553,0.24870000004784742,0.26580000001195003,0.28210000002400193,0.2988000000118518,0.3154000000358792,0.3321000000237291,0.3488000000120337,0.3654999999998836,0.3822000000477601,0.39880000001176086,0.41640000003553723,0.431999999999789,0.44880000001194276,0.4654000000355154,0.48280000001204826,0.4988000000116699,0.5166000000240274,0.5323000000116735,0.5489000000357009,0.5655000000001564,0.5821000000237291,0.5989000000358828,0.6154000000356064,0.6329000000355336,0.6487000000474836,0.6654000000357883,0.6821000000236381,0.6988000000119428,0.7161000000237436,0.7329000000358974,0.7487000000478474,0.7654999999999745,0.7822000000478511,0.7994000000358028,0.8159000000355263,0.8321000000237291,0.8486000000239073,0.8658000000118591,0.8822000000477601,0.8988000000117609,0.9154000000357883,0.9318000000116626,0.9486000000238164,0.9654000000355154,0.98210000002382,0.9987000000478474,1.0154000000356973,1.032100000024002,1.0488000000118518,1.0656000000240056,1.0822000000475782,1.0988000000120337,1.1154000000356064,1.1329000000355336,1.1488000000117609,1.1655000000000655,1.1828000000118664,1.199500000000171,1.2161000000237436,1.23210000002382,1.24880000001167,1.2653000000118482,1.282100000024002,1.2987000000475746,1.3155000000001564,1.33199999999988,1.3488000000120337,1.3654000000356064,1.3828000000116845,1.3988000000117609,1.4154000000357883,1.4321000000236381,1.4488000000119428,1.4654999999997926,1.481999999999971,1.498900000035519,1.5154999999999745,1.532100000024002,1.5486000000237254,1.5651000000239037,1.58199999999988,1.5988000000120337,1.6154000000356064,1.6322000000477601,1.6488000000117609,1.6660000000001673,1.6821000000236381,1.6987000000476655,1.7154000000355154,1.7324000000357955,1.74880000001167,1.7654000000356973,1.7820000000001528,1.7988000000118518,1.8154000000358792,1.83199999999988,1.8489000000358828,1.8656000000237327,1.882100000023911,1.8988000000117609,1.9155000000000655,1.9322000000474873,1.9487000000476655,1.9654999999997926,1.98210000002382,1.999400000035621,2.0162000000477747,2.032000000000153,2.0487000000475746,2.0656000000240056,2.08199999999988,2.0987000000477565,2.1154000000356064,2.132700000047862,2.1487000000474836,2.1654000000357883,2.182100000023638,2.199000000000069,2.2154999999997926,2.23210000002382,2.248500000000149,2.2654999999999745,2.282100000024002,2.2987000000475746,2.315400000035879,2.332100000023729,2.3487000000477565,2.3654999999998836,2.382600000024013,2.399499999999989,2.4154000000357883,2.4322000000474873,2.4488000000119428,2.46630000001187,2.4819000000356937,2.4987000000478474,2.515700000047673,2.532100000024002,2.548800000011852,2.565400000035879,2.582100000023729,2.5987000000477565,2.615300000011757,2.6329000000355336,2.648800000011761,2.6654000000357883,2.681999999999789,2.6987000000476655,2.7154000000355154,2.732200000047669,2.7487000000478474,2.7661000000239255,2.782000000000153,2.7991000000238273,2.81530000001203,2.83199999999988,2.849300000011681,2.8656000000237327,2.882000000000062,2.8986000000236345,2.9164000000355372,2.9322000000474873,2.9488000000119428,2.9654000000355154,2.981999999999971,2.9987000000478474,3.0154999999999745,3.032000000000153,3.048800000011852,3.065400000035879,3.082100000023729,3.098900000035883,3.1154000000356064,3.1328000000116845,3.1487000000474836,3.166300000011688,3.181999999999789,3.1988000000119428,3.215700000047491,3.23210000002382,3.248400000035872,3.2654999999999745,3.282100000024002,3.2987000000475746,3.315400000035879,3.33199999999988,3.3488000000120337,3.365300000011757,3.3828000000116845,3.3993000000118627,3.415300000011939,3.4322000000474873,3.4488000000119428,3.4654000000355154,3.481999999999971,3.499400000035621,3.5154000000356973,3.5328000000117754,3.5487000000475746,3.5655000000001564,3.582100000023729,3.5986000000239073,3.6154000000356064,3.632100000023911,3.6487000000474836,3.6660000000001673,3.682100000023638,3.6997000000478693,3.7154999999997926,3.73210000002382,3.7487000000478474,3.7661000000239255,3.782000000000153,3.798800000011852,3.815400000035879,3.83199999999988,3.8492000000478583,3.8656000000237327,3.882000000000062,3.8986000000236345,3.9154000000357883,3.932100000023638,3.9498000000116917,3.966400000035719,3.98210000002382,3.9999000000357228,4.01580000001195,4.032000000000153,4.048700000047575,4.06530000001203,4.08199999999988,4.0987000000477565,4.115300000011757,4.132700000047862,4.148800000011761,4.165400000035788,4.182200000047487,4.1987000000476655,4.215400000035515,4.232200000047669,4.248700000047847,4.264900000035595,4.2829000000356245,4.298900000035701,4.315400000035879,4.332100000023729,4.3487000000477565,4.365400000035606,4.382600000024013,4.3986000000236345,4.415300000011939,4.431999999999789,4.448600000023816,4.465300000011666,4.481999999999971]",0.016648327,0.000495375,270.0,left,1.0,,,,,,2.0,0.0,12.0,0.5,-0.538611979,-1.0,0.063901591,-0.127455551,37.0,-0.010471976,0.379878099,0.039758221,0.071440932,0.269646059,5.0,1.061894426,-0.850956552,99.0,-0.003490659,0.442500629,0.032492338,0.059723416,0.160754516,4.0,1.956031661,0.696473059,28.0,0.006108652,0.373747518,0.036497013,0.082304542,0.218348002,5.0,1.244709299,-0.606915705,44.0,-0.006981317,0.384544024,0.027675657,0.071715856,0.246225121,7.0,1.8847424,0.587440247,1.0,-0.007853982,0.332308035,0.049961894,0.10302439,0.316973442,6.0,1.377735721,-0.376598038,16.0,0.017453293,0.363466057,0.031192723,0.069909496,0.180964939,5.0,0.036965924,-0.073864515,92.0,-0.000872665,0.422008311,0.023140698,0.057298337,0.164165775,6.0,0.05123233,-0.102285457,72.0,0.006108652,0.40239539,0.026269008,0.066501733,0.165237327,6.0,0.339320064,-0.627735044,25.0,0.001745329,0.371739039,0.031180836,0.079221418,0.176784845,4.0,2.256491633,0.980184471,42.0,0.010471976,0.383208229,0.034272345,0.075051408,0.167478928,5.0,1.308744214,-0.500437669,91.0,0.001745329,0.420659204,0.046109782,0.086244352,0.261967492,5.0,1.811788728,0.463538775,43.0,0.004363323,0.383893371,0.033132061,0.062242434,0.239996947,6.0,,,,,,,0.6179,,0.0,16.0,16.0,16.0,1.0,,,,,,,,,,,,,,,,,,,,,,,,,,,,0
S070,2,2024-11-21_13h14.36.924,MotivatedInference,2024.1.5,Win32,60.24096386,668be8e87e83611e680fb3ab,{{%SESSION_ID%},Chrome,,,,,,,,,,,,,,,,,,,,,,,,,,,,,,-1.0,,,,,,,,9.0,,,,,,,,,conditions/conds_107.csv,1.0,1.0,,,,,,,,,2382.9908,2387.4563,"[0.0035000000002582965,0.0153999999761254,0.032099999964430026,0.049800000012055534,0.0663000000122338,0.08209999996415718,0.09859999996433544,0.11539999997603445,0.1318999999762127,0.1488000000122156,0.16550000000006548,0.1821999999883701,0.19880000001194276,0.21530000001212102,0.23209999996424813,0.24880000001212466,0.26549999999997453,0.28209999996443,0.2986999999880027,0.3153999999763073,0.3321999999880063,0.3488000000120337,0.36539999997603445,0.3820999999643391,0.3988999999760381,0.4155000000000655,0.432099999964521,0.4486999999880936,0.46539999997639825,0.4819999999999709,0.49880000001212466,0.5154999999999745,0.5321999999882792,0.54950000000008,0.5653999999763073,0.5828000000119573,0.5988000000120337,0.6160999999642627,0.6320999999643391,0.6488000000122156,0.6653999999762163,0.6821999999883701,0.6986999999880936,0.7153999999763982,0.7321999999880973,0.7488000000121247,0.765199999987999,0.78209999996443,0.7988000000118518,0.8153999999763073,0.8321999999880063,0.8488000000120337,0.8653999999760345,0.8820999999643391,0.8988000000122156,0.9153999999762163,0.9328000000118664,0.9491999999881955,0.9653999999763982,0.9818999999761218,0.9988000000121247,1.016300000012052,1.03209999996443,1.0488000000118518,1.0655000000001564,1.0820999999641572,1.0986999999881846,1.1155999999641608,1.132099999964339,1.14850000000024,1.1650999999642409,1.1820000000002437,1.1988000000119428,1.2153999999763982,1.2320999999642481,1.2488000000121247,1.2654999999999745,1.2828000000122302,1.29950000000008,1.3153999999763073,1.3320999999641572,1.3486999999881846,1.3654999999998836,1.3823999999763146,1.3988000000122156,1.4153999999762163,1.4323999999760417,1.4488000000119428,1.465300000012121,1.4830999999644519,1.500599999964379,1.5160999999643536,1.53209999996443,1.548899999976129,1.5653999999763073,1.5818000000122083,1.5988000000120337,1.6153999999760345,1.632099999964339,1.6488000000122156,1.6653999999762163,1.682099999964521,1.6986999999880936,1.7153999999763982,1.7321999999880973,1.7486999999882755,1.7660000000000764,1.7820000000001528,1.7988000000118518,1.8160000000002583,1.834199999987959,1.8485999999643354,1.8651999999883628,1.8820000000000618,1.8988000000122156,1.91519999998809,1.932099999964521,1.9484999999999673,1.965300000012121,1.981999999999971,1.9986999999882755,2.0153999999761254,2.03209999996443,2.04950000000008,2.0653999999763073,2.0821999999880063,2.0986999999881846,2.1160999999642627,2.132099999964339,2.1488000000122156,2.1655000000000655,2.1820000000002437,2.1986999999880936,2.215300000012121,2.232099999964248,2.2486999999882755,2.2653999999761254,2.28209999996443,2.2986999999880027,2.3160000000002583,2.332099999964157,2.3486999999881846,2.3653999999760345,2.382000000000062,2.3986999999883665,2.4160999999644446,2.432099999964521,2.449500000000171,2.4653999999763982,2.4821999999880973,2.4986999999882755,2.5160999999643536,2.532699999988381,2.5486999999880027,2.56530000001203,2.5840000000002874,2.599500000000262,2.61569999998801,2.632000000000062,2.6488000000122156,2.665300000011939,2.6820000000002437,2.6988000000119428,2.7153999999763982,2.732099999964248,2.7486999999882755,2.7653999999761254,2.78209999996443,2.7986999999880027,2.8153999999763073,2.832099999964157,2.8488000000120337,2.8660999999642627,2.88269999998829,2.8990999999641645,2.9153999999762163,2.9316999999882682,2.9486999999880936,2.9658999999760454,2.98330000001215,2.9995999999641754,3.0153999999761254,3.0325000000002547,3.0486999999880027,3.06530000001203,3.08199999999988,3.0986999999881846,3.1153999999760345,3.132000000000062,3.1486999999883665,3.165099999964241,3.182099999964521,3.1988000000119428,3.2175999999644773,3.2318000000118445,3.2486999999882755,3.2654999999999745,3.2829999999999018,3.2990999999642554,3.31530000001203,3.3321999999880063,3.348399999976209,3.365199999988363,3.382000000000062,3.3986999999883665,3.4153999999762163,3.4328000000118664,3.4486999999880936,3.465300000012121,3.482099999964248,3.4995999999641754,3.516300000012052,3.532000000000153,3.5485999999641535,3.56530000001203,3.58199999999988,3.5986999999881846,3.615300000012212,3.632000000000062,3.648899999976038,3.6661999999882937,3.6826999999880172,3.6991999999881955,3.715300000012121,3.732099999964248,3.7486999999882755,3.7653999999761254,3.78209999996443,3.7986999999880027,3.8160000000002583,3.8323000000118554,3.8486999999881846,3.8653999999760345,3.882099999964339,3.898399999976391,3.915300000011939,3.932099999964521,3.948399999976118,3.965300000012121,3.982699999988199,3.9985999999644264,4.015199999987999,4.031899999976304,4.048699999988003,4.06530000001203,4.0844999999999345,4.098699999988185,4.1153999999760345,4.132099999964339,4.1486999999883665,4.165399999976216,4.182000000000244,4.199000000000069,4.215300000012121,4.231899999976122,4.2483999999763,4.265899999976227,4.28209999996443,4.298699999988003,4.3160999999645355,4.33199999999988,4.348699999988185,4.365300000012212,4.382099999964339,4.3986999999883665,4.416099999964445,4.432000000000244,4.448699999988094,4.465300000012121]",0.016648507,0.000592205,269.0,left,1.0,,,,,,1.0,0.0,12.0,0.5,4.254487572,1.0,1.79744395,0.437930362,54.0,-0.000872665,0.390632361,0.034931933,0.073298853,0.195852464,4.0,2.032941408,0.798193357,68.0,0.009599311,0.399449425,0.031951263,0.065393928,0.165147664,5.0,3.072601155,0.137545563,29.0,-0.000872665,0.374372435,0.035828607,0.080766738,0.158410304,4.0,2.34715535,0.999836592,90.0,-0.005235988,0.41932645,0.033694537,0.059919896,0.18718849,4.0,0.272445535,-0.518324939,35.0,0.01134464,0.378665605,0.034694997,0.068673497,0.233172687,6.0,2.192380406,0.946808257,33.0,-0.006108652,0.377230834,0.032847101,0.067598606,0.249691544,6.0,1.716090676,0.286516293,53.0,-0.003490659,0.390095866,0.043303837,0.083823939,0.349451294,6.0,2.019105066,0.781219823,37.0,-0.010471976,0.379878099,0.039758221,0.071440932,0.269646059,5.0,1.672742301,0.202482185,60.0,0.008726646,0.394321176,0.024708435,0.063628191,0.162696287,6.0,2.832871015,0.578952402,89.0,0.014835299,0.418022232,0.039220845,0.067729576,0.134251055,3.0,2.817864426,0.603159576,19.0,-8.92894e-14,0.366380653,0.037711395,0.069882825,0.280007013,7.0,0.794566188,-0.999831899,6.0,-0.001745329,0.3497664,0.039524515,0.103278094,0.256513403,7.0,,,,,,,1.0016,,0.0,17.0,17.0,17.0,1.0,,,,,,,,,,,,,,,,,,,,,,,,,,,,0
S070,2,2024-11-21_13h14.36.924,MotivatedInference,2024.1.5,Win32,60.24096386,668be8e87e83611e680fb3ab,{{%SESSION_ID%},Chrome,,,,,,,,,,,,,,,,,,,,,,,,,,,,,,0.0,,,,,,,,4.0,,,,,,,,,conditions/conds_107.csv,1.0,1.0,,,,,,,,,2390.5616,2392.2596,"[0.0016999999879772076,0.01429999995207254,0.027799999952094367,0.04529999995202161,0.06569999998782805,0.07909999996400074,0.09849999999960346,0.11199999999962529,0.1316999999876316,0.1453999999757798,0.16579999995201433,0.17809999996416082,0.1944999999996071,0.21579999995219623,0.2281999999877371,0.248799999952098,0.2612999999519161,0.2778999999759435,0.29909999996380066,0.31209999996417537,0.3311999999878026,0.3452999999522035,0.3642999999519816,0.3785999999640808,0.397699999987708,0.41189999997595805,0.4276999999879081,0.4451999999878353,0.46549999999979264,0.47829999995201433,0.498799999952098,0.5146999999878972,0.5278999999759435,0.5445999999637934,0.561899999976049,0.5822999999522835,0.594499999999698,0.6119999999996253,0.6311999999879845,0.6452999999519307,0.6620999999640844,0.681999999999789,0.6983999999761181,0.7110999999640626,0.7277999999519125,0.748799999952098,0.7612999999519161,0.7817999999519998,0.7945999999637934,0.8155999999639789,0.8312999999520798,0.8446999999878244,0.8640999999638552,0.8777999999520034,0.89449999999988,0.9140999999640371,0.9277999999521853,0.9472999999520653,0.9611999999879117,0.9805999999639425,0.9951999999880172,1.015599999963797,1.0317999999519998,1.0443999999761218,1.0663999999760563,1.0809999999996762,1.094399999975849,1.1133999999760817,1.1278999999758526,1.14449999999988,1.161899999975958,1.1811999999877116,1.1954999999998108,1.2143999999757398,1.228699999987839,1.2477999999518943,1.261899999975867,1.280999999999949,1.2957999999521235,1.3110999999639716,1.3309999999996762,1.347199999987879,1.362399999975878,1.382499999999709,1.3945999999641572,1.4107999999519052,1.4277999999521853,1.4445999999638843,1.4609999999997854,1.4778999999757616,1.4980999999638698,1.5120999999639935,1.5305999999641244,1.5453999999758707,1.565699999987828,1.5779999999999745,1.5984999999996035,1.6119999999996253,1.6320999999638843,1.6451999999876534,1.6647999999522654,1.678699999987657,1.6979999999998654]",0.016630392,0.002902933,103.0,right,1.0,,,,,,2.0,0.0,4.0,0.5,-1.679132492,1.0,1.306210007,-0.504819317,72.0,0.006108652,0.40239539,0.026269008,0.066501733,0.165237327,6.0,1.83251377,0.499858061,66.0,-0.006108652,0.398200129,0.038012219,0.074472022,0.208169201,4.0,0.668154829,-0.972633739,41.0,0.013089969,0.382506884,0.032100804,0.075836611,0.218324429,6.0,1.182019976,-0.701537498,61.0,-0.004363323,0.394911895,0.035957651,0.088187679,0.159307843,4.0,0.0,0.0,0.0,0.0,0.0,0.0,0.0,0.0,0.0,0.0,0.0,0.0,0.0,0.0,0.0,0.0,0.0,0.0,0.0,0.0,0.0,0.0,0.0,0.0,0.0,0.0,0.0,0.0,0.0,0.0,0.0,0.0,0.0,0.0,0.0,0.0,0.0,0.0,0.0,0.0,0.0,0.0,0.0,0.0,0.0,0.0,0.0,0.0,0.0,0.0,0.0,0.0,0.0,0.0,0.0,0.0,0.0,0.0,0.0,0.0,0.0,0.0,0.0,0.0,0.0,0.0,0.0,0.0,0.0,0.0,0.0,0.0,,,,,,,0.6338,,0.0,18.0,18.0,18.0,1.0,,,,,,,,,,,,,,,,,,,,,,,,,,,,0
S070,2,2024-11-21_13h14.36.924,MotivatedInference,2024.1.5,Win32,60.24096386,668be8e87e83611e680fb3ab,{{%SESSION_ID%},Chrome,,,,,,,,,,,,,,,,,,,,,,,,,,,,,,0.0,,,,,,,,12.0,,,,,,,,,conditions/conds_107.csv,1.0,1.0,,,,,,,,,2393.9072,2398.3762,"[0.004199999988031777,0.018999999999778083,0.03219999998782441,0.04960000002347442,0.07030000001168446,0.08260000002383094,0.10330000001158623,0.11580000001185908,0.13219999998773346,0.15169999998806816,0.1663000000116881,0.18580000001156805,0.20340000003579917,0.22040000003562454,0.23519999998779895,0.25260000002344896,0.26949999999987995,0.28230000001167355,0.3024000000355045,0.31599999999980355,0.33290000003580644,0.3531999999877371,0.37010000002374,0.38249999999970896,0.39890000003561,0.4191999999879954,0.4323000000117645,0.4531999999881009,0.4696999999878244,0.48219999998809726,0.50440000003573,0.516199999987748,0.5360000000000582,0.5498000000116008,0.5686000000237073,0.5821999999880063,0.5996999999879336,0.6183000000119137,0.6324000000354317,0.6514000000356646,0.6656999999877371,0.6869999999998981,0.7019999999997708,0.7199999999997999,0.7321999999880973,0.7518000000118263,0.7686000000235254,0.7866000000235545,0.7999000000354499,0.8191000000238091,0.8329999999996289,0.8528000000119391,0.8671999999878608,0.882499999999709,0.89890000003561,0.91960000002382,0.9321999999879154,0.95330000001195,0.9661000000237436,0.9859999999998763,0.998900000035519,1.0164999999997235,1.031999999999698,1.0516999999877044,1.0664000000356282,1.0859000000355081,1.10269999998809,1.1189999999996871,1.132499999999709,1.1533000000117681,1.1656000000234599,1.18260000002374,1.1988000000119428,1.21630000001187,1.2326999999877444,1.2534000000355263,1.2656000000238237,1.2821999999878244,1.3029999999998836,1.31619999998793,1.3354000000354063,1.3531000000234599,1.3661999999881118,1.386400000035792,1.3996000000238382,1.4204999999997199,1.43260000002374,1.4529999999999745,1.4659999999998945,1.486400000035701,1.499400000035621,1.520100000023831,1.5324000000355227,1.5531000000237327,1.5656000000235508,1.5854000000354063,1.598800000011579,1.62010000002374,1.6329000000355336,1.6518000000119173,1.666199999987839,1.685699999987719,1.699400000035439,1.7154999999997926,1.7364999999999782,1.7499000000357228,1.7656000000238237,1.7829000000356245,1.80390000003581,1.8191000000238091,1.835199999987708,1.8533000000115862,1.8656000000237327,1.8821999999877335,1.8988000000117609,1.916300000011688,1.9371000000237473,1.9496000000235654,1.969000000000051,1.9826999999877444,2.003300000011677,2.0156000000238237,2.031999999999698,2.0515000000000327,2.0686000000237073,2.0821999999880063,2.101600000023609,2.1154999999998836,2.1321999999877335,2.1519000000357664,2.1686000000236163,2.1829000000357155,2.20330000001195,2.2161000000237436,2.2371999999877517,2.2491999999879226,2.2688000000116517,2.284699999987879,2.298900000035701,2.3196999999877335,2.332600000023831,2.348800000011579,2.3656000000237327,2.38310000002366,2.4024000000354135,2.418300000011641,2.4321999999879154,2.453199999988101,2.466199999988021,2.4821999999880973,2.49880000001167,2.516100000023471,2.533100000023751,2.5529999999998836,2.565800000011677,2.58480000001191,2.602199999987988,2.615199999987908,2.6354999999998654,2.64890000003561,2.6654000000357883,2.6864999999997963,2.698900000035792,2.7186999999880754,2.734699999987697,2.7498000000118736,2.770499999999629,2.7829999999999018,2.802699999987908,2.8159000000355263,2.8366000000237364,2.8491999999878317,2.866199999988112,2.8856000000237145,2.8993000000118627,2.918300000011641,2.9321999999879154,2.95330000001195,2.966199999988021,2.985699999987901,2.9986999999878208,3.018400000035399,3.0373000000117827,3.05319999998801,3.0694000000357846,3.082499999999982,3.102199999987988,3.1191999999878135,3.135400000035588,3.148800000011761,3.166199999987839,3.1829000000357155,3.203199999988101,3.215699999987919,3.2366999999881045,3.248900000035519,3.2696999999880063,3.2824999999998,3.302100000023529,3.320499999999811,3.3329000000358064,3.3519000000355845,3.365900000035708,3.3821000000234562,3.398800000011761,3.4154999999996107,3.4366000000236454,3.452199999987897,3.4656000000236418,3.4831999999878462,3.503100000023551,3.5156000000238237,3.5364999999997053,3.5529000000356064,3.5654999999997017,3.582100000023729,3.598800000011579,3.6159999999999854,3.6354999999998654,3.6493000000118627,3.670100000023467,3.6824000000356136,3.703199999988101,3.715800000011768,3.7321999999880973,3.74880000001167,3.7654000000356973,3.7828000000117754,3.803400000035708,3.816400000035628,3.8354000000354063,3.849499999999807,3.866199999988112,3.8829000000355336,3.9018000000119173,3.9199000000357955,3.932499999999891,3.953199999988101,3.965800000011768,3.9871000000234744,3.9991999999879226,4.015400000035697,4.035900000035781,4.052600000023631,4.065499999999702,4.085199999987708,4.101600000023609,4.117900000035661,4.136300000011943,4.149499999999989,4.16840000003549,4.185300000011921,4.1991000000234635,4.219699999987824,4.232499999999618,4.2519000000356755,4.265900000035799,4.284800000011728,4.301500000000033,4.315499999999702,4.33480000001191,4.348800000011579,4.37010000002374,4.382900000035534,4.402000000000044,4.418900000035592,4.432100000023638,4.448800000011943,4.468900000035774]",0.016659328,0.002960188,269.0,left,1.0,,,,,,2.0,0.0,12.0,0.5,-0.538611979,-1.0,0.063901591,-0.127455551,37.0,-0.010471976,0.379878099,0.039758221,0.071440932,0.269646059,5.0,1.061894426,-0.850956552,99.0,-0.003490659,0.442500629,0.032492338,0.059723416,0.160754516,4.0,1.956031661,0.696473059,28.0,0.006108652,0.373747518,0.036497013,0.082304542,0.218348002,5.0,1.244709299,-0.606915705,44.0,-0.006981317,0.384544024,0.027675657,0.071715856,0.246225121,7.0,1.8847424,0.587440247,1.0,-0.007853982,0.332308035,0.049961894,0.10302439,0.316973442,6.0,1.377735721,-0.376598038,16.0,0.017453293,0.363466057,0.031192723,0.069909496,0.180964939,5.0,0.036965924,-0.073864515,92.0,-0.000872665,0.422008311,0.023140698,0.057298337,0.164165775,6.0,0.05123233,-0.102285457,72.0,0.006108652,0.40239539,0.026269008,0.066501733,0.165237327,6.0,0.339320064,-0.627735044,25.0,0.001745329,0.371739039,0.031180836,0.079221418,0.176784845,4.0,2.256491633,0.980184471,42.0,0.010471976,0.383208229,0.034272345,0.075051408,0.167478928,5.0,1.308744214,-0.500437669,91.0,0.001745329,0.420659204,0.046109782,0.086244352,0.261967492,5.0,1.811788728,0.463538775,43.0,0.004363323,0.383893371,0.033132061,0.062242434,0.239996947,6.0,,,,,,,0.5174,,0.0,19.0,19.0,19.0,1.0,,,,,,,,,,,,,,,,,,,,,,,,,,,,0
S070,2,2024-11-21_13h14.36.924,MotivatedInference,2024.1.5,Win32,60.24096386,668be8e87e83611e680fb3ab,{{%SESSION_ID%},Chrome,,,,,,,,,,,,,,,,,,,,,,,,,,,,,,0.0,,,,,,,,3.0,,,,,,,,,conditions/conds_107.csv,1.0,1.0,,,,,,,,,2399.9099,2401.6267,"[0.001600000024154724,0.01610000002392553,0.032300000012128294,0.04920000004767644,0.06270000004769827,0.0794000000360029,0.10070000004770918,0.11599999999998545,0.1325000000001637,0.14610000002403467,0.16550000000006548,0.18000000000029104,0.19660000002386369,0.21340000003601745,0.2296000000242202,0.24610000002394372,0.26350000000002183,0.28220000004785106,0.29750000000012733,0.31290000003582463,0.33390000003601017,0.34960000002411107,0.36270000004788017,0.3838000000118882,0.3962000000478838,0.4171000000242202,0.4296000000240383,0.44940000003589375,0.46630000001232474,0.48020000004771646,0.49910000002410015,0.5181000000238782,0.5302000000478984,0.5462000000479748,0.5632000000478001,0.5836000000240347,0.5961000000238528,0.615900000036163,0.62940000003573,0.650000000000091,0.6632000000477092,0.6839000000359192,0.6987000000476655,0.7128000000120664,0.7294000000360938,0.7504000000358246,0.7634000000357446,0.7830000000003565,0.8003000000121574,0.8161000000241074,0.8298000000122556,0.85060000002386,0.8629000000360065,0.8839000000357373,0.8964000000360102,0.9172000000480693,0.9298000000121647,0.9461000000242166,0.9627000000477892,0.9795000000003711,0.9961000000239437,1.0127000000479711,1.0328000000122302,1.050700000047982,1.0634000000359265,1.082600000023831,1.0964000000358283,1.1167000000477856,1.1297000000477055,1.1508000000121683,1.16310000002386,1.1836000000239437,1.1964000000357373,1.213700000047993,1.2333000000121501,1.2462000000477929,1.2670000000002801,1.2802000000478984,1.2993000000119537,1.3135000000002037,1.329400000036003,1.35060000002386,1.3636000000242348,1.3804000000359338,1.3998000000119646,1.413000000000011,1.4340000000001965,1.4464000000357373,1.4634000000360174,1.4837000000479748,1.496800000012172,1.5178000000119027,1.5328000000122302,1.5461000000241256,1.5675000000001091,1.580000000000382,1.596200000047702,1.6128000000121574,1.6330000000002656,1.6503000000120664,1.663600000023962,1.6835000000000946,1.6964000000357373,1.7167000000476946]",0.016651456,0.003021183,104.0,left,1.0,,,,,,2.0,0.0,4.0,0.5,-1.35432617,-1.0,1.446414531,-0.2462058,94.0,0.004363323,0.42523076,0.035907823,0.059015617,0.218525823,5.0,1.214777823,-0.653377207,71.0,0.013962634,0.401673071,0.031502829,0.073976735,0.151529972,4.0,2.86469185,0.525924407,9.0,0.01134464,0.355140301,0.038458273,0.073668072,0.274720221,7.0,0.686922167,-0.98066757,54.0,-0.000872665,0.390632361,0.034931933,0.073298853,0.195852464,4.0,0.0,0.0,0.0,0.0,0.0,0.0,0.0,0.0,0.0,0.0,0.0,0.0,0.0,0.0,0.0,0.0,0.0,0.0,0.0,0.0,0.0,0.0,0.0,0.0,0.0,0.0,0.0,0.0,0.0,0.0,0.0,0.0,0.0,0.0,0.0,0.0,0.0,0.0,0.0,0.0,0.0,0.0,0.0,0.0,0.0,0.0,0.0,0.0,0.0,0.0,0.0,0.0,0.0,0.0,0.0,0.0,0.0,0.0,0.0,0.0,0.0,0.0,0.0,0.0,0.0,0.0,0.0,0.0,0.0,0.0,0.0,0.0,,,,,,,0.5507,,0.0,20.0,20.0,20.0,1.0,,,,,,,,,,,,,,,,,,,,,,,,,,,,0
S070,2,2024-11-21_13h14.36.924,MotivatedInference,2024.1.5,Win32,60.24096386,668be8e87e83611e680fb3ab,{{%SESSION_ID%},Chrome,,,,,,,,,,,,,,,,,,,,,,,,,,,,,,0.0,,,,,,,,1.0,,,,,,,,,conditions/conds_107.csv,1.0,1.0,,,,,,,,,2403.1896,2404.877,"[0.0018999999761035724,0.01930000001220833,0.03560000002380548,0.04960000002392917,0.06649999999990541,0.08310000002393281,0.10239999997611449,0.1173999999764419,0.13750000000027285,0.15060000002404195,0.1691999999879954,0.18299999999999272,0.19969999998829735,0.2198000000121283,0.23360000002412562,0.25330000001213193,0.2666000000240274,0.2860000000000582,0.30019999998830826,0.32010000002401284,0.3376999999882173,0.35289999997621635,0.3663999999762382,0.38599999999996726,0.40260000002399465,0.4168999999760672,0.4361999999882755,0.4528999999761254,0.46910000002390007,0.483199999988301,0.5036999999883847,0.5166000000240274,0.5361000000239073,0.5498000000120555,0.569600000023911,0.5831000000239328,0.6023999999761145,0.6173000000121647,0.6354999999998654,0.650600000024042,0.66960000002382,0.6831000000238419,0.7026000000237218,0.7161999999880209,0.7358000000122047,0.7496999999880245,0.7665000000001783,0.7831000000237509,0.8041999999882137,0.8173000000119828,0.8366999999880136,0.8503000000118845,0.8696999999883701,0.883699999988039,0.9028999999763982,0.9181999999882464,0.9338000000120701,0.9496999999882973,0.9704999999999018,0.9841000000237727,1.0031999999882828,1.0168000000121538,1.0363000000120337,1.0496999999882064,1.0693000000119355,1.088100000024042,1.1003999999761618,1.1203000000118664,1.133699999988039,1.15380000001187,1.167399999976169,1.1861999999882755,1.2003999999760708,1.2198999999764055,1.2331000000240238,1.2496000000237473,1.266300000012052,1.283100000023751,1.3036999999881118,1.316800000011881,1.3364999999998872,1.3506999999881373,1.3698999999760417,1.383699999988039,1.4036000000237436,1.4166999999879408,1.4373999999761509,1.4498999999764237,1.4710000000000036,1.483199999988301,1.5038999999760563,1.5166000000240274,1.5361000000239073,1.5525000000002365,1.56899999999996,1.5838999999764383,1.60269999998809,1.6171000000240383,1.6330000000002656,1.6536000000237436,1.66680000001179,1.6873999999761509]",0.016688119,0.00277857,102.0,right,1.0,,,,,,1.0,0.0,4.0,0.5,3.222625492,-1.0,2.499311191,0.959314143,79.0,-0.004363323,0.40793127,0.02386995,0.059748747,0.165450333,7.0,2.307828447,0.995325099,50.0,-0.003490659,0.388365859,0.031859869,0.061653869,0.235670302,6.0,3.000659011,0.278149731,70.0,0.007853982,0.401012824,0.032375196,0.060909739,0.168550131,4.0,2.28484765,0.98983652,79.0,-0.004363323,0.40793127,0.02386995,0.059748747,0.165450333,7.0,0.0,0.0,0.0,0.0,0.0,0.0,0.0,0.0,0.0,0.0,0.0,0.0,0.0,0.0,0.0,0.0,0.0,0.0,0.0,0.0,0.0,0.0,0.0,0.0,0.0,0.0,0.0,0.0,0.0,0.0,0.0,0.0,0.0,0.0,0.0,0.0,0.0,0.0,0.0,0.0,0.0,0.0,0.0,0.0,0.0,0.0,0.0,0.0,0.0,0.0,0.0,0.0,0.0,0.0,0.0,0.0,0.0,0.0,0.0,0.0,0.0,0.0,0.0,0.0,0.0,0.0,0.0,0.0,0.0,0.0,0.0,0.0,,,,,,,0.4345,,0.0,21.0,21.0,21.0,1.0,,,,,,,,,,,,,,,,,,,,,,,,,,,,0
S070,2,2024-11-21_13h14.36.924,MotivatedInference,2024.1.5,Win32,60.24096386,668be8e87e83611e680fb3ab,{{%SESSION_ID%},Chrome,,,,,,,,,,,,,,,,,,,,,,,,,,,,,,0.0,,,,,,,,8.0,,,,,,,,,conditions/conds_107.csv,1.0,1.0,,,,,,,,,2406.3103,2409.4067,"[0.002399999976205436,0.015899999976227264,0.03159999996432816,0.045599999964451854,0.06209999996417537,0.07969999998795174,0.10009999996418628,0.11230000001205553,0.13180000001193548,0.14630000001216104,0.16639999997596533,0.17939999997634004,0.19939999997632185,0.21280000001206645,0.23330000001215012,0.2456999999881191,0.26609999996435363,0.27959999996437546,0.2961999999879481,0.3156999999882828,0.3291999999883046,0.34619999998813,0.3668000000120628,0.3798000000119828,0.40000000000009095,0.4123999999760599,0.4290000000000873,0.4493000000120446,0.4628999999763437,0.4796999999880427,0.4963999999763473,0.5128999999760708,0.5335000000000036,0.5458999999759726,0.5668000000118809,0.5793000000121538,0.6003000000118845,0.6125999999644591,0.6315999999642372,0.6455000000000837,0.6663000000121428,0.6833999999762455,0.7001999999879445,0.7136999999879663,0.7319999999999709,0.7463999999763473,0.7658999999762273,0.7795000000000982,0.7990999999642554,0.8125999999642772,0.83319999998821,0.8458999999761545,0.8668000000120628,0.8791999999880318,0.900000000000091,0.9123000000117827,0.9288999999762382,0.9499999999998181,0.9628999999763437,0.98419999998805,1,1.0123000000121465,1.0326999999879263,1.0503999999759799,1.0626999999881264,1.0833000000120592,1.0956999999880281,1.1165000000000873,1.129300000011881,1.1503999999763437,1.16239999997606,1.1788999999762382,1.198300000011841,1.2120999999642663,1.2330000000001746,1.245699999988119,1.2649999999998727,1.2820000000001528,1.2993000000119537,1.3128999999762527,1.328800000012052,1.3490999999644373,1.362500000000182,1.3833000000117863,1.3993000000118627,1.4120999999640844,1.4329999999999927,1.44609999996419,1.4664999999999964,1.4788999999759653,1.4998999999761509,1.5128999999760708,1.5289999999999964,1.5455000000001746,1.5668999999761581,1.5794999999998254,1.5986999999881846,1.6131999999879554,1.6315999999642372,1.6465999999641099,1.6628999999761618,1.6818000000121174,1.695599999964088,1.7148999999762964,1.7288000000121428,1.7485999999644264,1.7623000000121465,1.77880000001187,1.8000999999644591,1.8128999999762527,1.8321999999880063,1.8454999999999018,1.8621999999882064,1.8823000000120373,1.895599999964361,1.9121999999879336,1.9291999999882137,1.949500000000171,1.962500000000091,1.9830000000001746,1.9963999999763473,2.0155999999642518,2.02880000001187,2.04950000000008,2.062399999976151,2.0813999999763837,2.0954999999999018,2.1173000000121647,2.1295000000000073,2.148399999976391,2.162499999999909,2.1829999999999927,2.19609999996419,2.214599999964321,2.228800000012143,2.2453999999761436,2.262899999976071,2.2833999999761545,2.295599999964452,2.3150000000000546,2.331899999976031,2.345599999964179,2.3666999999882137,2.3795000000000073,2.398399999976391,2.4163999999759653,2.428699999988112,2.4498000000121465,2.462599999964368,2.4839999999999236,2.49630000001207,2.51580000001195,2.531599999964328,2.54580000001215,2.5653999999763073,2.5816999999879044,2.598399999976209,2.6120999999643573,2.6316999999880863,2.6455000000000837,2.6621999999879336,2.680499999999938,2.696300000011888,2.715800000011768,2.728800000012143,2.7506999999882282,2.7653999999761254,2.77880000001187,2.795599999964452,2.8165999999641826,2.8295999999641026,2.849999999999909,2.8623000000120555,2.8833000000117863,2.895599999964361,2.9165999999640917,2.928800000011961,2.945499999999811,2.96309999996447,2.9825000000000728,2.99630000001207,3.0160999999643536,3.0295999999643755,3.0496999999882064,3.0655999999644337,3.078800000012052,3.09619999998813]",0.016633333,0.003191499,187.0,left,0.0,,,,,,2.0,0.0,8.0,0.5,-1.743452088,1.0,2.80516745,0.623217672,39.0,-0.006981317,0.381053424,0.030288742,0.070264002,0.227413277,7.0,2.28932629,0.991070608,79.0,-0.004363323,0.40793127,0.02386995,0.059748747,0.165450333,7.0,0.222737991,-0.430887457,30.0,-0.009599311,0.375182725,0.031494597,0.070464671,0.19533995,5.0,0.588138932,-0.923181757,4.0,0.001745329,0.345391377,0.044661649,0.086491224,0.292502374,6.0,0.261713021,-0.499850401,61.0,-0.004363323,0.394911895,0.035957651,0.088187679,0.159307843,4.0,2.927125709,0.415901508,25.0,0.001745329,0.371739039,0.031180836,0.079221418,0.176784845,4.0,0.685023902,-0.979917595,37.0,-0.010471976,0.379878099,0.039758221,0.071440932,0.269646059,5.0,0.61102911,-0.939804665,47.0,-0.003490659,0.386485672,0.032547094,0.064121381,0.201087455,6.0,0.0,0.0,0.0,0.0,0.0,0.0,0.0,0.0,0.0,0.0,0.0,0.0,0.0,0.0,0.0,0.0,0.0,0.0,0.0,0.0,0.0,0.0,0.0,0.0,0.0,0.0,0.0,0.0,0.0,0.0,0.0,0.0,0.0,0.0,0.0,0.0,,,,,,,0.6006,,0.0,22.0,22.0,22.0,1.0,,,,,,,,,,,,,,,,,,,,,,,,,,,,0
S070,2,2024-11-21_13h14.36.924,MotivatedInference,2024.1.5,Win32,60.24096386,668be8e87e83611e680fb3ab,{{%SESSION_ID%},Chrome,,,,,,,,,,,,,,,,,,,,,,,,,,,,,,0.0,,,,,,,,10.0,,,,,,,,,conditions/conds_107.csv,1.0,1.0,,,,,,,,,2411.0095,2415.4725,"[0.0038000000117790478,0.016800000011699012,0.032999999999901775,0.05069999998795538,0.06380000001172448,0.07949999999982538,0.09999999999990905,0.11599999999998545,0.12950000000000728,0.14930000001186272,0.16260000002375818,0.18260000002374,0.19700000000011642,0.2176999999878717,0.2296999999880427,0.25050000000010186,0.2641999999877953,0.27960000002394736,0.3008000000118045,0.31339999997589985,0.3341000000236818,0.3496000000236563,0.3628999999759799,0.3838000000118882,0.3971999999880609,0.4176000000238673,0.4296999999878608,0.44619999998803905,0.46299999999973807,0.48410000002377274,0.49689999997599443,0.5166000000235726,0.5333000000118773,0.5470000000000255,0.5628999999762527,0.5806000000238782,0.5966000000239546,0.6171000000235836,0.6301000000239583,0.6503000000116117,0.6635000000001128,0.6839999999997417,0.699899999975969,0.7129999999997381,0.7346999999881518,0.7468999999759944,0.7636999999881482,0.7841000000239546,0.7970000000000255,0.8161000000236527,0.8334999999997308,0.8469999999997526,0.8668000000120628,0.8841000000238637,0.8971000000237837,0.9171000000237655,0.9298999999759872,0.9501999999879445,0.9633999999759908,0.9839999999999236,0.9963999999758926,1.0174999999999272,1.0328999999760526,1.0463000000117972,1.0675000000001091,1.0803000000119027,1.1003000000118845,1.11360000002378,1.1333999999760636,1.15010000002394,1.1628999999761618,1.1839999999997417,1.1966000000238637,1.2171999999877698,1.2300000000000182,1.2506999999877735,1.26299999999992,1.2803000000117208,1.3008999999760817,1.3138999999760017,1.3331000000239328,1.3468999999759035,1.3661999999881118,1.383699999988039,1.3968000000118082,1.417899999976271,1.42980000001171,1.4458999999760636,1.467300000011619,1.479899999976169,1.5011000000235981,1.51299999999992,1.5341999999877771,1.5459999999998217,1.5656000000235508,1.5843000000118082,1.5963000000119791,1.6173999999759872,1.632100000023911,1.6471999999880609,1.663600000023962,1.6836000000239437,1.699899999975969,1.7161999999880209,1.7296000000237655,1.7469999999998436,1.7671000000236745,1.7799999999997453,1.8008999999760817,1.8138000000117245,1.8331000000239328,1.84619999998813,1.8671999999878608,1.8801999999877808,1.8963999999759835,1.917399999976169,1.9296000000235836,1.946199999988039,1.962899999975889,1.9801999999881446,2.000500000000102,2.0131999999880463,2.0333000000118773,2.0498000000120555,2.065800000011677,2.0796000000236745,2.096300000011979,2.1136999999880572,2.132999999999811,2.14939999997614,2.1655000000000655,2.1796000000235836,2.19680000001199,2.217899999975998,2.2301999999881446,2.250100000023849,2.263600000023871,2.2838999999762564,2.2970000000000255,2.3173000000119828,2.3299999999999272,2.350399999976162,2.3638999999761836,2.380000000000109,2.399600000023838,2.4178000000119937,2.4296000000235836,2.4491999999881955,2.4628000000116117,2.4841000000237727,2.4971000000236927,2.5168999999759762,2.530300000011721,2.5503000000117027,2.563999999999851,2.58360000002358,2.5966000000239546,2.6136999999880572,2.63430000001199,2.646699999987959,2.662899999976162,2.6835000000000946,2.6970000000001164,2.7166999999881227,2.732699999988199,2.7463000000116153,2.7658999999762273,2.7843000000116263,2.7970000000000255,2.816800000011881,2.8338000000117063,2.8466000000239546,2.867199999987861,2.880399999975907,2.8993000000118627,2.913000000000011,2.9338999999758926,2.9463999999761654,2.962899999975889,2.9801000000238673,3.0006999999877735,3.013500000000022,3.033100000023751,3.0496999999882064,3.0633999999759,3.08319999998821,3.0971000000236018,3.1168999999758853,3.12989999997626,3.1508000000117136,3.1631999999881373,3.1833000000119682,3.1965000000000146,3.2171000000239474,3.2296999999880427,3.250500000000102,3.2638000000119973,3.283199999988028,3.2970000000000255,3.3158999999759544,3.3301999999880536,3.3468999999759035,3.3638999999761836,3.38030000001163,3.396199999987857,3.417300000011892,3.433199999988119,3.446199999988039,3.4676999999878717,3.479899999976169,3.5006999999877735,3.513600000023871,3.5326999999879263,3.5468999999761763,3.5673000000119828,3.5801999999880536,3.6001999999880354,3.617399999975987,3.6301999999877808,3.6503000000116117,3.6638000000116335,3.6823000000117645,3.696199999988039,3.717300000011619,3.730000000000018,3.746699999987868,3.7674999999999272,3.783100000023751,3.7986999999880027,3.8158999999759544,3.8296000000236745,3.8468999999759035,3.8631999999879554,3.8801999999877808,3.90010000002394,3.913600000023962,3.9333999999762455,3.9468999999762673,3.96719999998777,3.979800000011892,4.0008999999759,4.012800000011794,4.0323000000116735,4.045999999999822,4.065800000011677,4.079499999999825,4.096100000023853,4.117100000023584,4.132899999975962,4.149300000011863,4.16800000000012,4.180300000011812,4.199899999975969,4.21349999999984,4.233300000011695,4.246800000011717,4.266899999975976,4.279999999999745,4.296199999987948,4.317100000023856,4.329800000011801,4.346800000011626,4.367399999975987,4.379600000023856,4.39610000002358,4.417199999988043,4.429499999999734,4.4491999999881955,4.462800000011612]",0.01663806,0.003203457,269.0,right,1.0,,,,,,1.0,0.0,12.0,0.5,2.306058277,-1.0,1.59480824,0.048005368,44.0,-0.006981317,0.384544024,0.027675657,0.071715856,0.246225121,7.0,0.063627586,-0.126911991,56.0,0.002617994,0.391878159,0.037400891,0.06461151,0.256914973,6.0,1.389077862,-0.355488758,51.0,-0.000872665,0.388957543,0.039197552,0.074659583,0.215725836,5.0,0.288874914,-0.546140366,24.0,-0.000872665,0.370951047,0.044446314,0.068882508,0.271498611,5.0,1.944976402,0.680437985,22.0,-0.006108652,0.369173441,0.034771665,0.081264392,0.215269419,6.0,1.693530102,0.243009887,3.0,0.001745329,0.342027877,0.030569748,0.094119191,0.219456558,8.0,2.464452538,0.976651816,95.0,-0.003490659,0.427246221,0.028411926,0.064304978,0.203029515,6.0,2.959158196,0.356826842,90.0,-0.005235988,0.41932645,0.033694537,0.059919896,0.18718849,4.0,0.826181464,-0.996675289,50.0,-0.003490659,0.388365859,0.031859869,0.061653869,0.235670302,6.0,2.628174263,0.855666218,60.0,0.008726646,0.394321176,0.024708435,0.063628191,0.162696287,6.0,2.099541284,0.871125624,60.0,0.008726646,0.394321176,0.024708435,0.063628191,0.162696287,6.0,2.98948168,0.29955094,62.0,-0.006981317,0.395568746,0.03641844,0.082091507,0.288170754,7.0,,,,,,,0.5509,,0.0,23.0,23.0,23.0,1.0,,,,,,,,,,,,,,,,,,,,,,,,,,,,0
S070,2,2024-11-21_13h14.36.924,MotivatedInference,2024.1.5,Win32,60.24096386,668be8e87e83611e680fb3ab,{{%SESSION_ID%},Chrome,,,,,,,,,,,,,,,,,,,,,,,,,,,,,,1.0,,,,,,,,5.0,,,,,,,,,conditions/conds_107.csv,1.0,1.0,,,,,,,,,2418.2109,2421.31,"[0.0024999999995998223,0.014200000047367212,0.02810000002364177,0.04890000003570094,0.06199999999989814,0.08149999999977808,0.09570000004760004,0.11440000003540263,0.12880000001177905,0.14930000001186272,0.16300000000001091,0.18180000001166263,0.19499999999970896,0.2143000000119173,0.23120000004746544,0.24510000002374,0.2614999999996144,0.27810000002364177,0.29899999999997817,0.3116000000236454,0.32810000002382367,0.3492000000474036,0.36570000004758185,0.37880000001177905,0.3947000000475782,0.4153000000119391,0.43210000002363813,0.44590000003563546,0.46580000001176813,0.47840000003543537,0.49890000003551904,0.5117000000473126,0.5312000000476473,0.5493000000114989,0.5614999999997963,0.5826000000238309,0.5953000000117754,0.614600000023529,0.6282000000474,0.6476000000234308,0.661300000011579,0.68260000002374,0.6986000000238164,0.71140000003561,0.73210000002382,0.7449000000356136,0.7654999999999745,0.7783000000117681,0.7986000000237254,0.8142000000475491,0.8279999999999745,0.8491000000235545,0.8616000000238273,0.8789000000356282,0.8979000000354063,0.9114000000354281,0.9324000000356136,0.9454000000355336,0.9651000000235399,0.9791000000236636,0.9991000000236454,1.0117000000473126,1.0329999999999018,1.04830000001175,1.061400000035519,1.0824000000357046,1.0947000000473963,1.1159999999999854,1.128800000011779,1.148300000011659,1.1624000000356318,1.1813000000115608,1.1954000000355336,1.2161000000237436,1.2287000000474109,1.2447000000474873,1.2657000000476728,1.2784000000356173,1.2947000000476692,1.314200000047549,1.3281000000238237,1.3487000000473017,1.364600000023529,1.3781000000235508,1.3991000000237364,1.411300000011579,1.4324000000356136,1.4453000000116845,1.4613000000117609,1.4779999999996107,1.4947000000474873,1.5123000000116917,1.5329999999999018,1.5497000000473236,1.565200000047298,1.5784999999996217,1.5992000000474036,1.61520000004748,1.628800000011779,1.6482000000473818,1.661300000011579,1.6824999999998909,1.6948000000115826,1.71140000003561,1.7326000000234671,1.7476000000237946,1.7637000000472653,1.7781000000236418,1.7974999999996726,1.8123000000118736,1.8318000000117536,1.8452000000474982,1.8622000000473236,1.8828000000116845,1.895600000023478,1.911300000011579,1.9318000000116626,1.944999999999709,1.9659999999998945,1.9779999999996107,1.998900000035519,2.0119999999997162,2.0314000000357737,2.045600000023569,2.0641000000237,2.078800000011597,2.0986000000234526,2.111900000035348,2.130900000035581,2.14610000002358,2.1658000000115862,2.178400000035708,2.1991000000234635,2.211900000035712,2.2311000000236163,2.2476000000237946,2.261400000035337,2.2786000000237436,2.2974000000353954,2.3114999999997963,2.330999999999676,2.345100000023649,2.361900000035348,2.3818000000119355,2.3953000000115026,2.4154999999996107,2.430900000035763,2.4447000000473054,2.4654000000355154,2.4783000000115862,2.4986000000235435,2.515100000023722,2.5279999999997926,2.544700000047669,2.5659000000355263,2.5789000000354463,2.5949000000355227,2.6142000000472763,2.6328000000116845,2.6454000000353517,2.6654000000357883,2.6784999999999854,2.6976000000236127,2.7116000000237364,2.73299999999972,2.748200000047291,2.761400000035337,2.781100000023798,2.794700000047669,2.81130000001167,2.8324000000357046,2.844600000023547,2.861300000011852,2.8808000000117318,2.894700000047578,2.911400000035428,2.929400000035457,2.9486000000238164,2.9617000000475855,2.98090000003549,2.9949000000356136,3.0154999999999745,3.028300000011768,3.0454000000354426,3.065600000023551,3.0783000000114953,3.098900000035428]",0.016647312,0.003132044,187.0,left,1.0,,,,,,1.0,0.0,8.0,0.5,3.132189815,1.0,1.834862459,0.503920965,23.0,0.001745329,0.370048297,0.033576258,0.089212406,0.165879093,5.0,2.886346646,0.488606592,69.0,-0.001745329,0.400311091,0.03773135,0.078132351,0.241087639,6.0,1.520848487,-0.099729618,56.0,0.002617994,0.391878159,0.037400891,0.06461151,0.256914973,6.0,1.741766381,0.335315509,93.0,0.012217305,0.423353751,0.033559225,0.078739299,0.188587653,4.0,1.724023529,0.301680137,18.0,-0.008726646,0.365457086,0.031782524,0.075683607,0.153768306,4.0,2.384269338,0.99842402,64.0,-0.012217305,0.396824946,0.026418425,0.079335183,0.168726505,6.0,2.666807484,0.813165504,65.0,0.000872665,0.397557211,0.028332609,0.059251996,0.151978572,5.0,1.465421363,-0.209193293,19.0,-8.92894e-14,0.366380653,0.037711395,0.069882825,0.280007013,7.0,0.0,0.0,0.0,0.0,0.0,0.0,0.0,0.0,0.0,0.0,0.0,0.0,0.0,0.0,0.0,0.0,0.0,0.0,0.0,0.0,0.0,0.0,0.0,0.0,0.0,0.0,0.0,0.0,0.0,0.0,0.0,0.0,0.0,0.0,0.0,0.0,,,,,,,0.5345,,0.0,24.0,24.0,24.0,1.0,,,,,,,,,,,,,,,,,,,,,,,,,,,,0
S070,2,2024-11-21_13h14.36.924,MotivatedInference,2024.1.5,Win32,60.24096386,668be8e87e83611e680fb3ab,{{%SESSION_ID%},Chrome,,,,,,,,,,,,,,,,,,,,,,,,,,,,,,1.0,,,,,,,,11.0,,,,,,,,,conditions/conds_107.csv,1.0,1.0,,,,,,,,,2422.8558,2427.3086,"[0.0038000000117790478,0.019399999976030813,0.033099999964179005,0.053999999999632564,0.06659999996418264,0.08659999996416445,0.09969999998793355,0.11869999998771164,0.13309999996408806,0.15389999997614723,0.16649999999981446,0.18589999997584528,0.19980000001169174,0.21639999997614723,0.23649999999997817,0.2533999999759544,0.26949999999987995,0.283099999964179,0.3040999999639098,0.3163999999760563,0.3360999999640626,0.35269999998809,0.37109999996391707,0.3834999999999127,0.40249999999969077,0.4191999999879954,0.4358999999758453,0.44980000001169174,0.46649999999999636,0.4830999999639971,0.5004999999996471,0.5199999999999818,0.5335000000000036,0.5498000000116008,0.5696999999877335,0.5834999999997308,0.5998000000117827,0.6188000000115608,0.6330999999640881,0.6540999999642736,0.6664999999998145,0.6863000000116699,0.7025999999641499,0.7169999999996435,0.737399999975878,0.7504999999996471,0.7708999999758817,0.7839999999996508,0.8026999999879081,0.8170999999642845,0.8370999999642663,0.849999999999909,0.8695999999640662,0.8830999999640881,0.9030999999640699,0.91680000001179,0.9373000000118736,0.9503999999760708,0.9699999999997999,0.9830999999639971,0.9998000000118736,1.0206999999877553,1.0378000000118845,1.0498000000116008,1.0701999999878353,1.083599999964008,1.1025999999642409,1.1168999999758853,1.133099999964088,1.1523999999758416,1.1715999999642008,1.1829999999999927,1.2028000000118482,1.2166999999881227,1.2363000000118518,1.2496999999880245,1.2706999999877553,1.2835000000000036,1.302699999987908,1.3170000000000073,1.3364999999998872,1.3505999999642881,1.3703000000118664,1.3878000000117936,1.3998000000119646,1.4190999999641463,1.4339999999997417,1.453699999987748,1.4664999999999964,1.4860999999641535,1.5026999999877262,1.5163999999758744,1.535899999976209,1.5528999999760345,1.5715999999642918,1.5830999999639062,1.6023999999761145,1.6164999999996326,1.6363000000119428,1.6521999999877153,1.6663999999759653,1.6860999999639716,1.7023000000117463,1.7168999999757943,1.7358999999760272,1.7496999999880245,1.7693000000117536,1.7826999999879263,1.8035999999642627,1.8193999999762127,1.8330000000000837,1.8496999999879336,1.8703999999761436,1.884199999988141,1.9026999999878171,1.9170999999641936,1.9333000000119682,1.9540999999640007,1.967300000011619,1.9864999999999782,2.0005999999639243,2.0198000000118554,2.0339999999996508,2.049800000011601,2.06989999997586,2.086300000011761,2.0998000000117827,2.116399999976238,2.133099999964088,2.1498000000119646,2.171599999964201,2.1880999999639243,2.200399999976071,2.2203000000117754,2.233699999987948,2.2496999999880245,2.269399999976031,2.283599999964281,2.3024999999997817,2.3163999999760563,2.3330000000000837,2.3524999999999636,2.366300000011961,2.385899999976118,2.3995999999642663,2.416300000011688,2.437999999999647,2.4506999999880463,2.4691999999877225,2.483099999963997,2.4996999999880245,2.5164999999997235,2.53739999997606,2.550499999999829,2.5693000000119355,2.5833999999758817,2.604399999976067,2.6170999999640117,2.633199999987937,2.6523999999758416,2.6663999999759653,2.68309999996427,2.70419999998785,2.717399999975896,2.73299999999972,2.7540999999641826,2.7696999999880063,2.783099999964179,2.799800000011601,2.8163999999760563,2.837399999976242,2.8503000000118845,2.869499999999789,2.882999999999811,2.8996999999881155,2.9171999999880427,2.937399999976151,2.95049999999992,2.96630000001187,2.983699999987948,3.003199999987828,3.016300000011597,3.035899999976209,3.049999999999727,3.0708000000117863,3.083099999963906,3.1023999999761145,3.1190999999639644,3.133099999964088,3.1496999999881155,3.1663999999759653,3.186899999976049,3.20049999999992,3.2196999999878244,3.2338000000117972,3.2546999999881336,3.2703999999762345,3.283800000011979,3.3024999999997817,3.316300000011779,3.33569999998781,3.3496999999879336,3.3708000000119682,3.3843999999758125,3.4029999999997926,3.416699999987941,3.4360999999639716,3.4533999999762273,3.4663999999761472,3.4853999999759253,3.4996999999880245,3.5163999999758744,3.533099999964179,3.5495999999639025,3.5709999999999127,3.583099999963906,3.603699999987839,3.6170999999640117,3.63639999997622,3.650399999975889,3.6696999999880973,3.6838000000116153,3.6995999999639935,3.71630000001187,3.733099999963997,3.751499999999851,3.771099999964008,3.786300000011579,3.7996999999877517,3.816300000011779,3.8330000000000837,3.8496999999879336,3.8703999999761436,3.883199999987937,3.902699999987817,3.9209999999998217,3.93309999996427,3.952800000011848,3.971300000011979,3.9838000000117972,4.002800000011575,4.01669999998785,4.037499999999909,4.049899999975878,4.070499999999811,4.083099999963906,4.103699999987839,4.116499999999633,4.135999999999967,4.1496999999881155,4.166399999975965,4.182999999999993,4.199699999987843,4.216399999976147,4.23789999997598,4.250399999975798,4.269399999976031,4.282999999999902,4.2995999999639025,4.3159999999998035,4.333099999963906,4.3533999999758635,4.366399999976238,4.383699999988039,4.399999999999636,4.421199999987948,4.433899999975893,4.452699999987999]",0.016662547,0.002863646,268.0,right,1.0,,,,,,2.0,0.0,12.0,0.5,-5.668721637,1.0,2.877254552,0.504390718,13.0,0.012217305,0.36034398,0.040523863,0.087309629,0.214125832,4.0,0.978968362,-0.925992465,27.0,-0.002617994,0.373032979,0.031793157,0.076653108,0.191027089,4.0,1.107997935,-0.798979786,40.0,0.001745329,0.381763748,0.031902579,0.075140032,0.211660484,6.0,0.303292616,-0.570065217,4.0,0.001745329,0.345391377,0.044661649,0.086491224,0.292502374,6.0,2.131989012,0.901137144,67.0,0.000872665,0.398829923,0.040120187,0.066830121,0.198372452,4.0,1.13593221,-0.764153666,7.0,-0.003490659,0.352071506,0.033456274,0.080650645,0.190019159,6.0,1.331203123,-0.461057371,23.0,0.001745329,0.370048297,0.033576258,0.089212406,0.165879093,5.0,1.28314158,-0.544094489,48.0,-0.013089969,0.387063294,0.032293316,0.069877675,0.198684878,5.0,0.053428382,-0.106653525,73.0,-0.006981317,0.403029477,0.030660757,0.062368894,0.184710059,5.0,0.779725179,-0.999935635,49.0,-0.003490659,0.387690152,0.036925942,0.073283012,0.194967171,5.0,0.950840481,-0.945755313,40.0,0.001745329,0.381763748,0.031902579,0.075140032,0.211660484,6.0,0.639210654,-0.957562032,18.0,-0.008726646,0.365457086,0.031782524,0.075683607,0.153768306,4.0,,,,,,,0.4513,,0.0,25.0,25.0,25.0,1.0,,,,,,,,,,,,,,,,,,,,,,,,,,,,0
S070,2,2024-11-21_13h14.36.924,MotivatedInference,2024.1.5,Win32,60.24096386,668be8e87e83611e680fb3ab,{{%SESSION_ID%},Chrome,,,,,,,,,,,,,,,,,,,,,,,,,,,,,,1.0,,,,,,,,4.0,,,,,,,,,conditions/conds_107.csv,1.0,1.0,,,,,,,,,2428.7732,2430.489,"[0.00210000002380184,0.01960000002372908,0.03319999998802814,0.051600000023881876,0.06619999998792991,0.08699999999998909,0.10269999998808998,0.11819999998806452,0.13219999998773346,0.1541000000238455,0.1656999999877371,0.18530000001192093,0.1986000000238164,0.21849999999994907,0.23649999999997817,0.24990000003572277,0.2691000000236272,0.2860000000000582,0.29899999999997817,0.3156000000235508,0.3369999999999891,0.35290000003578825,0.3656000000237327,0.38219999998773346,0.39890000003561,0.41960000002382003,0.43219999998791536,0.4519000000354936,0.4699000000355227,0.4833000000116954,0.49890000003551904,0.5154999999999745,0.5329999999999018,0.5526000000236309,0.5656000000235508,0.5821999999880063,0.5989999999997053,0.62010000002374,0.6326000000235581,0.6539999999999964,0.6689000000355918,0.6821999999879154,0.7016000000235181,0.7154999999997926,0.7323000000119464,0.7489999999997963,0.7666000000235726,0.7856000000238055,0.7989000000357009,0.819999999999709,0.8324999999999818,0.8528000000119391,0.8664000000358101,0.8819000000357846,0.9016000000237909,0.9184000000354899,0.9321999999879154,0.9538000000115971,0.9681000000236963,0.9823000000119464,0.9988000000116699,1.020600000023478,1.036300000011579,1.052100000023529,1.0683000000117318,1.0821999999880063,1.098800000011579,1.1156000000237327,1.1324000000354317,1.149499999999989,1.166199999987839,1.1871000000237473,1.1993000000115899,1.2189000000357737,1.2363000000118518,1.2489999999997963,1.268400000035399,1.2829000000356245,1.3019000000354026,1.3195000000000618,1.3329000000358064,1.3533000000115862,1.36640000003581,1.3851000000236127,1.3996000000238382,1.4158000000115862,1.4351999999880718,1.448900000035792,1.4654999999997926,1.4856000000236236,1.4991000000236454,1.5191000000236272,1.5324999999998,1.552699999987908,1.56619999998793,1.5850000000000364,1.598900000035428,1.6181999999880645,1.632499999999709,1.651600000023791,1.6655000000000655,1.6821000000236381,1.698900000035792,1.7154999999997926]",0.016634951,0.002755919,104.0,right,1.0,,,,,,2.0,0.0,4.0,0.5,-1.679132492,1.0,1.306210007,-0.504819317,72.0,0.006108652,0.40239539,0.026269008,0.066501733,0.165237327,6.0,1.83251377,0.499858061,66.0,-0.006108652,0.398200129,0.038012219,0.074472022,0.208169201,4.0,0.668154829,-0.972633739,41.0,0.013089969,0.382506884,0.032100804,0.075836611,0.218324429,6.0,1.182019976,-0.701537498,61.0,-0.004363323,0.394911895,0.035957651,0.088187679,0.159307843,4.0,0.0,0.0,0.0,0.0,0.0,0.0,0.0,0.0,0.0,0.0,0.0,0.0,0.0,0.0,0.0,0.0,0.0,0.0,0.0,0.0,0.0,0.0,0.0,0.0,0.0,0.0,0.0,0.0,0.0,0.0,0.0,0.0,0.0,0.0,0.0,0.0,0.0,0.0,0.0,0.0,0.0,0.0,0.0,0.0,0.0,0.0,0.0,0.0,0.0,0.0,0.0,0.0,0.0,0.0,0.0,0.0,0.0,0.0,0.0,0.0,0.0,0.0,0.0,0.0,0.0,0.0,0.0,0.0,0.0,0.0,0.0,0.0,,,,,,,0.6839,,0.0,26.0,26.0,26.0,1.0,,,,,,,,,,,,,,,,,,,,,,,,,,,,0
S070,2,2024-11-21_13h14.36.924,MotivatedInference,2024.1.5,Win32,60.24096386,668be8e87e83611e680fb3ab,{{%SESSION_ID%},Chrome,,,,,,,,,,,,,,,,,,,,,,,,,,,,,,1.0,,,,,,,,9.0,,,,,,,,,conditions/conds_107.csv,1.0,1.0,,,,,,,,,2432.1751,2436.6435,"[0.0031999999878280505,0.016599999964000745,0.030299999952148937,0.04969999998775165,0.06409999996412807,0.08009999996420447,0.09939999997595805,0.11419999998770436,0.13329999995221442,0.147699999987708,0.16789999997581617,0.1810999999638625,0.2011999999881482,0.21819999998797357,0.23029999995196704,0.2467999999521453,0.2664999999997235,0.28029999995214894,0.29829999995217804,0.3135999999640262,0.33009999996420447,0.34969999998793355,0.3669999999997344,0.38019999998778076,0.39969999998811545,0.41419999998788626,0.43539999997619816,0.44989999997596897,0.46349999999983993,0.4827999999520216,0.49979999995230173,0.5165999999640007,0.5301999999878717,0.5468999999761763,0.5666999999880318,0.5799999999999272,0.5998999999760599,0.6142999999519816,0.6341999999881409,0.6469999999999345,0.6662999999521162,0.6810999999638625,0.7017999999520725,0.7187999999523527,0.7301999999881446,0.7468999999759944,0.7635000000000218,0.7801999999878717,0.7968999999761763,0.8136999999878753,0.8302999999523308,0.8468999999759035,0.867899999976089,0.884699999987788,0.8969999999999345,0.9164999999998145,0.9312999999519889,0.9497999999521198,0.9641999999880682,0.9837999999522253,0.9976999999880718,1.016799999952127,1.0301999999878717,1.0470000000000255,1.0676999999877808,1.084199999987959,1.0968999999759035,1.113599999964208,1.1340000000000146,1.1475999999638589,1.1635999999639353,1.184199999987868,1.1972999999520653,1.2135999999641172,1.235199999987799,1.2502999999519488,1.2665999999640007,1.2829999999999018,1.2968999999761763,1.3135999999640262,1.3328999999757798,1.3475999999641317,1.3663999999757834,1.380899999976009,1.4002999999520398,1.4146999999879881,1.4342999999521453,1.4494999999997162,1.4636999999879663,1.483099999963997,1.4968999999759944,1.5132999999523236,1.530299999952149,1.5475999999639498,1.5670000000000073,1.5806999999877007,1.6001999999880354,1.6177999999522399,1.6309999999998581,1.6506999999878644,1.6642999999521635,1.6801999999879627,1.6968999999758125,1.7135999999641172,1.7309999999997672,1.7511999999878753,1.763999999999669,1.780399999975998,1.7992999999523818,1.8135999999640262,1.8337999999521344,1.8474999999998545,1.866699999987759,1.884599999963939,1.8968999999760854,1.918399999975918,1.9308999999761909,1.9512999999519707,1.968499999999949,1.9801999999881446,1.998199999987719,2.0174999999999272,2.030399999975998,2.051099999964208,2.066899999976158,2.0837999999521344,2.0969999999997526,2.116199999988112,2.131599999964237,2.1500999999639134,2.163499999999658,2.18309999996427,2.1968999999758125,2.2131999999878644,2.230899999975918,2.250499999999647,2.263599999964299,2.2801999999878717,2.301099999964208,2.314099999964128,2.330899999975827,2.3496999999879336,2.3646999999878062,2.3801999999877808,2.3967999999522362,2.4163999999759653,2.43349999999964,2.4469999999996617,2.467899999975998,2.4805999999639425,2.4995999999641754,2.5132999999523236,2.5301999999878717,2.549899999975878,2.563599999964026,2.5845999999642117,2.597799999952258,2.613499999999931,2.6342999999519634,2.6478999999758344,2.66609999996399,2.68029999995224,2.6968999999758125,2.717299999952047,2.7338999999760745,2.7491999999879226,2.763599999964299,2.7827999999522035,2.7968999999761763,2.8170999999642845,2.8300999999642045,2.849499999999807,2.863499999999931,2.883199999987937,2.8969999999999345,2.914099999964037,2.9301999999879627,2.9467999999519634,2.96349999999984,2.980299999951967,2.997899999976198,3.01669999998785,3.0301999999878717,3.0470000000000255,3.0642999999522544,3.083099999963906,3.1006999999881373,3.117999999999938,3.130899999976009,3.1507999999521417,3.16399999999976,3.183199999988119,3.197099999963939,3.217899999975998,3.230799999952069,3.246599999964019,3.2662999999520252,3.2808999999761,3.29759999996395,3.3180999999640335,3.330999999999676,3.3506999999881373,3.3674999999998363,3.380899999976009,3.4012999999522435,3.4144999999998618,3.435199999988072,3.4500999999640953,3.46349999999984,3.479899999976169,3.4968999999759944,3.5185999999639535,3.5338999999758016,3.549799999952029,3.5665999999641826,3.580999999999676,3.599999999999909,3.6142999999519816,3.633099999964088,3.647199999988061,3.6635999999639353,3.68469999998797,3.6975999999640408,3.7170999999639207,3.7347999999519743,3.7468999999759944,3.763500000000022,3.7843999999759035,3.8001999999878535,3.8166999999880318,3.8300999999642045,3.8495999999640844,3.863499999999931,3.880399999975907,3.900399999975889,3.9143999999760126,3.93469999998797,3.9472999999520653,3.967999999999847,3.9804999999996653,3.9996999999880245,4.013500000000022,4.030099999964023,4.049999999999727,4.066599999964183,4.080199999988054,4.096799999952054,4.114199999987704,4.1340000000000146,4.150699999987864,4.163599999963935,4.182999999999993,4.196799999951963,4.21349999999984,4.230299999951967,4.250499999999647,4.263500000000022,4.284299999952054,4.297099999964303,4.317899999975907,4.330899999975827,4.349599999964084,4.363599999964208,4.380099999963932,4.399499999999989,4.413599999963935,4.430199999987963,4.447399999975914,4.468199999987974]",0.016660448,0.002665465,269.0,left,1.0,,,,,,1.0,0.0,12.0,0.5,4.254487572,1.0,1.79744395,0.437930362,54.0,-0.000872665,0.390632361,0.034931933,0.073298853,0.195852464,4.0,2.032941408,0.798193357,68.0,0.009599311,0.399449425,0.031951263,0.065393928,0.165147664,5.0,3.072601155,0.137545563,29.0,-0.000872665,0.374372435,0.035828607,0.080766738,0.158410304,4.0,2.34715535,0.999836592,90.0,-0.005235988,0.41932645,0.033694537,0.059919896,0.18718849,4.0,0.272445535,-0.518324939,35.0,0.01134464,0.378665605,0.034694997,0.068673497,0.233172687,6.0,2.192380406,0.946808257,33.0,-0.006108652,0.377230834,0.032847101,0.067598606,0.249691544,6.0,1.716090676,0.286516293,53.0,-0.003490659,0.390095866,0.043303837,0.083823939,0.349451294,6.0,2.019105066,0.781219823,37.0,-0.010471976,0.379878099,0.039758221,0.071440932,0.269646059,5.0,1.672742301,0.202482185,60.0,0.008726646,0.394321176,0.024708435,0.063628191,0.162696287,6.0,2.832871015,0.578952402,89.0,0.014835299,0.418022232,0.039220845,0.067729576,0.134251055,3.0,2.817864426,0.603159576,19.0,-8.92894e-14,0.366380653,0.037711395,0.069882825,0.280007013,7.0,0.794566188,-0.999831899,6.0,-0.001745329,0.3497664,0.039524515,0.103278094,0.256513403,7.0,,,,,,,0.5012,,0.0,27.0,27.0,27.0,1.0,,,,,,,,,,,,,,,,,,,,,,,,,,,,0
S070,2,2024-11-21_13h14.36.924,MotivatedInference,2024.1.5,Win32,60.24096386,668be8e87e83611e680fb3ab,{{%SESSION_ID%},Chrome,,,,,,,,,,,,,,,,,,,,,,,,,,,,,,1.0,,,,,,,,3.0,,,,,,,,,conditions/conds_107.csv,1.0,1.0,,,,,,,,,2438.1389,2439.8913,"[0.0019999999999527063,0.01960000002372908,0.032999999999901775,0.0497000000477783,0.06899999999995998,0.08310000002393281,0.10270000004766189,0.11710000002358356,0.1361000000238164,0.15049999999973807,0.16930000001184453,0.1866000000236454,0.1997000000474145,0.2192000000477492,0.23590000003559908,0.2523000000119282,0.26640000003590103,0.2829999999999018,0.3024000000355045,0.31630000001177905,0.33320000004778194,0.35360000002356173,0.3692000000473854,0.3829999999998108,0.40249999999969077,0.4163000000116881,0.4329000000357155,0.45249999999987267,0.46620000004759277,0.4882000000475273,0.5041000000237545,0.5166000000235726,0.53810000002386,0.5499000000359047,0.566300000011779,0.5873000000119646,0.5997000000475055,0.6165000000000873,0.63590000003569,0.6496000000238382,0.6664000000355372,0.68420000004744,0.7035000000000764,0.720100000023649,0.7329999999997199,0.7496000000237473,0.7664999999997235,0.7864999999997053,0.7997000000477783,0.816300000011779,0.8366000000237364,0.8498000000117827,0.8694000000355118,0.8869000000358938,0.8998000000119646,0.9201000000239219,0.9349000000356682,0.9526000000237218,0.96630000001187,0.9856000000236236,1.0005000000001019,1.020100000023831,1.033700000047702,1.0526000000236309,1.06899999999996,1.0830000000000837,1.1047000000476146,1.1169999999997344,1.1359999999999673,1.1504000000354608,1.1699000000357955,1.1839000000354645,1.2028000000118482,1.2164000000357191,1.2371000000239292,1.2498000000118736,1.266300000012052,1.2838000000119791,1.2999999999997272,1.3217000000477128,1.3359999999997854,1.3497000000475055,1.3692000000473854,1.38310000002366,1.4029000000355154,1.420600000023569,1.4341000000235908,1.45330000001195,1.467300000011619,1.4873000000120555,1.4998000000118736,1.519600000023729,1.5329999999999018,1.5498000000120555,1.5664000000356282,1.5882000000474363,1.6027000000476619,1.616300000011961,1.63590000003569,1.6541000000238455,1.6669999999999163,1.6858000000120228,1.7004000000356427,1.7192000000477492,1.7339999999999236,1.7523000000119282]",0.016669524,0.002765782,106.0,right,0.0,,,,,,2.0,0.0,4.0,0.5,-1.35432617,-1.0,1.446414531,-0.2462058,94.0,0.004363323,0.42523076,0.035907823,0.059015617,0.218525823,5.0,1.214777823,-0.653377207,71.0,0.013962634,0.401673071,0.031502829,0.073976735,0.151529972,4.0,2.86469185,0.525924407,9.0,0.01134464,0.355140301,0.038458273,0.073668072,0.274720221,7.0,0.686922167,-0.98066757,54.0,-0.000872665,0.390632361,0.034931933,0.073298853,0.195852464,4.0,0.0,0.0,0.0,0.0,0.0,0.0,0.0,0.0,0.0,0.0,0.0,0.0,0.0,0.0,0.0,0.0,0.0,0.0,0.0,0.0,0.0,0.0,0.0,0.0,0.0,0.0,0.0,0.0,0.0,0.0,0.0,0.0,0.0,0.0,0.0,0.0,0.0,0.0,0.0,0.0,0.0,0.0,0.0,0.0,0.0,0.0,0.0,0.0,0.0,0.0,0.0,0.0,0.0,0.0,0.0,0.0,0.0,0.0,0.0,0.0,0.0,0.0,0.0,0.0,0.0,0.0,0.0,0.0,0.0,0.0,0.0,0.0,,,,,,,0.684,,0.0,28.0,28.0,28.0,1.0,,,,,,,,,,,,,,,,,,,,,,,,,,,,0
S070,2,2024-11-21_13h14.36.924,MotivatedInference,2024.1.5,Win32,60.24096386,668be8e87e83611e680fb3ab,{{%SESSION_ID%},Chrome,,,,,,,,,,,,,,,,,,,,,,,,,,,,,,1.0,,,,,,,,10.0,,,,,,,,,conditions/conds_107.csv,1.0,1.0,,,,,,,,,2441.589,2446.0417,"[0.003800000012233795,0.019399999976030813,0.03260000002410379,0.04930000001195367,0.06710000002385641,0.08710000002383822,0.10289999997621635,0.11860000002388915,0.13289999997641644,0.15260000002399465,0.16930000001184453,0.18360000002394372,0.20269999998799904,0.21700000000009823,0.23539999997638006,0.24960000002374727,0.2698999999761327,0.2881999999881373,0.3003000000121574,0.31980000001203734,0.33330000001205917,0.3551000000238673,0.3710000000000946,0.3830000000002656,0.40460000002394736,0.42060000002402376,0.4328999999761436,0.45230000001220105,0.4670000000000982,0.48680000001195367,0.5001999999881264,0.5161999999882028,0.5328999999760526,0.54950000000008,0.5670000000000073,0.5866999999880136,0.5996999999883883,0.6193999999763946,0.6336000000237618,0.6538999999761472,0.6703999999763255,0.6836000000239437,0.7033999999762273,0.7201000000241038,0.7356000000240783,0.749399999976049,0.7688000000121065,0.7828999999760526,0.8034999999999854,0.8168000000118809,0.8328999999762345,0.8501000000237582,0.8711000000239437,0.8828999999764164,0.9021000000238928,0.9161999999882937,0.9328999999761436,0.9523999999760235,0.9671000000239474,0.9866000000238273,1.0005000000001019,1.0198000000118554,1.0333000000118773,1.0525000000002365,1.0703999999764164,1.0828000000119573,1.1040000000002692,1.1193000000121174,1.1356000000237145,1.149499999999989,1.1661999999882937,1.1856000000238964,1.2033999999762273,1.216899999976249,1.2368000000119537,1.2503000000119755,1.2690000000002328,1.2828000000122302,1.29950000000008,1.3188999999761108,1.3336000000240347,1.3536000000240165,1.3671999999883155,1.3828000000121392,1.399499999999989,1.4191000000237182,1.4373000000118736,1.449500000000171,1.4691000000239,1.4866000000238273,1.4994999999998981,1.519100000024082,1.5361000000239073,1.549399999976231,1.5700000000001637,1.583800000012161,1.6024999999999636,1.6161000000238346,1.6328999999764164,1.6496000000238382,1.6698999999762236,1.6836000000239437,1.702699999987999,1.7161999999880209,1.732600000023922,1.7493000000122265,1.7708000000120592,1.7868000000121356,1.8026000000240856,1.8161000000241074,1.8330000000000837,1.8536999999882937,1.866300000011961,1.885800000011841,1.8996000000238382,1.9188999999764746,1.9360000000001492,1.949500000000171,1.9670000000000982,1.9873999999763328,2.0041000000237545,2.018000000000029,2.036000000000058,2.04950000000008,2.0708999999760636,2.0828999999762345,2.1023999999761145,2.1161000000238346,2.132800000012139,2.1538999999761472,2.166899999976067,2.1861999999882755,2.2036999999882028,2.216199999988021,2.2328999999763255,2.250100000023849,2.271699999987959,2.2833999999761545,2.30319999998801,2.3170000000000073,2.332600000023831,2.3535000000001673,2.366199999988112,2.382800000012139,2.4041000000238455,2.4171000000237655,2.436399999976402,2.449500000000171,2.466199999988021,2.4831000000240238,2.5031000000240056,2.5171999999879517,2.536000000000058,2.54950000000008,2.569100000023809,2.5828999999762345,2.599500000000262,2.6195000000002437,2.6356000000237145,2.652300000012019,2.66680000001179,2.6833000000119682,2.70330000001195,2.7164999999999964,2.732600000023922,2.753800000012234,2.7688999999763837,2.7828999999760526,2.799399999976231,2.8161999999883847,2.837100000023838,2.849500000000262,2.8661000000238346,2.8873000000121465,2.9030000000002474,2.9186999999883483,2.9328000000118664,2.9523999999760235,2.9659999999998945,2.9833999999764274,2.999499999999898,3.0161999999882028,3.036600000024009,3.0498000000120555,3.0660000000002583,3.0883000000121683,3.1024999999999636,3.119100000023991,3.132600000024013,3.1523999999762964,3.1661000000240165,3.1836000000239437,3.2003000000117936,3.22030000001223,3.2338000000117972,3.2526000000239037,3.2688999999763837,3.285899999976209,3.29950000000008,3.3188000000118336,3.3328000000119573,3.349399999976413,3.3661000000238346,3.384899999976369,3.4031000000240965,3.4203000000120483,3.4328999999761436,3.4531000000238237,3.466899999976249,3.485899999976027,3.5001999999881264,3.5161000000239255,3.5376999999880354,3.5498999999763328,3.5660000000002583,3.5828000000119573,3.600100000023758,3.6203999999761436,3.633600000023762,3.6526000000239947,3.6661000000240165,3.685300000011921,3.7003000000117936,3.719699999988279,3.7336000000241256,3.749499999999898,3.7665000000001783,3.786000000000058,3.8023999999763873,3.8161000000241074,3.832699999988108,3.8536999999882937,3.866199999988112,3.8856000000237145,3.899499999999989,3.9188999999764746,3.9326999999880172,3.952199999988352,3.966199999988021,3.9866000000238273,4.000199999988126,4.019100000024082,4.036399999976311,4.050199999988308,4.07019999998829,4.083000000000084,4.099500000000262,4.1159999999999854,4.13799999999992,4.149600000023838,4.169399999976122,4.183199999988119,4.2023999999760235,4.216899999976249,4.2351000000239765,4.250399999976253,4.269399999976031,4.283500000000004,4.302800000012212,4.316199999988385,4.332699999988108,4.352499999999964,4.366100000023835,4.383699999988039,4.3996999999881155,4.418999999999869,4.4366000000241,4.452600000023722]",0.016662172,0.002733129,268.0,right,1.0,,,,,,1.0,0.0,12.0,0.5,2.306058277,-1.0,1.59480824,0.048005368,44.0,-0.006981317,0.384544024,0.027675657,0.071715856,0.246225121,7.0,0.063627586,-0.126911991,56.0,0.002617994,0.391878159,0.037400891,0.06461151,0.256914973,6.0,1.389077862,-0.355488758,51.0,-0.000872665,0.388957543,0.039197552,0.074659583,0.215725836,5.0,0.288874914,-0.546140366,24.0,-0.000872665,0.370951047,0.044446314,0.068882508,0.271498611,5.0,1.944976402,0.680437985,22.0,-0.006108652,0.369173441,0.034771665,0.081264392,0.215269419,6.0,1.693530102,0.243009887,3.0,0.001745329,0.342027877,0.030569748,0.094119191,0.219456558,8.0,2.464452538,0.976651816,95.0,-0.003490659,0.427246221,0.028411926,0.064304978,0.203029515,6.0,2.959158196,0.356826842,90.0,-0.005235988,0.41932645,0.033694537,0.059919896,0.18718849,4.0,0.826181464,-0.996675289,50.0,-0.003490659,0.388365859,0.031859869,0.061653869,0.235670302,6.0,2.628174263,0.855666218,60.0,0.008726646,0.394321176,0.024708435,0.063628191,0.162696287,6.0,2.099541284,0.871125624,60.0,0.008726646,0.394321176,0.024708435,0.063628191,0.162696287,6.0,2.98948168,0.29955094,62.0,-0.006981317,0.395568746,0.03641844,0.082091507,0.288170754,7.0,,,,,,,0.8177,,0.0,29.0,29.0,29.0,1.0,,,,,,,,,,,,,,,,,,,,,,,,,,,,0
S070,2,2024-11-21_13h14.36.924,MotivatedInference,2024.1.5,Win32,60.24096386,668be8e87e83611e680fb3ab,{{%SESSION_ID%},Chrome,,,,,,,,,,,,,,,,,,,,,,,,,,,,,,-1.0,,,,,,,,8.0,,,,,,,,,conditions/conds_107.csv,1.0,1.0,,,,,,,,,2449.0104,2452.1227,"[0.002300000011928205,0.016300000012051896,0.028800000011869997,0.047300000012000964,0.06220000004805115,0.08180000001220833,0.09520000004795293,0.1145000000001346,0.12800000000015643,0.14460000002418383,0.16590000003589012,0.18310000002384186,0.19550000000026557,0.21480000001201915,0.23080000001209555,0.24460000002409288,0.26130000001194276,0.2829000000360793,0.29500000000007276,0.3154000000358792,0.3285000000000764,0.3491000000240092,0.36500000000023647,0.37810000002400557,0.39770000004773465,0.4112000000477565,0.42800000000033833,0.444600000023911,0.4613000000122156,0.4780000000000655,0.4950000000003456,0.5138000000119973,0.5287000000480475,0.5489999999999782,0.5661000000241074,0.5788000000120519,0.597400000036032,0.6113000000123066,0.632100000023911,0.6455000000000837,0.6652000000476619,0.678800000011961,0.6988000000119428,0.7148000000120192,0.7282000000477638,0.7476000000237946,0.762000000000171,0.7822000000478511,0.795200000047771,0.8140000000003056,0.8287000000477747,0.8478000000122847,0.8621000000239292,0.881100000024162,0.8946000000241838,0.9122000000479602,0.931600000023991,0.9454000000359883,0.9612000000479384,0.9780000000000655,0.9954000000357155,1.015300000012303,1.0282000000479457,1.0492000000476764,1.0663000000122338,1.0784000000357992,1.0994000000359847,1.1113000000123066,1.1308000000121865,1.1446000000241838,1.164800000012292,1.1780000000003383,1.1947000000477601,1.2121000000238382,1.2322000000476692,1.2454999999999927,1.2640000000001237,1.2781000000240965,1.2976000000239765,1.3113000000121247,1.3279999999999745,1.344700000047851,1.3613000000123066,1.3780000000001564,1.3988000000122156,1.4145000000003165,1.4280000000003383,1.4447000000477601,1.4651000000239947,1.4780000000000655,1.4946000000240929,1.5141000000239728,1.5280000000002474,1.54460000002382,1.5612000000478474,1.5779999999999745,1.594600000024002,1.6113000000123066,1.6307000000479093,1.6475000000000364,1.6613000000120337,1.6780000000003383,1.6956000000241147,1.7160000000003492,1.7286000000240165,1.7481000000238964,1.7652000000480257,1.7789000000357191,1.798500000000331,1.812100000024202,1.8308000000120046,1.844600000024002,1.8613000000123066,1.8787000000479566,1.89850000000024,1.91150000000016,1.9327000000480439,1.9456000000241147,1.964700000047742,1.9780000000000655,1.9946000000240929,2.0113000000119428,2.0287000000480475,2.04860000002418,2.062100000024202,2.081700000047931,2.098400000035781,2.1112000000480293,2.1331000000241147,2.1493000000123175,2.161600000024009,2.1780000000003383,2.194600000023911,2.2117000000480402,2.2282000000477638,2.245600000023842,2.266300000012052,2.282600000024104,2.294700000047669,2.316400000036083,2.33270000004768,2.3454000000360793,2.3651000000240856,2.378800000012234,2.397800000012012,2.415200000047662,2.4307000000476364,2.444600000023911,2.464100000023791,2.4780000000000655,2.497300000012274,2.514200000047822,2.5329000000360793,2.545200000047771,2.5656000000240056,2.5787000000477747,2.5992000000478583,2.61200000000008,2.6280000000001564,2.6486000000240892,2.66220000004796,2.6807000000476364,2.694600000023911,2.7113000000122156,2.7319000000361484,2.745600000023842,2.7645000000002256,2.7818000000120264,2.794499999999971,2.8144000000361302,2.82830000001195,2.8488000000120337,2.861900000035803,2.8824000000358865,2.8949000000361593,2.915300000011939,2.928300000012314,2.947900000036043,2.9613000000122156,2.9780000000000655,2.9954000000357155,3.0161000000239255,3.0324000000359774,3.04460000002382,3.064200000048004,3.0787000000477747,3.0976000000241584,3.11200000000008]",0.016629412,0.00279588,188.0,left,0.0,,,,,,2.0,0.0,8.0,0.5,-1.743452088,1.0,2.80516745,0.623217672,39.0,-0.006981317,0.381053424,0.030288742,0.070264002,0.227413277,7.0,2.28932629,0.991070608,79.0,-0.004363323,0.40793127,0.02386995,0.059748747,0.165450333,7.0,0.222737991,-0.430887457,30.0,-0.009599311,0.375182725,0.031494597,0.070464671,0.19533995,5.0,0.588138932,-0.923181757,4.0,0.001745329,0.345391377,0.044661649,0.086491224,0.292502374,6.0,0.261713021,-0.499850401,61.0,-0.004363323,0.394911895,0.035957651,0.088187679,0.159307843,4.0,2.927125709,0.415901508,25.0,0.001745329,0.371739039,0.031180836,0.079221418,0.176784845,4.0,0.685023902,-0.979917595,37.0,-0.010471976,0.379878099,0.039758221,0.071440932,0.269646059,5.0,0.61102911,-0.939804665,47.0,-0.003490659,0.386485672,0.032547094,0.064121381,0.201087455,6.0,0.0,0.0,0.0,0.0,0.0,0.0,0.0,0.0,0.0,0.0,0.0,0.0,0.0,0.0,0.0,0.0,0.0,0.0,0.0,0.0,0.0,0.0,0.0,0.0,0.0,0.0,0.0,0.0,0.0,0.0,0.0,0.0,0.0,0.0,0.0,0.0,,,,,,,0.4673,,0.0,30.0,30.0,30.0,1.0,,,,,,,,,,,,,,,,,,,,,,,,,,,,0
S070,2,2024-11-21_13h14.36.924,MotivatedInference,2024.1.5,Win32,60.24096386,668be8e87e83611e680fb3ab,{{%SESSION_ID%},Chrome,,,,,,,,,,,,,,,,,,,,,,,,,,,,,,-1.0,,,,,,,,6.0,,,,,,,,,conditions/conds_107.csv,1.0,1.0,,,,,,,,,2453.609,2456.6892,"[0.0026000000239037035,0.01689999997643099,0.032399999976405525,0.046000000000276486,0.06680000001188091,0.07939999997643099,0.0988000000120337,0.1128000000121574,0.12950000000000728,0.1505000000001928,0.16380000001208828,0.18160000002399102,0.19680000001199005,0.21569999998837375,0.2300000000000182,0.24589999997624545,0.26610000002392553,0.28019999998832645,0.2993999999762309,0.313100000023951,0.3323999999761327,0.34889999997631094,0.3654999999998836,0.3793000000118809,0.39610000002403467,0.4176000000238673,0.4303000000118118,0.44969999998829735,0.46539999997639825,0.47960000002376546,0.49989999997615087,0.5126999999883992,0.5326000000241038,0.5458999999764274,0.5656000000240056,0.5793000000121538,0.6001000000237582,0.6126999999883083,0.6320000000000618,0.6460000000001855,0.6626000000237582,0.6836000000239437,0.7006000000237691,0.7126999999882173,0.73210000002382,0.7466999999883228,0.7653000000118482,0.7800000000002001,0.798899999976129,0.8135000000002037,0.8291000000240274,0.8508999999762636,0.8633000000118045,0.8831999999883919,0.8966000000241365,0.9156000000239146,0.9293000000120628,0.9458999999760636,0.962500000000091,0.9791999999883956,0.9966000000240456,1.0126999999883992,1.0340000000001055,1.0498999999763328,1.0626000000238491,1.0791999999883046,1.09900000000016,1.1166000000239364,1.1301000000239583,1.1498999999762418,1.1633000000119864,1.1821000000240929,1.196699999988141,1.2164999999999964,1.2331000000240238,1.2460000000000946,1.2668000000121538,1.2796000000239474,1.2998000000120555,1.3130000000001019,1.3320000000003347,1.3460000000000036,1.362600000024031,1.3816999999880863,1.3991999999880136,1.4169999999999163,1.430000000000291,1.4486000000238164,1.4633000000121683,1.4830000000001746,1.496800000012172,1.5154999999999745,1.5296000000239474,1.545699999988301,1.5656000000240056,1.5818999999764856,1.5956999999880281,1.6156000000237327,1.6293999999761581,1.6486000000240892,1.6626000000237582,1.6818999999763946,1.69680000001199,1.7158000000122229,1.7323000000119464,1.7468999999764492,1.7653000000118482,1.7793000000119719,1.7958999999764274,1.8131999999882282,1.8333999999763364,1.8460000000000036,1.8651999999883628,1.8791999999880318,1.8958999999763364,1.9126000000237582,1.9295000000001892,1.9488000000119428,1.96260000002394,1.9791999999883956,1.9958999999762455,2.012600000024122,2.0291999999881227,2.0503000000121574,2.0661000000241074,2.083100000023933,2.0958999999761545,2.1126999999883083,2.133300000012241,2.150600000024042,2.1633000000119864,2.1828000000118664,2.196699999988141,2.215800000012223,2.2291999999883956,2.2458999999762455,2.26700000000028,2.279899999976351,2.300600000024133,2.313000000000102,2.3338999999764383,2.3465000000001055,2.365199999988363,2.3795000000000073,2.3958999999763364,2.4181999999882464,2.4296999999883155,2.450199999988399,2.463600000024144,2.4825000000000728,2.4966000000240456,2.5154999999999745,2.5300000000002,2.54950000000008,2.5625,2.5791999999883046,2.595600000023751,2.617500000000291,2.629300000011881,2.6488000000122156,2.6676000000238673,2.680000000000291,2.6958999999760636,2.7126999999882173,2.7341000000237727,2.7503999999762527,2.7651000000241766,2.779300000011972,2.798999999999978,2.81530000001203,2.8293000000121538,2.851100000023962,2.8633000000118045,2.88269999998829,2.9010000000002947,2.91519999998809,2.9291999999882137,2.9486000000238164,2.9621999999881155,2.9791999999883956,2.996899999976449,3.0158999999762273,3.0295000000000982,3.0458999999764274,3.062600000023849,3.0799999999999272]",0.016634595,0.002778896,186.0,right,1.0,,,,,,1.0,0.0,8.0,0.5,0.56984091,-1.0,0.163344053,-0.320908065,63.0,0.002617994,0.396190386,0.03208284,0.060740902,0.237954322,6.0,0.257070101,-0.491786391,31.0,0.004363323,0.375872077,0.0344646,0.07529372,0.228193104,6.0,1.2688086,-0.567919087,5.0,-0.004363323,0.3477587,0.034233339,0.078408596,0.194188261,5.0,1.455896593,-0.227782268,44.0,-0.006981317,0.384544024,0.027675657,0.071715856,0.246225121,7.0,2.620796022,0.863209674,34.0,-0.01134464,0.377900669,0.035623555,0.066078969,0.222301383,5.0,2.070615729,0.841275775,94.0,0.004363323,0.42523076,0.035907823,0.059015617,0.218525823,5.0,1.599023834,0.05642503,50.0,-0.003490659,0.388365859,0.031859869,0.061653869,0.235670302,6.0,1.786046881,0.417326241,74.0,-0.002617994,0.403888444,0.032857311,0.06846285,0.186846183,6.0,0.0,0.0,0.0,0.0,0.0,0.0,0.0,0.0,0.0,0.0,0.0,0.0,0.0,0.0,0.0,0.0,0.0,0.0,0.0,0.0,0.0,0.0,0.0,0.0,0.0,0.0,0.0,0.0,0.0,0.0,0.0,0.0,0.0,0.0,0.0,0.0,,,,,,,0.5767,,0.0,31.0,31.0,31.0,1.0,,,,,,,,,,,,,,,,,,,,,,,,,,,,0
S070,2,2024-11-21_13h14.36.924,MotivatedInference,2024.1.5,Win32,60.24096386,668be8e87e83611e680fb3ab,{{%SESSION_ID%},Chrome,,,,,,,,,,,,,,,,,,,,,,,,,,,,,,-1.0,,,,,,,,11.0,,,,,,,,,conditions/conds_107.csv,1.0,1.0,,,,,,,,,2458.272,2462.7716,"[0.0035000000002582965,0.016199999988202762,0.03289999997605264,0.049500000000080036,0.06610000002410743,0.08280000001195731,0.10039999997616178,0.11669999998821368,0.1334999999999127,0.14949999999998909,0.16760000002386732,0.18310000002384186,0.19960000002402012,0.21619999998802086,0.23280000001204826,0.24919999998837739,0.26610000002392553,0.28289999997605264,0.3003000000121574,0.31589999997640916,0.33289999997623454,0.34960000002411107,0.36630000001196095,0.38289999997641644,0.39939999997613995,0.4161999999882937,0.4328999999761436,0.449500000000171,0.46619999998802086,0.4828999999763255,0.49949999999989814,0.5161000000239255,0.5328999999760526,0.54950000000008,0.5663999999760563,0.5828000000119573,0.599999999999909,0.6161999999881118,0.6328000000121392,0.6496000000238382,0.6661000000240165,0.6828000000118664,0.699500000000171,0.7161999999880209,0.7328999999763255,0.7494999999998981,0.7674999999999272,0.7835000000000036,0.7998999999763328,0.8163000000122338,0.8333000000120592,0.8495000000002619,0.8661999999881118,0.8836000000237618,0.9005000000001928,0.9161999999882937,0.9328000000118664,0.9496000000240201,0.9661999999880209,0.9828000000120483,0.9996000000237473,1.0161999999882028,1.0328000000122302,1.049399999976231,1.0661999999883847,1.082600000023831,1.099500000000262,1.1161999999881118,1.1328000000121392,1.149499999999989,1.1663000000121428,1.1828999999761436,1.199500000000171,1.2161999999880209,1.2328000000120483,1.2494999999998981,1.2670000000002801,1.2828999999760526,1.3003000000121574,1.3161999999883847,1.3328999999762345,1.349600000024111,1.3661999999881118,1.3828999999764164,1.3996000000238382,1.4168999999760672,1.4328000000118664,1.449500000000171,1.466899999976249,1.4828999999763255,1.4998000000118736,1.5161000000239255,1.5328000000122302,1.5496999999882064,1.5668999999761581,1.5828000000119573,1.599600000024111,1.616300000011961,1.6328000000121392,1.649499999999989,1.6661999999882937,1.6836000000239437,1.6996999999882973,1.7161000000237436,1.7328999999763255,1.7494999999998981,1.7661999999882028,1.7828000000122302,1.8003000000121574,1.8161999999883847,1.8328000000119573,1.849600000024111,1.8661999999881118,1.8828000000121392,1.8998000000119646,1.9161000000240165,1.9328000000118664,1.949500000000171,1.9661000000237436,1.9826999999881991,1.9994999999998981,2.0161999999882028,2.0333999999761545,2.0501999999883083,2.0663999999760563,2.0828000000119573,2.099399999976413,2.116199999988112,2.132800000012139,2.14939999997614,2.1661999999882937,2.1829999999999927,2.199500000000171,2.2161000000237436,2.2328000000120483,2.249499999999898,2.2661999999882028,2.2835000000000036,2.3001999999883083,2.3160000000002583,2.3328000000119573,2.349500000000262,2.3661000000238346,2.382800000012139,2.39939999997614,2.4161999999882937,2.4328000000118664,2.449500000000171,2.4661000000237436,2.4828000000120483,2.5003999999762527,2.516300000012052,2.53280000001223,2.549399999976231,2.5671000000238564,2.5828000000119573,2.599500000000262,2.6176999999879627,2.633300000012241,2.64939999997614,2.6661999999882937,2.6828999999761436,2.699399999976322,2.7161000000237436,2.7328000000120483,2.7496000000237473,2.7661000000239255,2.7828999999760526,2.8003000000121574,2.8161999999883847,2.8328000000119573,2.849399999976413,2.86689999997634,2.883199999988392,2.899499999999989,2.9161999999882937,2.9328000000118664,2.949500000000171,2.966199999988021,2.9828000000120483,2.999499999999898,3.0161999999882028,3.03280000001223,3.04950000000008,3.0661000000241074,3.0828000000119573,3.099500000000262,3.116199999988112,3.132800000012139,3.1503999999763437,3.1661000000240165,3.1828999999761436,3.200000000000273,3.2164999999999964,3.2325000000000728,3.249399999976049,3.2661999999882028,3.2835000000000036,3.300100000024031,3.3161999999883847,3.3328999999762345,3.349399999976413,3.366199999988112,3.3834999999999127,3.399600000023838,3.416899999976067,3.4328000000118664,3.450000000000273,3.4661000000237436,3.482699999988199,3.500600000023951,3.51700000000028,3.53280000001223,3.54950000000008,3.5661000000241074,3.582699999988108,3.599500000000262,3.616300000011961,3.632800000012139,3.649499999999989,3.6661000000240165,3.6828000000118664,3.699500000000171,3.7161000000237436,3.732699999988199,3.749499999999898,3.7660000000000764,3.78280000001223,3.8001999999883083,3.8161000000241074,3.832699999988108,3.849600000024111,3.866199999988112,3.882800000012139,3.89939999997614,3.9161000000240165,3.9328000000118664,3.949500000000171,3.9661000000237436,3.9828000000120483,3.999399999976049,4.016899999976431,4.032699999988381,4.0498000000120555,4.066199999988385,4.082699999988108,4.099399999976413,4.116100000023835,4.132800000012139,4.15010000002394,4.1661000000240165,4.182800000011866,4.199399999976322,4.216100000023744,4.232800000012048,4.249199999988377,4.2661000000239255,4.283600000023853,4.29950000000008,4.316899999976158,4.332699999988108,4.349500000000262,4.366300000011961,4.382800000012139,4.399600000023838,4.416199999988294,4.432800000011866,4.449500000000171,4.466100000023744,4.4828999999763255,4.499499999999898]",0.016651852,0.00047956,271.0,right,1.0,,,,,,2.0,0.0,12.0,0.5,-5.668721637,1.0,2.877254552,0.504390718,13.0,0.012217305,0.36034398,0.040523863,0.087309629,0.214125832,4.0,0.978968362,-0.925992465,27.0,-0.002617994,0.373032979,0.031793157,0.076653108,0.191027089,4.0,1.107997935,-0.798979786,40.0,0.001745329,0.381763748,0.031902579,0.075140032,0.211660484,6.0,0.303292616,-0.570065217,4.0,0.001745329,0.345391377,0.044661649,0.086491224,0.292502374,6.0,2.131989012,0.901137144,67.0,0.000872665,0.398829923,0.040120187,0.066830121,0.198372452,4.0,1.13593221,-0.764153666,7.0,-0.003490659,0.352071506,0.033456274,0.080650645,0.190019159,6.0,1.331203123,-0.461057371,23.0,0.001745329,0.370048297,0.033576258,0.089212406,0.165879093,5.0,1.28314158,-0.544094489,48.0,-0.013089969,0.387063294,0.032293316,0.069877675,0.198684878,5.0,0.053428382,-0.106653525,73.0,-0.006981317,0.403029477,0.030660757,0.062368894,0.184710059,5.0,0.779725179,-0.999935635,49.0,-0.003490659,0.387690152,0.036925942,0.073283012,0.194967171,5.0,0.950840481,-0.945755313,40.0,0.001745329,0.381763748,0.031902579,0.075140032,0.211660484,6.0,0.639210654,-0.957562032,18.0,-0.008726646,0.365457086,0.031782524,0.075683607,0.153768306,4.0,,,,,,,0.5165,,0.0,32.0,32.0,32.0,1.0,,,,,,,,,,,,,,,,,,,,,,,,,,,,0
S070,2,2024-11-21_13h14.36.924,MotivatedInference,2024.1.5,Win32,60.24096386,668be8e87e83611e680fb3ab,{{%SESSION_ID%},Chrome,,,,,,,,,,,,,,,,,,,,,,,,,,,,,,-1.0,,,,,,,,4.0,,,,,,,,,conditions/conds_107.csv,1.0,1.0,,,,,,,,,2464.3058,2466.0392,"[0.0018999999761035724,0.0156999999881009,0.03219999998827916,0.0490999999642554,0.06619999998792991,0.08300000000008367,0.09969999998793355,0.11639999997623818,0.1321999999881882,0.14899999999988722,0.16550000000006548,0.1823000000117645,0.19900000000006912,0.21619999998802086,0.2323000000119464,0.2490999999640735,0.2656999999881009,0.28219999998827916,0.29899999999997817,0.3156999999882828,0.33230000001185545,0.34889999997631094,0.3654999999998836,0.3821999999881882,0.3988999999760381,0.4155999999643427,0.4329999999999927,0.4490000000000691,0.465699999987919,0.48259999996435,0.499000000000251,0.5155999999642518,0.5321999999882792,0.548899999976129,0.5655999999644337,0.5823000000118554,0.5990000000001601,0.6155999999641608,0.6323000000120373,0.6489999999998872,0.6655999999643427,0.6821999999879154,0.699500000000171,0.7155999999640699,0.7323000000119464,0.7496999999880245,0.7663000000120519,0.7825999999640771,0.7989999999999782,0.8156999999882828,0.8320999999641572,0.8490000000001601,0.8655999999641608,0.8823000000120373,0.8988999999760381,0.9155999999643427,0.9321999999879154,0.94889999997622,0.9655999999640699,0.9830000000001746,0.9995999999641754,1.015699999988101,1.0323000000121283,1.0489999999999782,1.0664999999999054,1.0823000000118554,1.098899999976311,1.11569999998801,1.1323999999763146,1.1488000000117609,1.1655999999643427,1.1821999999879154,1.1990000000000691,1.215699999987919,1.2330000000001746,1.249000000000251,1.2655999999642518,1.2823000000121283,1.298899999976129,1.3156999999882828,1.3321999999880063,1.348899999976311,1.3654999999998836,1.3821999999881882,1.3993000000118627,1.4156999999881918,1.4323999999760417,1.4490000000000691,1.4655999999640699,1.4826999999881991,1.4986999999882755,1.5154999999999745,1.5321999999882792,1.5489999999999782,1.5655999999644337,1.5824999999999818,1.5993999999764128,1.6155999999641608,1.6321999999881882,1.648899999976038,1.6656999999881918,1.6823000000117645,1.6996999999882973,1.7161999999880209,1.733199999988301]",0.016647115,0.000416708,105.0,right,1.0,,,,,,2.0,0.0,4.0,0.5,-1.679132492,1.0,1.306210007,-0.504819317,72.0,0.006108652,0.40239539,0.026269008,0.066501733,0.165237327,6.0,1.83251377,0.499858061,66.0,-0.006108652,0.398200129,0.038012219,0.074472022,0.208169201,4.0,0.668154829,-0.972633739,41.0,0.013089969,0.382506884,0.032100804,0.075836611,0.218324429,6.0,1.182019976,-0.701537498,61.0,-0.004363323,0.394911895,0.035957651,0.088187679,0.159307843,4.0,0.0,0.0,0.0,0.0,0.0,0.0,0.0,0.0,0.0,0.0,0.0,0.0,0.0,0.0,0.0,0.0,0.0,0.0,0.0,0.0,0.0,0.0,0.0,0.0,0.0,0.0,0.0,0.0,0.0,0.0,0.0,0.0,0.0,0.0,0.0,0.0,0.0,0.0,0.0,0.0,0.0,0.0,0.0,0.0,0.0,0.0,0.0,0.0,0.0,0.0,0.0,0.0,0.0,0.0,0.0,0.0,0.0,0.0,0.0,0.0,0.0,0.0,0.0,0.0,0.0,0.0,0.0,0.0,0.0,0.0,0.0,0.0,,,,,,,0.7163,,0.0,33.0,33.0,33.0,1.0,,,,,,,,,,,,,,,,,,,,,,,,,,,,0
S070,2,2024-11-21_13h14.36.924,MotivatedInference,2024.1.5,Win32,60.24096386,668be8e87e83611e680fb3ab,{{%SESSION_ID%},Chrome,,,,,,,,,,,,,,,,,,,,,,,,,,,,,,-1.0,,,,,,,,7.0,,,,,,,,,conditions/conds_107.csv,1.0,1.0,,,,,,,,,2467.756,2470.8713,"[0.0026000000239037035,0.015300000012302917,0.032000000000152795,0.049500000000080036,0.06619999998838466,0.0820000000003347,0.09869999998818457,0.11550000000033833,0.13289999997641644,0.14869999998836647,0.1658999999763182,0.1818999999763946,0.19900000000006912,0.2158999999765001,0.23169999998845014,0.24869999998827552,0.26610000002392553,0.28250000000025466,0.2986999999884574,0.3153999999763073,0.3320000000003347,0.34950000000026193,0.36599999999998545,0.3833999999765183,0.39930000001231747,0.4153000000119391,0.4318999999763946,0.44849999999996726,0.46600000000034925,0.4823999999762236,0.4986000000239983,0.5161000000239255,0.5323999999764055,0.5488000000123066,0.5653999999763073,0.5820000000003347,0.5986999999881846,0.615300000012212,0.6326000000240128,0.6494999999999891,0.6666000000241183,0.6820000000002437,0.6993999999763219,0.7156999999883737,0.7319999999999709,0.7493999999765038,0.7653000000123029,0.7820000000001528,0.7983999999764819,0.8153999999763073,0.8321000000241838,0.8486999999881846,0.8661999999881118,0.8821999999881882,0.8986000000240892,0.9161999999882937,0.9328000000123211,0.949500000000171,0.9668000000119719,0.9819999999999709,0.999600000024202,1.0156000000238237,1.0316999999881773,1.0493000000119537,1.0656999999882828,1.0820000000003347,1.0993999999764128,1.1161000000238346,1.1331000000241147,1.1488000000122156,1.1666999999883956,1.1821000000240929,1.1991000000239183,1.215300000012121,1.231999999999971,1.2485000000001492,1.2660000000000764,1.2823000000121283,1.2986999999884574,1.315199999988181,1.3320000000003347,1.349500000000262,1.3661000000238346,1.3823999999763146,1.3986999999883665,1.4153999999762163,1.4320000000002437,1.4496000000240201,1.4661000000241984,1.4818999999761218,1.4986999999882755,1.5160000000000764,1.5328999999765074,1.5489999999999782,1.5653999999763073,1.5820000000003347,1.598399999976209,1.6161000000238346,1.6323000000120373,1.6486000000240892,1.6663000000121428,1.6823999999764965,1.6986000000238164,1.7153999999763982,1.731999999999971,1.7486000000239983,1.766899999976431,1.7820000000001528,1.79950000000008,1.8161000000241074,1.8328999999762345,1.8491000000240092,1.8656999999884647,1.8820000000000618,1.89939999997614,1.9156999999881918,1.9320000000002437,1.9486000000238164,1.9653999999763982,1.981999999999971,1.9993999999765038,2.0161000000239255,2.032100000024002,2.049600000023929,2.0661999999883847,2.0820000000003347,2.0988000000120337,2.115300000012212,2.133199999988392,2.149600000023838,2.165699999988192,2.1823999999764965,2.1986999999880936,2.2153999999763982,2.231999999999971,2.2486000000239983,2.2654999999999745,2.2818999999763037,2.2991999999881045,2.315800000012132,2.3320000000003347,2.3496999999883883,2.3661000000238346,2.382000000000062,2.3986000000240892,2.416500000000269,2.4323999999764965,2.4486000000238164,2.4660000000003492,2.4823999999762236,2.4988000000121247,2.515300000012303,2.5328999999765074,2.5498000000120555,2.5660000000002583,2.58230000001231,2.5986999999881846,2.615399999976489,2.632000000000062,2.6491999999884683,2.6653999999762163,2.6823999999764965,2.6996999999882973,2.715300000012121,2.731999999999971,2.7486000000239983,2.76580000001195,2.7816999999881773,2.7986999999884574,2.81530000001203,2.8318000000122083,2.8486000000239073,2.865300000012212,2.8818999999762127,2.8986000000240892,2.9153999999762163,2.9320000000002437,2.9486999999880936,2.965300000012121,2.9818999999761218,2.9986999999882755,3.015300000012303,3.032000000000153,3.0488000000123066,3.06530000001203,3.0818999999764856,3.0986000000239073,3.115199999988363]",0.01664492,0.000617753,188.0,left,1.0,,,,,,2.0,0.0,8.0,0.5,-2.917571494,-1.0,1.038959935,-0.874145116,48.0,-0.013089969,0.387063294,0.032293316,0.069877675,0.198684878,5.0,1.017428585,-0.894242311,64.0,-0.012217305,0.396824946,0.026418425,0.079335183,0.168726505,6.0,0.190213806,-0.371317544,16.0,0.017453293,0.363466057,0.031192723,0.069909496,0.180964939,5.0,0.587857156,-0.922965001,36.0,0.002617994,0.379263044,0.03913601,0.077664539,0.168574417,3.0,1.868880496,0.56147593,50.0,-0.003490659,0.388365859,0.031859869,0.061653869,0.235670302,6.0,1.026772679,-0.885722128,56.0,0.002617994,0.391878159,0.037400891,0.06461151,0.256914973,6.0,1.297456585,-0.51985353,90.0,-0.005235988,0.41932645,0.033694537,0.059919896,0.18718849,4.0,2.429751604,0.989198205,96.0,0.002617994,0.429744758,0.028375272,0.064697354,0.217313714,7.0,0.0,0.0,0.0,0.0,0.0,0.0,0.0,0.0,0.0,0.0,0.0,0.0,0.0,0.0,0.0,0.0,0.0,0.0,0.0,0.0,0.0,0.0,0.0,0.0,0.0,0.0,0.0,0.0,0.0,0.0,0.0,0.0,0.0,0.0,0.0,0.0,,,,,,,0.6503,,0.0,34.0,34.0,34.0,1.0,,,,,,,,,,,,,,,,,,,,,,,,,,,,0
S070,2,2024-11-21_13h14.36.924,MotivatedInference,2024.1.5,Win32,60.24096386,668be8e87e83611e680fb3ab,{{%SESSION_ID%},Chrome,,,,,,,,,,,,,,,,,,,,,,,,,,,,,,-1.0,,,,,,,,1.0,,,,,,,,,conditions/conds_107.csv,1.0,1.0,,,,,,,,,2472.5213,2474.238,"[0.0014999999998508429,0.016599999964000745,0.033999999999650754,0.05069999998795538,0.06659999996418264,0.08330000001160442,0.10009999996418628,0.1165999999639098,0.1331999999879372,0.14989999997578707,0.1665999999640917,0.18330000001151348,0.1999999999998181,0.2173999999758962,0.2339999999999236,0.2500999999638225,0.2666999999878499,0.2833000000118773,0.30059999996410625,0.3178999999759071,0.3333000000116044,0.3498999999760599,0.3665999999639098,0.3833000000117863,0.39989999997578707,0.4165999999640917,0.4333999999757907,0.44980000001169174,0.46659999996381885,0.4830999999639971,0.5,0.5165999999640007,0.5333000000118773,0.5506999999879554,0.5673999999758053,0.5833000000116044,0.5998999999760599,0.6165999999639098,0.6334999999999127,0.6498999999757871,0.6669999999999163,0.6834999999996398,0.6996999999878426,0.7165999999638188,0.7333000000116954,0.75,0.7665999999640007,0.7833000000118773,0.8008000000118045,0.8165999999641826,0.8333000000116044,0.8498999999760599,0.8664999999996326,0.8831999999879372,0.8998999999757871,0.9165999999640917,0.9333000000115135,0.9499999999998181,0.9665999999638188,0.98419999998805,0.9998000000118736,1.0170999999641026,1.0336999999876753,1.049899999975878,1.0664999999999054,1.0831999999877553,1.1000999999641863,1.1164999999996326,1.1333000000117863,1.1499999999996362,1.1673000000118918,1.1833000000115135,1.199899999975969,1.2165999999638188,1.2333000000116954,1.25,1.2664999999997235,1.2833000000118773,1.3005999999641062,1.3165999999641826,1.3333999999758817,1.3503999999761618,1.3671999999878608,1.3833000000117863,1.3998000000115098,1.4166999999879408,1.4331999999876643,1.449899999975969,1.466699999987668,1.4833000000116954,1.5,1.5166999999878499,1.5343000000116263,1.5508000000118045,1.5665999999641826,1.5833000000116044,1.599999999999909,1.6164999999996326,1.634099999963837,1.6499999999996362,1.6665999999640917,1.683599999963917,1.699899999975969,1.7165999999638188]",0.016651456,0.000427652,104.0,right,1.0,,,,,,1.0,0.0,4.0,0.5,3.222625492,-1.0,2.499311191,0.959314143,79.0,-0.004363323,0.40793127,0.02386995,0.059748747,0.165450333,7.0,2.307828447,0.995325099,50.0,-0.003490659,0.388365859,0.031859869,0.061653869,0.235670302,6.0,3.000659011,0.278149731,70.0,0.007853982,0.401012824,0.032375196,0.060909739,0.168550131,4.0,2.28484765,0.98983652,79.0,-0.004363323,0.40793127,0.02386995,0.059748747,0.165450333,7.0,0.0,0.0,0.0,0.0,0.0,0.0,0.0,0.0,0.0,0.0,0.0,0.0,0.0,0.0,0.0,0.0,0.0,0.0,0.0,0.0,0.0,0.0,0.0,0.0,0.0,0.0,0.0,0.0,0.0,0.0,0.0,0.0,0.0,0.0,0.0,0.0,0.0,0.0,0.0,0.0,0.0,0.0,0.0,0.0,0.0,0.0,0.0,0.0,0.0,0.0,0.0,0.0,0.0,0.0,0.0,0.0,0.0,0.0,0.0,0.0,0.0,0.0,0.0,0.0,0.0,0.0,0.0,0.0,0.0,0.0,0.0,0.0,,,,,,,0.5339,,0.0,35.0,35.0,35.0,1.0,,,,,,,,,,,,,,,,,,,,,,,,,,,,0
S070,2,2024-11-21_13h14.36.924,MotivatedInference,2024.1.5,Win32,60.24096386,668be8e87e83611e680fb3ab,{{%SESSION_ID%},Chrome,,,,,,,,,,,,,,,,,,,,,,,,,,,,,,-1.0,,,,,,,,2.0,,,,,,,,,conditions/conds_180.csv,2.0,1.0,,,,,,,,,2478.8077,2480.5221,"[0.0015000000003055902,0.01740000003565001,0.03280000001223016,0.05040000003600653,0.06690000003573005,0.07999999999992724,0.09750000000030923,0.11390000003575551,0.13010000002395827,0.14660000002413653,0.1669000000356391,0.18010000002414017,0.20200000000022555,0.21419999998806816,0.23390000003564637,0.24760000002379456,0.26680000001215376,0.2801000000240492,0.29669999998804997,0.3135000000002037,0.33090000003585374,0.35090000003583555,0.3679000000356609,0.38060000002406014,0.4011999999879663,0.4136000000239619,0.43369999998822095,0.4466999999881409,0.46419999998806816,0.48440000003574823,0.4969000000360211,0.5166000000240274,0.5301999999883265,0.5475000000001273,0.568000000000211,0.5843000000118082,0.597400000036032,0.6179999999999382,0.6310000000003129,0.6511000000241438,0.6639000000359374,0.6841000000240456,0.701100000023871,0.716900000035821,0.733199999988301,0.7473000000118191,0.7680000000000291,0.7808000000118227,0.8014000000357555,0.8136000000240529,0.8346000000237837,0.8469000000359301,0.8666000000239364,0.8846000000239655,0.9010000000002947,0.9143000000121901,0.9329000000357155,0.9471000000239655,0.9676000000240492,0.98050000000012,1.0016000000241547,1.0138000000119973,1.034900000036032,1.0503000000121574,1.0634000000359265,1.0840000000002874,1.097400000036032,1.1139000000357555,1.1345000000001164,1.1476000000238855,1.1671999999880427,1.1818000000121174,1.1998000000121465,1.2143000000119173,1.2301999999881446,1.25119999998833,1.2656000000238237,1.284300000012081,1.2971000000238746,1.3181999999883374,1.33110000002398,1.3508000000119864,1.3634999999999309,1.3801000000239583,1.399499999999989,1.4140000000002146,1.4329000000357155,1.4480000000003201,1.4634000000360174,1.4819000000356937,1.4974000000356682,1.5135000000000218,1.5311000000237982,1.5509999999999309,1.5638000000121792,1.5840000000002874,1.5971000000240565,1.614199999988159,1.6346999999882428,1.6475000000000364,1.6675000000000182,1.6806999999880645,1.7000000000002728,1.7141999999880682]",0.016628155,0.002993826,104.0,right,1.0,,,,,,1.0,0.0,4.0,0.5,1.393676884,-1.0,2.990531075,0.297547869,75.0,-0.006981317,0.404601252,0.036318328,0.07284169,0.209916045,6.0,2.188776799,0.944464418,65.0,0.000872665,0.397557211,0.028332609,0.059251996,0.151978572,5.0,2.795505849,0.638212065,30.0,-0.009599311,0.375182725,0.031494597,0.070464671,0.19533995,5.0,1.316729549,-0.486547468,31.0,0.004363323,0.375872077,0.0344646,0.07529372,0.228193104,6.0,0.0,0.0,0.0,0.0,0.0,0.0,0.0,0.0,0.0,0.0,0.0,0.0,0.0,0.0,0.0,0.0,0.0,0.0,0.0,0.0,0.0,0.0,0.0,0.0,0.0,0.0,0.0,0.0,0.0,0.0,0.0,0.0,0.0,0.0,0.0,0.0,0.0,0.0,0.0,0.0,0.0,0.0,0.0,0.0,0.0,0.0,0.0,0.0,0.0,0.0,0.0,0.0,0.0,0.0,0.0,0.0,0.0,0.0,0.0,0.0,0.0,0.0,0.0,0.0,0.0,0.0,0.0,0.0,0.0,0.0,0.0,0.0,,,,,,,1.2329,,0.0,0.0,0.0,0.0,1.0,2475.1074,2476.7214,,,,,,,,,,,,,,,,,,,,,,,,,,0
S070,2,2024-11-21_13h14.36.924,MotivatedInference,2024.1.5,Win32,60.24096386,668be8e87e83611e680fb3ab,{{%SESSION_ID%},Chrome,,,,,,,,,,,,,,,,,,,,,,,,,,,,,,-1.0,,,,,,,,10.0,,,,,,,,,conditions/conds_180.csv,2.0,1.0,,,,,,,,,2482.7579,2487.241,"[0.0034000000355263182,0.017200000047523645,0.029800000011618977,0.04920000004767644,0.06399999999985084,0.08280000001150256,0.09630000001152439,0.11330000001180451,0.13390000003573732,0.14730000001191002,0.16780000001153894,0.17990000003555906,0.19960000002356537,0.21330000001171356,0.2328000000115935,0.2464999999997417,0.2662000000473199,0.28099999999994907,0.3001000000235763,0.3181000000236054,0.3352000000472799,0.3509000000353808,0.3633000000118045,0.3826000000235581,0.3961000000235799,0.41610000002356173,0.43280000001186636,0.44920000004731264,0.467300000011619,0.482499999999618,0.4974000000356682,0.5163000000115971,0.5307000000475455,0.5489999999999782,0.5639000000355736,0.5837000000474291,0.5974999999998545,0.6176000000236854,0.6308000000117318,0.6493000000118627,0.6636000000235072,0.6828000000118664,0.6994999999997162,0.7132000000474363,0.7349999999996726,0.7473000000118191,0.7631000000237691,0.779800000011619,0.7976000000235217,0.8179999999997563,0.8306000000234235,0.8511000000235072,0.863999999999578,0.8833000000117863,0.8974000000357591,0.9179000000353881,0.9304999999999382,0.9494999999997162,0.9632000000474363,0.9807000000473636,1.0004999999996471,1.0136000000234162,1.033499999999549,1.0518000000115535,1.0632000000473454,1.0844000000356573,1.0974999999998545,1.112999999999829,1.1343000000115353,1.1474000000357591,1.1681000000235144,1.1801000000236854,1.199400000035439,1.2133000000117136,1.2298000000118918,1.2464999999997417,1.263100000023769,1.283100000023751,1.2973000000115462,1.3154000000354245,1.3308000000115499,1.3498000000117827,1.36360000002378,1.3829999999998108,1.399499999999989,1.4161000000235617,1.4329999999999927,1.4464999999995598,1.4631000000235872,1.4828000000115935,1.4964999999997417,1.5132000000476182,1.5349999999998545,1.5473000000115462,1.5664000000356282,1.5812000000473745,1.5964999999996508,1.6164000000353553,1.6336000000237618,1.6466000000236818,1.6632000000472544,1.6839000000354645,1.699999999999818,1.7131000000235872,1.734700000047269,1.751700000047549,1.76299999999992,1.7828000000117754,1.7971000000234199,1.81690000003573,1.8306000000234235,1.8493000000116808,1.863999999999578,1.8829999999998108,1.8974000000357591,1.9162000000474109,1.92980000001171,1.9473000000116372,1.96630000001187,1.9797000000476146,1.999400000035621,2.016100000023471,2.030900000035672,2.04990000003545,2.0633000000116226,2.0844999999999345,2.0997000000475055,2.113100000023678,2.132499999999709,2.1464999999998327,2.16840000003549,2.180400000035661,2.1964000000357373,2.2132000000474363,2.232600000023467,2.249499999999898,2.263499999999567,2.2828000000117754,2.29710000002342,2.317400000035377,2.3304999999995744,2.3491000000235545,2.3638000000119064,2.379900000035377,2.3971000000237837,2.417300000011892,2.4299999999998363,2.449400000035439,2.463100000023587,2.4829000000354426,2.4964999999997417,2.5132000000476182,2.529900000035468,2.5464000000356464,2.5667000000476037,2.58360000002358,2.5964999999996508,2.6161000000238346,2.6306000000236054,2.649499999999989,2.6632000000472544,2.684300000011717,2.696600000023409,2.7166000000233907,2.7306000000235144,2.7502000000472435,2.7639000000353917,2.7832000000476,2.79710000002342,2.8161000000236527,2.82990000003565,2.8464999999996508,2.8661000000238346,2.879800000011528,2.8964000000355554,2.918499999999767,2.9328000000118664,2.9464000000357373,2.9659999999998945,2.979800000011892,3.0006000000234962,3.013999999999669,3.0341000000235,3.047200000047269,3.0667000000476037,3.0838000000117063,3.0969999999997526,3.1176000000236854,3.132999999999811,3.1464999999998327,3.162999999999556,3.18260000002374,3.196600000023409,3.2133000000117136,3.232600000023467,3.2464999999997417,3.2669999999998254,3.2839999999996508,3.297700000047371,3.316300000011779,3.3306000000234235,3.351100000023507,3.3639000000357555,3.383600000023762,3.397200000047633,3.4172000000476146,3.4302000000475346,3.4514000000353917,3.4662000000475928,3.479800000011892,3.5003000000115208,3.5137000000472653,3.532600000023649,3.54710000002342,3.567400000035377,3.5803000000119027,3.599499999999807,3.6132000000475273,3.629800000011528,3.6464999999998327,3.6631000000234053,3.67980000001171,3.69649999999956,3.713100000023587,3.732400000035341,3.7464999999997417,3.763100000023769,3.7802000000474436,3.8013000000119064,3.817900000035479,3.829800000011801,3.8502000000476073,3.8633000000118045,3.882999999999811,3.8964000000355554,3.9174999999995634,3.9301000000236854,3.9492000000473126,3.9632000000474363,3.9829000000354426,3.9964000000354645,4.013100000023769,4.0341000000235,4.047200000047269,4.066300000011779,4.079700000047524,4.099900000035632,4.1139000000357555,4.133200000047509,4.146800000011808,4.166600000023664,4.17980000001171,4.201499999999669,4.213200000047436,4.232600000023467,4.2464000000354645,4.263100000023769,4.282800000011775,4.301200000047629,4.313999999999851,4.333499999999731,4.346700000047349,4.366100000023835,4.379800000011528,4.396499999999833,4.415999999999713,4.430700000047636,4.450600000023769,4.463300000011714,4.482900000035443]",0.016652416,0.002898051,270.0,left,1.0,,,,,,1.0,0.0,12.0,0.5,3.428188959,1.0,0.838453634,-0.994375514,68.0,0.009599311,0.399449425,0.031951263,0.065393928,0.165147664,5.0,2.483457259,0.967782868,28.0,0.006108652,0.373747518,0.036497013,0.082304542,0.218348002,5.0,1.404880128,-0.325776009,83.0,0.005235988,0.41175896,0.032251087,0.065012348,0.244231929,6.0,1.716187986,0.286702747,28.0,0.006108652,0.373747518,0.036497013,0.082304542,0.218348002,5.0,0.908404664,-0.969891117,97.0,0.006981317,0.43254107,0.031598025,0.077611504,0.241207486,6.0,0.11299596,-0.224073169,68.0,0.009599311,0.399449425,0.031951263,0.065393928,0.165147664,5.0,2.617253474,0.866764858,69.0,-0.001745329,0.400311091,0.03773135,0.078132351,0.241087639,6.0,2.462907159,0.977311133,59.0,0.006981317,0.393731017,0.031135395,0.06163787,0.205460115,5.0,1.697735243,0.25115937,95.0,-0.003490659,0.427246221,0.028411926,0.064304978,0.203029515,6.0,2.232549221,0.969579196,75.0,-0.006981317,0.404601252,0.036318328,0.07284169,0.209916045,6.0,2.704012694,0.767646001,67.0,0.000872665,0.398829923,0.040120187,0.066830121,0.198372452,4.0,2.083917661,0.855358597,78.0,0.004363323,0.407032945,0.030231373,0.057417546,0.211999481,6.0,,,,,,,0.5349,,0.0,1.0,1.0,1.0,1.0,,,,,,,,,,,,,,,,,,,,,,,,,,,,0
S070,2,2024-11-21_13h14.36.924,MotivatedInference,2024.1.5,Win32,60.24096386,668be8e87e83611e680fb3ab,{{%SESSION_ID%},Chrome,,,,,,,,,,,,,,,,,,,,,,,,,,,,,,-1.0,,,,,,,,4.0,,,,,,,,,conditions/conds_180.csv,2.0,1.0,,,,,,,,,2488.7911,2490.4877,"[0.0016999999879772076,0.01819999998815547,0.029899999975896208,0.05029999995213075,0.06799999999975626,0.08069999998815547,0.10019999998803542,0.11409999996430997,0.13299999999981083,0.14659999996410988,0.16539999997621635,0.17989999997598716,0.2011999999881482,0.21409999996421902,0.2333999999759726,0.24729999995224716,0.26809999996430633,0.28069999998797357,0.29969999998775165,0.31399999999985084,0.3326999999881082,0.346599999963928,0.3663999999762382,0.3799999999996544,0.3994999999999891,0.4139999999997599,0.42989999997598716,0.4476999999878899,0.4636999999879663,0.4839999999999236,0.4973999999760963,0.5160999999638989,0.5301999999878717,0.54950000000008,0.566799999952309,0.5798999999760781,0.599999999999909,0.6135999999642081,0.6349999999997635,0.6470999999642117,0.668399999975918,0.6800999999641135,0.7005999999641972,0.7132999999521417,0.7326999999877444,0.7464999999997417,0.7638999999758198,0.7829999999999018,0.7972999999519743,0.8168999999761581,0.8351999999881627,0.8469999999997526,0.8631999999879554,0.8826999999878353,0.8965999999641099,0.9171999999880427,0.9305999999642154,0.9493999999758671,0.9631999999878644,0.9827999999520216,0.9974999999999454,1.013599999964299,1.034099999963928,1.04669999998805,1.0633999999758998,1.0842999999522362,1.0972999999521562,1.116299999952389,1.1306999999878826,1.14939999997614,1.1640999999640371,1.18469999998797,1.1972999999520653,1.2166999999881227,1.2303999999758162,1.2494999999998981,1.2674999999999272,1.2806999999879736,1.2995999999639025,1.3159999999998035,1.330500000000029,1.350500000000011,1.3663999999762382,1.3826999999878353,1.396699999987959,1.4168999999760672,1.4305999999642154,1.4497999999521198,1.464099999964219,1.4832999999521235,1.4972999999522472,1.5160999999638989,1.5308999999761,1.5506999999879554,1.5637999999521526,1.5830999999639062,1.5966999999877771,1.6159999999999854,1.6295000000000073,1.6507999999521417,1.6637999999520616,1.6828999999761436,1.6965000000000146]",0.016615686,0.002970863,103.0,right,1.0,,,,,,2.0,0.0,4.0,0.5,-0.976527067,1.0,0.465291037,-0.801967789,18.0,-0.008726646,0.365457086,0.031782524,0.075683607,0.153768306,4.0,2.0627243,0.832639041,36.0,0.002617994,0.379263044,0.03913601,0.077664539,0.168574417,3.0,1.381080916,-0.370391833,97.0,0.006981317,0.43254107,0.031598025,0.077611504,0.241207486,6.0,0.345174615,-0.636806486,2.0,0.008726646,0.338473989,0.032964075,0.086271212,0.185208292,4.0,0.0,0.0,0.0,0.0,0.0,0.0,0.0,0.0,0.0,0.0,0.0,0.0,0.0,0.0,0.0,0.0,0.0,0.0,0.0,0.0,0.0,0.0,0.0,0.0,0.0,0.0,0.0,0.0,0.0,0.0,0.0,0.0,0.0,0.0,0.0,0.0,0.0,0.0,0.0,0.0,0.0,0.0,0.0,0.0,0.0,0.0,0.0,0.0,0.0,0.0,0.0,0.0,0.0,0.0,0.0,0.0,0.0,0.0,0.0,0.0,0.0,0.0,0.0,0.0,0.0,0.0,0.0,0.0,0.0,0.0,0.0,0.0,,,,,,,1.0009,,0.0,2.0,2.0,2.0,1.0,,,,,,,,,,,,,,,,,,,,,,,,,,,,0
S070,2,2024-11-21_13h14.36.924,MotivatedInference,2024.1.5,Win32,60.24096386,668be8e87e83611e680fb3ab,{{%SESSION_ID%},Chrome,,,,,,,,,,,,,,,,,,,,,,,,,,,,,,-1.0,,,,,,,,11.0,,,,,,,,,conditions/conds_180.csv,2.0,1.0,,,,,,,,,2492.5046,2496.9902,"[0.0038999999760562787,0.019599999964157178,0.03289999997605264,0.05189999997628547,0.07009999996444094,0.08589999997639097,0.09959999996408442,0.11619999998811181,0.13299999999981083,0.14969999998811545,0.16699999999991633,0.18679999995219987,0.2045999999641026,0.21969999998827916,0.2328999999763255,0.25219999998807907,0.2692999999521817,0.2858999999762091,0.30029999995213075,0.3193999999762127,0.3337999999521344,0.3524999999999636,0.3663999999762382,0.3860999999642445,0.39969999998811545,0.4161999999882937,0.4371999999880245,0.44969999998829735,0.46619999998802086,0.4828999999763255,0.4996999999880245,0.5161999999882028,0.5363999999763109,0.554799999952138,0.5670000000000073,0.5869999999999891,0.5998999999760599,0.6190999999644191,0.6329999999998108,0.65059999996447,0.6662999999521162,0.6829999999999927,0.7045999999641026,0.7170999999643755,0.736399999976129,0.7496999999880245,0.7669999999998254,0.7829999999999018,0.803799999952389,0.8200999999644409,0.8367999999522908,0.8503999999761618,0.8690000000001419,0.8827999999521126,0.9020000000000437,0.9196999999880973,0.9340000000001965,0.9496999999882973,0.9704999999999018,0.9836999999879481,1.0030000000001564,1.0160999999643536,1.0355999999642336,1.053799999952389,1.0662999999522071,1.0857999999525418,1.0996999999879336,1.1190000000001419,1.1329999999998108,1.1495999999642663,1.1705000000001746,1.1861999999882755,1.202699999987999,1.216299999952298,1.2373999999763328,1.2503999999762527,1.270599999964361,1.2865999999644373,1.3000999999644591,1.3192999999523636,1.3335000000001855,1.3523999999761145,1.366299999952389,1.3854999999998654,1.4023999999762964,1.4163999999759653,1.4355999999643245,1.4497999999521198,1.4700999999640771,1.4830999999644519,1.5022999999523563,1.51629999995248,1.5354999999999563,1.5503999999759799,1.5670999999642845,1.5856999999882646,1.5995999999640844,1.6163999999762382,1.6354999999998654,1.6495999999642663,1.668999999999869,1.6828999999761436,1.6996999999882973,1.716299999952298,1.7382999999522326,1.7530000000001564,1.7690999999640553,1.7829999999999018,1.7997999999524836,1.8190999999642372,1.8335999999644628,1.8536999999882937,1.8671999999883155,1.8865000000000691,1.899499999999989,1.9168999999760672,1.9329999999999927,1.9502999999522217,1.9702999999522035,1.9830999999644519,2.0025000000000546,2.01629999995248,2.0356999999880827,2.0495999999643573,2.06619999998793,2.0828999999762345,2.102599999964241,2.116799999952491,2.1359999999999673,2.1495999999642663,2.1687999999521708,2.1829999999999927,2.2035000000000764,2.219099999964328,2.2328999999763255,2.2541999999880318,2.2668999999759762,2.286799999952109,2.2997999999524836,2.320099999964441,2.3335000000001855,2.3522999999522654,2.3660999999642627,2.3860999999642445,2.399499999999989,2.4212999999522253,2.4365999999640735,2.449500000000171,2.4691999999881773,2.4828999999763255,2.499899999976151,2.51949999999988,2.5328999999760526,2.55319999998801,2.5670999999642845,2.5828999999762345,2.6028999999762163,2.6195000000002437,2.6332999999522144,2.652099999964321,2.6663999999759653,2.6858999999763,2.70259999996415,2.719099999964328,2.7330000000001746,2.7495999999641754,2.7710999999644628,2.7871999999879336,2.80039999997598,2.8192999999523636,2.8377999999524945,2.8523999999761145,2.866199999988112,2.8871999999882973,2.9032999999521962,2.9190999999641463,2.9328999999761436,2.9543999999759762,2.9666999999881227,2.985699999987901,2.9995999999641754,3.016399999976329,3.0328999999760526,3.054899999975987,3.0670000000000073,3.0864999999998872,3.099799999952211,3.119000000000142,3.137000000000171,3.1525000000001455,3.1661999999882937,3.1827999999522945,3.2024999999998727,3.220099999964077,3.2328999999763255,3.2503999999762527,3.270599999964361,3.28369999998813,3.3023999999763873,3.3170000000000073,3.336799999952291,3.350399999976162,3.3693999999763946,3.383699999988039,3.4042999999524,3.4170999999641936,3.4367999999522,3.44979999995212,3.4691999999881773,3.4866999999881045,3.4995999999641754,3.51629999995248,3.5354999999999563,3.550099999964459,3.5698999999763146,3.5837999999521344,3.602599999964241,3.616299999952389,3.638099999964197,3.649899999976242,3.671199999987948,3.6833999999762455,3.7044999999998254,3.7163999999761472,3.735799999952178,3.7495999999641754,3.768399999976282,3.7828999999760526,3.8035999999642627,3.819599999964339,3.8328999999762345,3.8495999999640844,3.8703999999761436,3.8840000000000146,3.903799999952298,3.916699999987941,3.9355999999643245,3.949500000000171,3.9691999999881773,3.9828999999763255,4.002399999976205,4.01629999995248,4.0327999999522035,4.053299999952287,4.067299999952411,4.085699999988265,4.0996999999879336,4.116199999988112,4.135699999987992,4.149599999964266,4.16889999997602,4.182999999999993,4.199599999964448,4.219000000000051,4.2328999999763255,4.2496999999880245,4.271099999964463,4.2840000000001055,4.3034999999999854,4.316599999964183,4.33600000000024,4.349599999964084,4.369099999964419,4.382999999999811,4.399599999964266,4.420999999999822,4.433199999988119,4.452299999952174,4.466299999952298,4.485599999964052]",0.016660595,0.002792823,270.0,right,1.0,,,,,,2.0,0.0,12.0,0.5,-2.544840385,1.0,3.128644374,0.025893665,38.0,-0.004363323,0.380540373,0.035789754,0.080850361,0.267900983,7.0,2.982938435,0.312010497,11.0,-0.013089969,0.357861323,0.044486954,0.075207378,0.243622836,5.0,1.49227117,-0.156405507,32.0,0.007853982,0.376580194,0.027808234,0.064839678,0.152904525,6.0,1.05947586,-0.853487224,10.0,-0.004363323,0.356575755,0.034939804,0.084929929,0.233599272,6.0,2.927304963,0.415575451,87.0,0.006108652,0.415699595,0.038834066,0.066745096,0.25903141,5.0,2.970359892,0.33581046,28.0,0.006108652,0.373747518,0.036497013,0.082304542,0.218348002,5.0,1.815626568,0.470326294,97.0,0.006981317,0.43254107,0.031598025,0.077611504,0.241207486,6.0,1.238814458,-0.616243349,46.0,-8.92894e-14,0.385892478,0.022689461,0.062794509,0.135276835,6.0,1.098509402,-0.810247245,29.0,-0.000872665,0.374372435,0.035828607,0.080766738,0.158410304,4.0,0.135213751,-0.267143427,27.0,-0.002617994,0.373032979,0.031793157,0.076653108,0.191027089,4.0,0.496564884,-0.837739153,14.0,-0.004363323,0.361562951,0.033827978,0.08680928,0.200727788,5.0,1.271675214,-0.563190847,75.0,-0.006981317,0.404601252,0.036318328,0.07284169,0.209916045,6.0,,,,,,,0.5335,,0.0,3.0,3.0,3.0,1.0,,,,,,,,,,,,,,,,,,,,,,,,,,,,0
S070,2,2024-11-21_13h14.36.924,MotivatedInference,2024.1.5,Win32,60.24096386,668be8e87e83611e680fb3ab,{{%SESSION_ID%},Chrome,,,,,,,,,,,,,,,,,,,,,,,,,,,,,,-1.0,,,,,,,,12.0,,,,,,,,,conditions/conds_180.csv,2.0,1.0,,,,,,,,,2498.5377,2503.0372,"[0.004100000023754546,0.01640000003590103,0.032999999999901775,0.0496999999882064,0.06640000003562818,0.08310000002393281,0.09969999998793355,0.11640000003581008,0.13390000003573732,0.14980000001196458,0.16710000002376546,0.18330000001196822,0.19980000001214648,0.21640000003571913,0.23280000001204826,0.24980000001187364,0.2676000000237764,0.2831000000237509,0.29980000001205553,0.3164000000356282,0.3330000000000837,0.3498000000117827,0.3665000000000873,0.3831000000241147,0.4005000000001928,0.41660000002411834,0.43400000000019645,0.4498000000121465,0.46649999999999636,0.48310000002402376,0.5005000000001019,0.5171999999879517,0.5331000000237509,0.5498000000120555,0.566300000011779,0.5829000000358064,0.5994000000359847,0.6170000000001892,0.6331000000241147,0.6501999999882173,0.666400000035992,0.6831000000238419,0.6998000000121465,0.7164999999999964,0.7331000000240238,0.7498000000118736,0.7671999999879517,0.7838000000119791,0.7996999999882064,0.816300000011779,0.8330000000000837,0.8499000000356318,0.8665000000000873,0.8829000000359883,0.8998000000119646,0.9163000000121428,0.9329999999999927,0.9496999999882973,0.9664999999999964,0.9831000000240238,0.9996999999880245,1.016300000012052,1.033100000023751,1.0505000000002838,1.0664000000356282,1.0830000000000837,1.0998000000117827,1.11640000003581,1.1330000000002656,1.1496999999881155,1.166400000035992,1.1831000000238419,1.200100000024122,1.2164999999999964,1.2336000000241256,1.2496999999880245,1.2660000000000764,1.2828000000117754,1.2996000000239292,1.31690000003573,1.3329000000358064,1.3496999999879336,1.36640000003581,1.3830000000002656,1.3996999999881155,1.4165000000002692,1.4329999999999927,1.4498000000121465,1.4664000000357191,1.4835000000002765,1.4996999999880245,1.5171000000241293,1.533100000023751,1.5498000000120555,1.5671000000238564,1.5830000000000837,1.5996999999879336,1.616300000011961,1.6331000000241147,1.6496999999881155,1.6663000000121428,1.6831000000238419,1.6996999999882973,1.7164999999999964,1.7331000000240238,1.7498000000118736,1.7670000000002801,1.783100000023751,1.7996000000239292,1.8164000000356282,1.8330000000000837,1.8496999999879336,1.8665000000000873,1.8830000000002656,1.8996999999881155,1.9163000000121428,1.9329000000357155,1.9498000000121465,1.96630000001187,1.9831000000240238,1.9998000000118736,2.0171000000241293,2.033100000023751,2.0505000000002838,2.066400000035628,2.083300000012059,2.099500000000262,2.116199999988112,2.1330000000002656,2.149600000023838,2.166699999987941,2.183199999988119,2.2004000000356427,2.216800000011972,2.233199999988301,2.249499999999898,2.2668000000121538,2.2829999999999018,2.299600000023929,2.3161000000241074,2.3328000000119573,2.349600000024111,2.366300000011961,2.383199999987937,2.3996999999881155,2.416300000012143,2.433199999988119,2.4498000000121465,2.46630000001187,2.4835000000002765,2.4998000000118736,2.5165000000001783,2.5328000000117754,2.5498000000120555,2.5664999999999054,2.58319999998821,2.599600000024111,2.616300000011961,2.63269999998829,2.649600000023838,2.666400000035992,2.6829999999999927,2.6996999999882973,2.71630000001187,2.7330000000001746,2.7496999999880245,2.7668000000121538,2.783100000023751,2.7998000000120555,2.816300000011779,2.8335000000001855,2.849600000024111,2.86640000003581,2.883600000023762,2.899600000023838,2.916500000000269,2.9329999999999927,2.9498000000121465,2.96630000001187,2.98419999998805,2.9996999999880245,3.016300000012052,3.0329999999999018,3.0496999999882064,3.066400000035628,3.0830000000000837,3.0996999999879336,3.1171000000240383,3.1331000000241147,3.149600000023838,3.166400000035992,3.183100000023842,3.1996999999882973,3.216400000035719,3.2351000000239765,3.2501999999881264,3.266400000035901,3.2829999999999018,3.299600000023929,3.316400000035628,3.3335000000001855,3.350100000023758,3.3659999999999854,3.3831000000241147,3.3996999999881155,3.416400000035992,3.433100000023842,3.4498000000121465,3.46630000001187,3.4831000000240238,3.4996999999880245,3.516300000012052,3.533100000023751,3.549600000023929,3.5671999999881336,3.5830000000000837,3.5996999999879336,3.616199999988112,3.6330000000002656,3.6496999999881155,3.666300000012143,3.6829999999999927,3.69960000002402,3.7170000000000982,3.7331000000240238,3.7496000000237473,3.7671000000241293,3.7829999999999018,3.800100000024031,3.816300000011779,3.833100000023933,3.849600000024111,3.86640000003581,3.884800000012092,3.90010000002394,3.916300000012143,3.9329999999999927,3.9494000000358938,3.96630000001187,3.9830000000001746,3.999499999999898,4.016400000035901,4.0329000000356245,4.049600000023929,4.0666000000237545,4.082699999988108,4.099500000000262,4.116300000011961,4.133000000000266,4.1496999999881155,4.166999999999916,4.183100000023842,4.199699999988297,4.2175000000002,4.233999999999924,4.250100000023849,4.2661000000239255,4.282699999988381,4.299699999988206,4.316300000011779,4.333000000000084,4.3496999999879336,4.366300000011961,4.383000000000266,4.399600000023838,4.416300000012143,4.432999999999993,4.450300000011794,4.466400000035719,4.482900000035897,4.499400000035621]",0.016649259,0.000504259,271.0,right,1.0,,,,,,2.0,0.0,12.0,0.5,-4.838102213,1.0,0.112693256,-0.223483115,88.0,0.001745329,0.416906428,0.03407937,0.068935353,0.194962658,5.0,1.639425549,0.136827861,46.0,-8.92894e-14,0.385892478,0.022689461,0.062794509,0.135276835,6.0,0.103300722,-0.20513481,75.0,-0.006981317,0.404601252,0.036318328,0.07284169,0.209916045,6.0,0.300911034,-0.566145353,29.0,-0.000872665,0.374372435,0.035828607,0.080766738,0.158410304,4.0,0.449732962,-0.782994811,75.0,-0.006981317,0.404601252,0.036318328,0.07284169,0.209916045,6.0,0.473505617,-0.811673359,97.0,0.006981317,0.43254107,0.031598025,0.077611504,0.241207486,6.0,1.06484708,-0.847840052,77.0,0.006108652,0.406238369,0.034151794,0.067462161,0.265706452,7.0,1.392883712,-0.34836402,11.0,-0.013089969,0.357861323,0.044486954,0.075207378,0.243622836,5.0,1.398964462,-0.336938845,2.0,0.008726646,0.338473989,0.032964075,0.086271212,0.185208292,4.0,1.332488477,-0.45877468,99.0,-0.003490659,0.442500629,0.032492338,0.059723416,0.160754516,4.0,2.870305669,0.516342002,62.0,-0.006981317,0.395568746,0.03641844,0.082091507,0.288170754,7.0,0.571549228,-0.909923031,32.0,0.007853982,0.376580194,0.027808234,0.064839678,0.152904525,6.0,,,,,,,0.4,,0.0,4.0,4.0,4.0,1.0,,,,,,,,,,,,,,,,,,,,,,,,,,,,0
S070,2,2024-11-21_13h14.36.924,MotivatedInference,2024.1.5,Win32,60.24096386,668be8e87e83611e680fb3ab,{{%SESSION_ID%},Chrome,,,,,,,,,,,,,,,,,,,,,,,,,,,,,,-1.0,,,,,,,,1.0,,,,,,,,,conditions/conds_180.csv,2.0,1.0,,,,,,,,,2504.4377,2506.1542,"[0.0016000000236999767,0.01640000003590103,0.032999999999901775,0.0496999999882064,0.06869999998798448,0.08310000002393281,0.09969999998793355,0.11690000003591194,0.13299999999981083,0.14949999999998909,0.1663000000116881,0.1829000000357155,0.19960000002402012,0.21640000003571913,0.23300000000017462,0.24949999999989814,0.2671000000236745,0.28380000001197914,0.29960000002392917,0.31630000001177905,0.3338000000117063,0.3505000000000109,0.3664000000358101,0.38340000003563546,0.3996000000238382,0.4163000000116881,0.4329999999999927,0.45040000003564273,0.4670000000000982,0.4834000000355445,0.49960000002374727,0.516400000035901,0.5329999999999018,0.5508000000118045,0.5664000000356282,0.5830000000000837,0.6004000000357337,0.6169000000359119,0.6329999999998108,0.6504000000359156,0.6676999999881446,0.6826999999880172,0.6996999999878426,0.71630000001187,0.7330000000001746,0.7504000000358246,0.7666999999878499,0.7829999999999018,0.7996000000239292,0.816300000011779,0.8329000000358064,0.8503000000118845,0.866300000011961,0.8838000000118882,0.8996999999881155,0.9163000000116881,0.9340000000001965,0.9515000000001237,0.96630000001187,0.9830000000001746,0.9996000000237473,1.016300000012052,1.0329000000356245,1.0496999999882064,1.066300000011779,1.0830000000000837,1.0996000000236563,1.1174999999998363,1.1329000000355336,1.1494000000357119,1.1669999999999163,1.183699999988221,1.2004000000356427,1.2170000000000982,1.2338000000117972,1.250600000023951,1.2665000000001783,1.2826999999879263,1.2996999999882064,1.3161000000236527,1.3329000000358064,1.3496000000236563,1.366300000011961,1.38310000002366,1.3996000000238382,1.416300000011688,1.4329999999999927,1.4496000000240201,1.46630000001187,1.4829000000358974,1.4996000000237473,1.5161000000239255,1.53369999998813,1.5503000000117027,1.56619999998793,1.5826999999881082,1.6009000000358355,1.6165000000000873,1.6329000000355336,1.649499999999989,1.6664000000355372,1.6829000000357155,1.6996000000240201,1.71630000001187]",0.016647573,0.000658454,104.0,right,0.0,,,,,,1.0,0.0,4.0,0.5,-0.328511098,1.0,2.806832393,0.62061009,65.0,0.000872665,0.397557211,0.028332609,0.059251996,0.151978572,5.0,0.434368976,-0.763514527,24.0,-0.000872665,0.370951047,0.044446314,0.068882508,0.271498611,5.0,2.829407328,0.584586778,11.0,-0.013089969,0.357861323,0.044486954,0.075207378,0.243622836,5.0,0.439572191,-0.770193439,57.0,0.007853982,0.392441245,0.040602447,0.07130778,0.218867016,4.0,0.0,0.0,0.0,0.0,0.0,0.0,0.0,0.0,0.0,0.0,0.0,0.0,0.0,0.0,0.0,0.0,0.0,0.0,0.0,0.0,0.0,0.0,0.0,0.0,0.0,0.0,0.0,0.0,0.0,0.0,0.0,0.0,0.0,0.0,0.0,0.0,0.0,0.0,0.0,0.0,0.0,0.0,0.0,0.0,0.0,0.0,0.0,0.0,0.0,0.0,0.0,0.0,0.0,0.0,0.0,0.0,0.0,0.0,0.0,0.0,0.0,0.0,0.0,0.0,0.0,0.0,0.0,0.0,0.0,0.0,0.0,0.0,,,,,,,0.5347,,0.0,5.0,5.0,5.0,1.0,,,,,,,,,,,,,,,,,,,,,,,,,,,,0
S070,2,2024-11-21_13h14.36.924,MotivatedInference,2024.1.5,Win32,60.24096386,668be8e87e83611e680fb3ab,{{%SESSION_ID%},Chrome,,,,,,,,,,,,,,,,,,,,,,,,,,,,,,1.0,,,,,,,,5.0,,,,,,,,,conditions/conds_180.csv,2.0,1.0,,,,,,,,,2508.8043,2511.904,"[0.0029999999997016857,0.016199999987748015,0.032999999999901775,0.04959999996390252,0.06630000001177905,0.08359999996400802,0.09959999996408442,0.1165999999639098,0.1338000000118882,0.14989999997624182,0.16639999997596533,0.1836999999877662,0.1999999999998181,0.21639999997614723,0.23299999999971988,0.24959999996417537,0.266199999987748,0.28369999998813,0.29969999998775165,0.3163999999760563,0.3330000000000837,0.3494999999998072,0.36739999997598716,0.38369999998803905,0.40080000001171356,0.4165999999640917,0.4328999999761436,0.44959999996399347,0.46630000001187,0.48289999997587074,0.49959999996417537,0.5163000000115971,0.5328999999760526,0.5495999999639025,0.566300000011779,0.5838000000117063,0.5994999999998072,0.6169999999997344,0.6340999999642918,0.6503999999758889,0.6666999999879408,0.6833999999762455,0.6996999999878426,0.7161999999880209,0.7329999999997199,0.7495999999641754,0.7669999999998254,0.78369999998813,0.7999999999997272,0.816300000011779,0.8328999999762345,0.8495999999640844,0.866300000011961,0.8840000000000146,0.8995999999642663,0.9163000000116881,0.9329999999999927,0.9496999999878426,0.96630000001187,0.9828999999758707,0.9994999999998981,1.0163999999758744,1.0328999999760526,1.0499999999997272,1.066300000011779,1.0828999999762345,1.0995999999640844,1.116300000011961,1.1329999999998108,1.1496999999881155,1.1665999999640917,1.1828999999761436,1.1994999999997162,1.21630000001187,1.2328999999758707,1.2503999999762527,1.266199999987748,1.2840000000001055,1.299899999975878,1.316300000011779,1.3331999999877553,1.3496999999879336,1.3661999999881118,1.3828999999759617,1.3995999999642663,1.416199999987839,1.4328999999761436,1.4503000000117936,1.4663999999761472,1.4829999999997199,1.4995999999641754,1.5163000000115971,1.5328999999760526,1.5496999999877517,1.566300000011779,1.5830000000000837,1.5996999999879336,1.6165000000000873,1.6329999999998108,1.64939999997614,1.666300000011688,1.6828999999761436,1.6995999999639935,1.71630000001187,1.7328000000115935,1.7495999999641754,1.766199999987748,1.7835000000000036,1.79950000000008,1.8163999999760563,1.8330000000000837,1.8495999999640844,1.8661999999881118,1.8829999999998108,1.899499999999989,1.916300000011688,1.9328999999761436,1.9496999999878426,1.9670000000000982,1.9833999999759726,1.9995999999641754,2.016199999987748,2.033599999964281,2.0495999999639025,2.0670000000000073,2.0828999999762345,2.0995999999640844,2.116399999976238,2.1328999999759617,2.1495999999642663,2.166300000011688,2.1828999999761436,2.1994999999997162,2.21719999998777,2.2338000000117972,2.2496999999880245,2.266199999987748,2.2829999999999018,2.299999999999727,2.316300000011779,2.3328999999762345,2.3495999999640844,2.3660999999642627,2.382999999999811,2.399499999999989,2.416199999987839,2.4328999999761436,2.4495999999639935,2.46719999998777,2.4828999999758707,2.4995999999641754,2.516300000011597,2.5328999999760526,2.549399999976231,2.56619999998793,2.583699999987857,2.6000999999641863,2.616399999976238,2.6328999999759617,2.6495999999642663,2.666199999987839,2.6828999999761436,2.6995999999639935,2.71630000001187,2.7325000000000728,2.7495999999641754,2.7668999999759762,2.7828999999760526,2.7995999999639025,2.816300000011779,2.8328999999762345,2.8496999999879336,2.866199999988112,2.88359999996419,2.900399999975889,2.916300000011688,2.9328999999761436,2.9495999999639935,2.966199999988021,2.9828999999758707,2.999499999999898,3.0163999999758744,3.0328999999760526,3.0495999999639025,3.06619999998793,3.082699999988108,3.099499999999807]",0.016647849,0.000467688,187.0,left,0.0,,,,,,1.0,0.0,8.0,0.5,2.394043424,-1.0,1.977365228,0.726447115,7.0,-0.003490659,0.352071506,0.033456274,0.080650645,0.190019159,6.0,1.771823251,0.39130924,25.0,0.001745329,0.371739039,0.031180836,0.079221418,0.176784845,4.0,0.473484983,-0.811649254,13.0,0.012217305,0.36034398,0.040523863,0.087309629,0.214125832,4.0,2.451778777,0.981782869,11.0,-0.013089969,0.357861323,0.044486954,0.075207378,0.243622836,5.0,2.053154717,0.821887613,79.0,-0.004363323,0.40793127,0.02386995,0.059748747,0.165450333,7.0,2.791336253,0.644609815,16.0,0.017453293,0.363466057,0.031192723,0.069909496,0.180964939,5.0,0.837050175,-0.994668883,92.0,-0.000872665,0.422008311,0.023140698,0.057298337,0.164165775,6.0,2.798025182,0.634324909,79.0,-0.004363323,0.40793127,0.02386995,0.059748747,0.165450333,7.0,0.0,0.0,0.0,0.0,0.0,0.0,0.0,0.0,0.0,0.0,0.0,0.0,0.0,0.0,0.0,0.0,0.0,0.0,0.0,0.0,0.0,0.0,0.0,0.0,0.0,0.0,0.0,0.0,0.0,0.0,0.0,0.0,0.0,0.0,0.0,0.0,,,,,,,0.6333,,0.0,6.0,6.0,6.0,1.0,,,,,,,,,,,,,,,,,,,,,,,,,,,,0
S070,2,2024-11-21_13h14.36.924,MotivatedInference,2024.1.5,Win32,60.24096386,668be8e87e83611e680fb3ab,{{%SESSION_ID%},Chrome,,,,,,,,,,,,,,,,,,,,,,,,,,,,,,1.0,,,,,,,,2.0,,,,,,,,,conditions/conds_180.csv,2.0,1.0,,,,,,,,,2513.5375,2515.2706,"[0.0018000000118263415,0.016399999976329127,0.032999999999901775,0.0496999999882064,0.06710000002385641,0.08300000000008367,0.09989999997605992,0.11630000001196095,0.13300000000026557,0.14960000002383822,0.16639999997642008,0.18280000001186636,0.19960000002402012,0.21630000001187,0.23300000000017462,0.2496999999880245,0.26710000002412926,0.2833999999761545,0.29960000002392917,0.3163999999760563,0.3330000000000837,0.3503999999761618,0.36719999998831554,0.3830000000002656,0.40030000001206645,0.4163999999764201,0.4329999999999927,0.44969999998829735,0.4666999999881227,0.48310000002402376,0.49960000002374727,0.5165000000001783,0.5329999999999018,0.5496999999882064,0.5663999999760563,0.5831000000239328,0.6001999999880354,0.6161999999881118,0.6328999999764164,0.6501999999882173,0.6668000000122447,0.6831000000238419,0.6996999999882973,0.7163999999761472,0.7328999999763255,0.7510000000002037,0.7671000000241293,0.78369999998813,0.7996999999882064,0.8163999999760563,0.8330000000000837,0.8496000000241111,0.866300000011961,0.8830000000002656,0.8996999999881155,0.9168999999760672,0.9331000000238419,0.9496999999882973,0.9661999999880209,0.9830000000001746,0.9994999999998981,1.016300000012052,1.0328999999765074,1.04950000000008,1.0661999999883847,1.0830000000000837,1.099600000024111,1.116300000011961,1.1328999999764164,1.1496999999881155,1.16639999997642,1.1828000000118664,1.1996999999882973,1.2161999999880209,1.2330000000001746,1.2496999999880245,1.2663999999763291,1.283100000023751,1.3003999999764346,1.3163000000122338,1.3330000000000837,1.349600000024111,1.366300000011961,1.3830000000002656,1.3996000000238382,1.4163000000121428,1.433699999988221,1.4501999999883992,1.466899999976249,1.4830000000001746,1.4998999999761509,1.516899999976431,1.533100000023751,1.54950000000008,1.5663000000122338,1.5830000000000837,1.5996999999883883,1.616300000011961,1.6328999999764164,1.6498000000119646,1.6663000000121428,1.6829999999999927,1.6996000000240201,1.71630000001187,1.7330000000001746]",0.016646154,0.000394414,105.0,right,1.0,,,,,,1.0,0.0,4.0,0.5,1.393676884,-1.0,2.990531075,0.297547869,75.0,-0.006981317,0.404601252,0.036318328,0.07284169,0.209916045,6.0,2.188776799,0.944464418,65.0,0.000872665,0.397557211,0.028332609,0.059251996,0.151978572,5.0,2.795505849,0.638212065,30.0,-0.009599311,0.375182725,0.031494597,0.070464671,0.19533995,5.0,1.316729549,-0.486547468,31.0,0.004363323,0.375872077,0.0344646,0.07529372,0.228193104,6.0,0.0,0.0,0.0,0.0,0.0,0.0,0.0,0.0,0.0,0.0,0.0,0.0,0.0,0.0,0.0,0.0,0.0,0.0,0.0,0.0,0.0,0.0,0.0,0.0,0.0,0.0,0.0,0.0,0.0,0.0,0.0,0.0,0.0,0.0,0.0,0.0,0.0,0.0,0.0,0.0,0.0,0.0,0.0,0.0,0.0,0.0,0.0,0.0,0.0,0.0,0.0,0.0,0.0,0.0,0.0,0.0,0.0,0.0,0.0,0.0,0.0,0.0,0.0,0.0,0.0,0.0,0.0,0.0,0.0,0.0,0.0,0.0,,,,,,,0.4674,,0.0,7.0,7.0,7.0,1.0,,,,,,,,,,,,,,,,,,,,,,,,,,,,0
S070,2,2024-11-21_13h14.36.924,MotivatedInference,2024.1.5,Win32,60.24096386,668be8e87e83611e680fb3ab,{{%SESSION_ID%},Chrome,,,,,,,,,,,,,,,,,,,,,,,,,,,,,,1.0,,,,,,,,8.0,,,,,,,,,conditions/conds_180.csv,2.0,1.0,,,,,,,,,2516.7567,2519.8874,"[0.002199999988079071,0.01680000001215376,0.030400000035569974,0.05060000002367815,0.06460000002380184,0.08350000000018554,0.0971000000240565,0.11880000001201552,0.13130000001183362,0.14710000002378365,0.16419999998788626,0.18330000001196822,0.19719999998824278,0.2136999999879663,0.2300000000000182,0.2480000000000473,0.2693000000117536,0.28119999998807543,0.29730000001200096,0.31790000003593377,0.33090000003585374,0.3504000000357337,0.3688000000120155,0.3850000000002183,0.4005000000001928,0.4138000000120883,0.4333000000119682,0.44710000002396555,0.4641000000237909,0.48500000000012733,0.49719999998796993,0.5166000000240274,0.53530000001183,0.5480000000002292,0.5638000000117245,0.5853000000120119,0.6015000000002146,0.6145000000001346,0.6304000000359338,0.647900000035861,0.6673000000118918,0.68100000000004,0.7020000000002256,0.7174000000359229,0.7301000000238673,0.746800000012172,0.7643000000120992,0.7834000000357264,0.7971000000238746,0.8136999999883301,0.8341000000236818,0.8511999999882391,0.8645000000001346,0.8844000000358392,0.9020000000000437,0.9138000000120883,0.9304000000356609,0.9479000000355882,0.9671999999882246,0.9836999999879481,0.9979000000357701,1.0171999999879517,1.0311999999880754,1.0496000000239292,1.0670000000000073,1.080500000000029,1.1011999999882391,1.1145000000001346,1.134800000012092,1.1474000000357591,1.1671000000237655,1.1808000000119137,1.201100000023871,1.2146000000238928,1.2306999999882464,1.25,1.2638000000119973,1.2804999999998472,1.2980000000002292,1.3179000000359338,1.33480000001191,1.3471000000240565,1.3671999999883155,1.3820000000000618,1.4001999999882173,1.4166999999879408,1.4304999999999382,1.4519000000359483,1.4636999999879663,1.4818000000118445,1.4971000000236927,1.5138000000119973,1.5351000000237036,1.5506000000236781,1.5639000000355736,1.5804000000357519,1.6016000000240638,1.61480000001211,1.6304000000359338,1.6508000000121683,1.6636999999882391,1.6831000000238419,1.6970000000001164,1.7138000000118154,1.7304000000358428,1.747800000011921,1.7673000000118009,1.7824000000359774,1.7971999999881518,1.8184999999998581,1.8308000000120046,1.8519999999998618,1.8644000000358574,1.8809999999998581,1.900600000024042,1.9136999999882391,1.930400000035661,1.9499000000359956,1.9638000000118154,1.9834000000359993,1.997800000011921,2.0176000000237764,2.031100000023798,2.049400000035803,2.0644999999999527,2.084900000035759,2.102800000011939,2.1146000000239837,2.1333000000117863,2.148800000011761,2.168999999999869,2.180499999999938,2.199999999999818,2.2136999999879663,2.23050000000012,2.250100000023849,2.2638000000119973,2.28040000003557,2.2971000000238746,2.3138000000117245,2.333100000023933,2.3494000000359847,2.3638000000119064,2.3845000000001164,2.397900000035861,2.413699999988239,2.4329000000357155,2.4509000000357446,2.463999999999942,2.4806999999882464,2.5019999999999527,2.51580000001195,2.53440000003593,2.547199999988152,2.5634000000359265,2.5851999999881627,2.5981000000238055,2.6138000000119064,2.6304000000359338,2.6499000000358137,2.663699999988239,2.6829999999999927,2.6970000000001164,2.7136999999879663,2.7330000000001746,2.7471000000236927,2.7638000000119973,2.780499999999847,2.8025000000002365,2.814800000011928,2.83319999998821,2.847199999987879,2.8636999999880572,2.8801999999882355,2.8969999999999345,2.913699999988239,2.930400000035661,2.9470000000001164,2.9636999999879663,2.980400000035843,2.9969999999998436,3.014300000012099,3.03040000003557,3.0520000000001346,3.0644999999999527,3.0835000000001855,3.096699999988232,3.1136999999880572,3.1303000000120846]",0.01663883,0.002753804,189.0,right,1.0,,,,,,2.0,0.0,8.0,0.5,-0.343909057,1.0,2.809611958,0.616241501,41.0,0.013089969,0.382506884,0.032100804,0.075836611,0.218324429,6.0,0.541067276,-0.882961872,38.0,-0.004363323,0.380540373,0.035789754,0.080850361,0.267900983,7.0,2.625746414,0.858169081,69.0,-0.001745329,0.400311091,0.03773135,0.078132351,0.241087639,6.0,2.894016176,0.475166241,26.0,-8.92894e-14,0.37233788,0.03804093,0.07765862,0.260457405,6.0,0.356685013,-0.654385763,78.0,0.004363323,0.407032945,0.030231373,0.057417546,0.211999481,6.0,0.602699866,-0.933982123,93.0,0.012217305,0.423353751,0.033559225,0.078739299,0.188587653,4.0,2.129342913,0.898830188,22.0,-0.006108652,0.369173441,0.034771665,0.081264392,0.215269419,6.0,0.402612308,-0.720986309,80.0,0.000872665,0.408817555,0.034279956,0.069360427,0.160822937,4.0,0.0,0.0,0.0,0.0,0.0,0.0,0.0,0.0,0.0,0.0,0.0,0.0,0.0,0.0,0.0,0.0,0.0,0.0,0.0,0.0,0.0,0.0,0.0,0.0,0.0,0.0,0.0,0.0,0.0,0.0,0.0,0.0,0.0,0.0,0.0,0.0,,,,,,,0.6172,,0.0,8.0,8.0,8.0,1.0,,,,,,,,,,,,,,,,,,,,,,,,,,,,0
S070,2,2024-11-21_13h14.36.924,MotivatedInference,2024.1.5,Win32,60.24096386,668be8e87e83611e680fb3ab,{{%SESSION_ID%},Chrome,,,,,,,,,,,,,,,,,,,,,,,,,,,,,,1.0,,,,,,,,12.0,,,,,,,,,conditions/conds_180.csv,2.0,1.0,,,,,,,,,2521.5078,2525.9548,"[0.0033999999759544153,0.0156999999881009,0.029300000011517113,0.04599999999982174,0.06319999998777348,0.08439999997608538,0.09659999996392798,0.11530000001175722,0.12939999997615814,0.14589999997588166,0.16259999996418628,0.1793999999758853,0.2005999999641972,0.21269999998776257,0.22930000001178996,0.2458999999757907,0.26259999996409533,0.279199999987668,0.29669999998804997,0.31769999998778076,0.3298999999760781,0.34880000001157896,0.3655999999641608,0.3791999999880318,0.39589999997588166,0.4123999999760599,0.431999999999789,0.4458000000117863,0.4653999999759435,0.47930000001178996,0.4956999999881191,0.5126999999879445,0.529199999987668,0.5458999999759726,0.5678000000116299,0.583599999964008,0.5968999999759035,0.6151999999879081,0.6293000000118809,0.6458000000116044,0.6628000000118845,0.68309999996427,0.6995999999639935,0.7124999999996362,0.7320999999642481,0.7458999999757907,0.7625999999640953,0.779199999987668,0.7958999999759726,0.8125999999642772,0.829300000011699,0.8495999999640844,0.8653000000117572,0.8793000000118809,0.8958000000116044,0.9126999999880354,0.9291999999877589,0.9458999999760636,0.9625999999639134,0.9800999999638407,0.9991999999879226,1.0136999999876934,1.0290999999642736,1.0488000000118518,1.0625999999642772,1.0828000000119573,1.0969999999997526,1.115800000011859,1.129800000011528,1.148899999976038,1.1625999999641863,1.179199999987759,1.1958999999760636,1.2133999999759908,1.2331999999878462,1.2458999999757907,1.2625999999640953,1.279199999987668,1.296800000011899,1.317300000011528,1.3301999999880536,1.34989999997606,1.3633999999760817,1.3843000000115353,1.3963000000117063,1.415599999963888,1.4323000000117645,1.4456999999879372,1.4653000000116663,1.4811999999878935,1.4985999999639716,1.512499999999818,1.529199999987668,1.5480999999640517,1.5626999999876716,1.5818999999760308,1.5968000000116263,1.615800000011859,1.6291999999880318,1.6463999999759835,1.662499999999909,1.679199999987759,1.69609999996419,1.7160999999641717,1.7320999999642481,1.74880000001167,1.762499999999818,1.7793000000115171,1.7958999999759726,1.8125999999642772,1.8300999999642045,1.8489999999997053,1.8633999999760817,1.88359999996419,1.8968000000118082,1.915599999963888,1.929300000011608,1.9458999999760636,1.9624999999996362,1.9800000000000182,1.9958999999757907,2.0165999999640007,2.0299999999997453,2.0518000000115535,2.066099999964081,2.08199999999988,2.0960000000000036,2.117399999975987,2.1295999999638298,2.150499999999738,2.162899999976162,2.18349999999964,2.1959999999999127,2.21349999999984,2.2295999999641936,2.2458999999757907,2.265199999987999,2.279199999987668,2.2958999999759726,2.3133000000116226,2.3299999999999272,2.349499999999807,2.362999999999829,2.38239999997586,2.3984999999997854,2.415599999963888,2.429300000011608,2.451599999963946,2.4633000000117136,2.4826999999877444,2.49599999999964,2.512499999999818,2.529199999987668,2.5464999999999236,2.5659999999998035,2.5828000000119573,2.5960000000000036,2.615300000011757,2.6291999999880318,2.6458999999758817,2.662499999999909,2.679300000011608,2.6958999999760636,2.713399999975991,2.73299999999972,2.749399999976049,2.7625999999640953,2.7790999999642736,2.799999999999727,2.8164999999999054,2.829300000011699,2.8458000000118773,2.8669999999997344,2.8795000000000073,2.9000999999639134,2.912899999976162,2.92909999996391,2.9459999999999127,2.962499999999636,2.979199999987941,2.9958000000115135,3.0125999999640953,3.0315999999638734,3.0458999999759726,3.0625999999642772,3.0799999999999272,3.098899999975856,3.113499999999931,3.1333999999760636,3.1505999999640153,3.163000000000011,3.18349999999964,3.19609999996419,3.2133000000117136,3.2338000000117972,3.2463000000116153,3.26669999998785,3.2793999999757943,3.29669999998805,3.3170000000000073,3.329300000011699,3.3500999999641863,3.3628000000117027,3.3823000000115826,3.396699999987959,3.415300000011939,3.4301999999879627,3.4501999999879445,3.4628000000116117,3.4834999999998217,3.496599999964019,3.51669999998785,3.532599999964077,3.5458999999759726,3.5633000000116226,3.5838000000117063,3.5960000000000036,3.612499999999727,3.633699999988039,3.6503000000116117,3.663000000000011,3.6826999999880172,3.6965000000000146,3.7126999999877626,3.733599999964099,3.746199999987766,3.762499999999818,3.7801999999878717,3.8000999999640044,3.812899999975798,3.83039999997618,3.8506999999876825,3.8626999999878535,3.8791999999880318,3.8958999999758817,3.913399999975809,3.9299999999998363,3.949899999975969,3.9631999999878644,3.9828999999758707,3.996199999987766,4.012599999964095,4.033599999963826,4.046199999987948,4.066699999988032,4.079599999964103,4.101399999975911,4.1126999999878535,4.1333999999760636,4.145999999999731,4.166399999975965,4.1800999999641135,4.199199999987741,4.213300000011714,4.232300000011946,4.246699999987868,4.266099999963899,4.280099999964023,4.299999999999727,4.312800000011521,4.333800000011706,4.346300000011524,4.36730000001171,4.379699999987679,4.395800000011604,4.413300000011532,4.429499999999734,4.446800000011535]",0.016641948,0.002713864,268.0,right,1.0,,,,,,2.0,0.0,12.0,0.5,-4.838102213,1.0,0.112693256,-0.223483115,88.0,0.001745329,0.416906428,0.03407937,0.068935353,0.194962658,5.0,1.639425549,0.136827861,46.0,-8.92894e-14,0.385892478,0.022689461,0.062794509,0.135276835,6.0,0.103300722,-0.20513481,75.0,-0.006981317,0.404601252,0.036318328,0.07284169,0.209916045,6.0,0.300911034,-0.566145353,29.0,-0.000872665,0.374372435,0.035828607,0.080766738,0.158410304,4.0,0.449732962,-0.782994811,75.0,-0.006981317,0.404601252,0.036318328,0.07284169,0.209916045,6.0,0.473505617,-0.811673359,97.0,0.006981317,0.43254107,0.031598025,0.077611504,0.241207486,6.0,1.06484708,-0.847840052,77.0,0.006108652,0.406238369,0.034151794,0.067462161,0.265706452,7.0,1.392883712,-0.34836402,11.0,-0.013089969,0.357861323,0.044486954,0.075207378,0.243622836,5.0,1.398964462,-0.336938845,2.0,0.008726646,0.338473989,0.032964075,0.086271212,0.185208292,4.0,1.332488477,-0.45877468,99.0,-0.003490659,0.442500629,0.032492338,0.059723416,0.160754516,4.0,2.870305669,0.516342002,62.0,-0.006981317,0.395568746,0.03641844,0.082091507,0.288170754,7.0,0.571549228,-0.909923031,32.0,0.007853982,0.376580194,0.027808234,0.064839678,0.152904525,6.0,,,,,,,0.5015,,0.0,9.0,9.0,9.0,1.0,,,,,,,,,,,,,,,,,,,,,,,,,,,,0
S070,2,2024-11-21_13h14.36.924,MotivatedInference,2024.1.5,Win32,60.24096386,668be8e87e83611e680fb3ab,{{%SESSION_ID%},Chrome,,,,,,,,,,,,,,,,,,,,,,,,,,,,,,1.0,,,,,,,,6.0,,,,,,,,,conditions/conds_180.csv,2.0,1.0,,,,,,,,,2527.4541,2530.5404,"[0.002899999975852552,0.019399999976030813,0.03289999997605264,0.05039999997597988,0.07029999995211256,0.08319999998775529,0.10339999997586347,0.11629999995238904,0.13369999998803905,0.15399999999999636,0.1671999999880427,0.1865999999640735,0.20359999996389888,0.21699999999964348,0.2327999999520216,0.24949999999989814,0.27119999998785715,0.2858999999762091,0.30029999995213075,0.31969999998773346,0.3328999999757798,0.3495999999640844,0.37059999996426995,0.3831999999879372,0.3994999999999891,0.41669999998794083,0.4371999999880245,0.4499999999998181,0.47069999998802814,0.48289999997587074,0.49949999999989814,0.5170999999641026,0.5372999999522108,0.5511999999880572,0.5684999999998581,0.5836999999878572,0.6043999999760672,0.6165999999639098,0.6352999999521671,0.6498999999757871,0.6695999999642481,0.6832999999519416,0.7040999999640007,0.7164999999999964,0.7361999999880027,0.75,0.7670999999641026,0.7861999999877298,0.7993999999762309,0.8187999999522617,0.8334999999997308,0.8541999999879408,0.86850000000004,0.886799999952018,0.8998999999757871,0.9160999999639898,0.9358999999758453,0.9531999999881009,0.9669999999996435,0.9874999999997272,0.9996999999880245,1.0203999999757798,1.035899999976209,1.0521999999878062,1.0690999999642372,1.0826999999881082,1.1013999999759108,1.1183999999761909,1.1340000000000146,1.149499999999989,1.1665999999640917,1.1855000000000473,1.1997999999521198,1.2210999999642809,1.2371999999877517,1.2498999999761509,1.2703999999757798,1.283099999964179,1.2994999999996253,1.320599999964088,1.3336999999878572,1.3495999999640844,1.3703999999761436,1.386899999975867,1.4029999999997926,1.4159999999997126,1.4357999999519961,1.4501999999879445,1.4695999999639753,1.4832999999521235,1.5038999999760563,1.5164999999997235,1.5370999999640844,1.5500999999640044,1.5706999999879372,1.5865999999641645,1.5994999999998072,1.6190999999639644,1.6327999999521126,1.6495999999642663,1.666199999987839,1.6834999999996398,1.7033999999762273,1.7168999999757943,1.7331999999878462,1.7494999999998981,1.7701999999881082,1.783099999964179,1.804199999987759,1.8164999999999054,1.833599999964008,1.8544999999999163,1.8703999999761436,1.883099999964088,1.8995999999642663,1.916199999987839,1.9338999999758926,1.9502999999522217,1.9704999999999018,1.9847999999519743,2.0034999999998035,2.0169999999998254,2.03739999997606,2.0533999999761363,2.0693999999762127,2.0827999999523854,2.1039999999998145,2.116699999987759,2.1333999999760636,2.149499999999989,2.166199999987839,2.1826999999880172,2.2037999999520252,2.2168999999757943,2.2370999999639025,2.2534999999998035,2.2668999999759762,2.2871999999879336,2.3001999999878535,2.32109999996419,2.3331999999877553,2.3528999999762163,2.3670999999640117,2.3860999999642445,2.399499999999989,2.42049999999972,2.4329999999999927,2.4502999999522217,2.4699999999998,2.4828999999758707,2.499499999999898,2.5169999999998254,2.5335000000000036,2.5502999999521307,2.566899999976158,2.5875999999639134,2.6000999999641863,2.619499999999789,2.632999999999811,2.649499999999989,2.6703999999758707,2.683199999988119,2.7037999999520252,2.7208999999761545,2.733599999964099,2.7538999999760563,2.7668999999759762,2.7828999999760526,2.8038999999757834,2.8171999999881336,2.83569999998781,2.849499999999807,2.8660999999642627,2.886799999952018,2.8990999999641645,2.9203999999758707,2.93349999999964,2.9544999999998254,2.9659999999998945,2.9826999999877444,2.999499999999898,3.021199999987857,3.0335000000000036,3.0533999999761363,3.0666999999880318,3.0861999999879117]",0.016666486,0.002981449,186.0,right,1.0,,,,,,1.0,0.0,8.0,0.5,1.60264155,-1.0,0.65837785,-0.967904848,51.0,-0.000872665,0.388957543,0.039197552,0.074659583,0.215725836,5.0,3.086688756,0.109587256,63.0,0.002617994,0.396190386,0.03208284,0.060740902,0.237954322,6.0,2.501304773,0.958180781,89.0,0.014835299,0.418022232,0.039220845,0.067729576,0.134251055,3.0,1.862045052,0.55011125,74.0,-0.002617994,0.403888444,0.032857311,0.06846285,0.186846183,6.0,1.485611347,-0.169546965,41.0,0.013089969,0.382506884,0.032100804,0.075836611,0.218324429,6.0,2.173144906,0.933730849,30.0,-0.009599311,0.375182725,0.031494597,0.070464671,0.19533995,5.0,2.84530858,0.558493164,79.0,-0.004363323,0.40793127,0.02386995,0.059748747,0.165450333,7.0,1.381286468,-0.370009937,93.0,0.012217305,0.423353751,0.033559225,0.078739299,0.188587653,4.0,0.0,0.0,0.0,0.0,0.0,0.0,0.0,0.0,0.0,0.0,0.0,0.0,0.0,0.0,0.0,0.0,0.0,0.0,0.0,0.0,0.0,0.0,0.0,0.0,0.0,0.0,0.0,0.0,0.0,0.0,0.0,0.0,0.0,0.0,0.0,0.0,,,,,,,0.5826,,0.0,10.0,10.0,10.0,1.0,,,,,,,,,,,,,,,,,,,,,,,,,,,,0
S070,2,2024-11-21_13h14.36.924,MotivatedInference,2024.1.5,Win32,60.24096386,668be8e87e83611e680fb3ab,{{%SESSION_ID%},Chrome,,,,,,,,,,,,,,,,,,,,,,,,,,,,,,1.0,,,,,,,,3.0,,,,,,,,,conditions/conds_180.csv,2.0,1.0,,,,,,,,,2532.1409,2533.8536,"[0.0017000000475491106,0.016800000011699012,0.02930000001197186,0.04590000003554451,0.06640000003562818,0.07949999999982538,0.09860000002390734,0.11549999999988358,0.12940000003573005,0.14600000000018554,0.16270000004760732,0.1799999999998363,0.20040000003564273,0.2134000000355627,0.2334000000355445,0.24690000003556634,0.26230000001169174,0.28210000002400193,0.29599999999982174,0.31500000000005457,0.3292000000474218,0.3494999999998072,0.3661000000238346,0.3795000000000073,0.40080000001171356,0.4135000000001128,0.4335000000000946,0.4464000000357373,0.46680000001197186,0.48020000004771646,0.4968000000117172,0.516400000035901,0.5297000000477965,0.5459999999998217,0.5625,0.5833000000120592,0.5994999999998072,0.6125000000001819,0.62940000003573,0.6509000000355627,0.6635000000001128,0.6829000000357155,0.6999999999998181,0.7127000000477892,0.73370000004752,0.7463000000120701,0.7674999999999272,0.779400000035821,0.7989999999999782,0.8127000000476983,0.8292000000474218,0.8461000000238528,0.862600000024031,0.882100000023911,0.8959000000359083,0.9126000000237582,0.9289000000358101,0.9459999999999127,0.9627000000477892,0.9822000000476692,0.9959000000358174,1.0126000000236672,1.029400000035821,1.0496000000239292,1.0654000000358792,1.0790000000001783,1.0985000000000582,1.112600000024031,1.1292000000476037,1.1468000000118082,1.1635000000001128,1.1836000000239437,1.1967000000477128,1.215700000047491,1.2329000000358974,1.2487000000478474,1.2627000000475164,1.2836000000238528,1.2964999999999236,1.3159000000355263,1.329300000011699,1.349999999999909,1.3656000000237327,1.38310000002366,1.396200000047429,1.4128000000118845,1.4344000000355663,1.4464000000357373,1.4654000000355154,1.4836000000236709,1.49670000004744,1.5153000000118482,1.5302000000474436,1.5459000000355445,1.563499999999749,1.5796000000236745,1.5987000000477565,1.6127000000474254,1.6301000000239583,1.6504000000359156,1.663600000023962,1.6827000000475891,1.6967000000477128,1.71260000002394]",0.01661068,0.002752084,104.0,left,1.0,,,,,,2.0,0.0,4.0,0.5,-2.140805033,-1.0,0.698924731,-0.985081931,63.0,0.002617994,0.396190386,0.03208284,0.060740902,0.237954322,6.0,2.065906342,0.836146687,81.0,-0.006981317,0.409724184,0.034267936,0.062711279,0.215248408,5.0,0.735098303,-0.994944114,8.0,-0.008726646,0.353798062,0.040824325,0.088208322,0.256820315,6.0,0.824614876,-0.996925675,41.0,0.013089969,0.382506884,0.032100804,0.075836611,0.218324429,6.0,0.0,0.0,0.0,0.0,0.0,0.0,0.0,0.0,0.0,0.0,0.0,0.0,0.0,0.0,0.0,0.0,0.0,0.0,0.0,0.0,0.0,0.0,0.0,0.0,0.0,0.0,0.0,0.0,0.0,0.0,0.0,0.0,0.0,0.0,0.0,0.0,0.0,0.0,0.0,0.0,0.0,0.0,0.0,0.0,0.0,0.0,0.0,0.0,0.0,0.0,0.0,0.0,0.0,0.0,0.0,0.0,0.0,0.0,0.0,0.0,0.0,0.0,0.0,0.0,0.0,0.0,0.0,0.0,0.0,0.0,0.0,0.0,,,,,,,0.7339,,0.0,11.0,11.0,11.0,1.0,,,,,,,,,,,,,,,,,,,,,,,,,,,,0
S070,2,2024-11-21_13h14.36.924,MotivatedInference,2024.1.5,Win32,60.24096386,668be8e87e83611e680fb3ab,{{%SESSION_ID%},Chrome,,,,,,,,,,,,,,,,,,,,,,,,,,,,,,0.0,,,,,,,,11.0,,,,,,,,,conditions/conds_180.csv,2.0,1.0,,,,,,,,,2536.8577,2541.2917,"[0.0031999999878280505,0.0156999999881009,0.03240000003552268,0.046600000023772736,0.06649999999990541,0.07960000002367451,0.09569999998802814,0.11340000003565365,0.13440000003583918,0.14649999999983265,0.16240000003563182,0.1794000000354572,0.19869999998809362,0.2131000000235872,0.23250000000007276,0.2456999999881191,0.26640000003590103,0.2795000000000982,0.3008000000118045,0.31290000003582463,0.33340000003545356,0.35030000001188455,0.36280000001170265,0.38280000001168446,0.39580000001205917,0.4131999999881373,0.4298000000117099,0.45019999998794447,0.46319999998786443,0.4819999999999709,0.4964000000354645,0.5164999999997235,0.5296000000239474,0.5501000000235763,0.5626000000238491,0.5830000000000837,0.59619999998813,0.6168000000116081,0.62940000003573,0.6506000000235872,0.662499999999909,0.681999999999789,0.7006000000237691,0.7131000000235872,0.7291999999879408,0.7501000000238491,0.7631999999880463,0.7829000000356245,0.7964999999999236,0.8123000000118736,0.8339000000355554,0.8491999999878317,0.8653000000117572,0.8791000000237545,0.9006999999878644,0.9128000000118845,0.9333000000119682,0.9458000000117863,0.9624000000358137,0.9791000000236636,0.9966999999878681,1.0166999999878499,1.0329000000356245,1.045600000023569,1.0624000000357228,1.0789999999997235,1.0959000000357264,1.1134000000356536,1.1329000000355336,1.1459999999997308,1.163000000000011,1.1824000000356136,1.1958000000117863,1.2168000000119719,1.22930000001179,1.2506999999877735,1.2631999999880463,1.2789999999999964,1.2956999999878462,1.3170000000000073,1.3291999999878499,1.3483000000119318,1.3626999999878535,1.3841000000238637,1.3969000000356573,1.4153000000119391,1.429900000035559,1.4484999999999673,1.4631000000235872,1.4819000000356937,1.4966000000235908,1.5154000000356973,1.529800000011619,1.5458000000116954,1.5624000000357228,1.5833000000120592,1.59619999998813,1.6153000000117572,1.6289999999999054,1.64569999998821,1.66310000002386,1.6831000000238419,1.6964000000357373,1.71630000001187,1.7336000000236709,1.7463000000116153,1.766800000011699,1.779400000035821,1.7984999999998763,1.8124000000357228,1.83199999999988,1.8454999999999018,1.86730000001171,1.879300000011881,1.898300000011659,1.9124000000356318,1.92980000001171,1.9509000000357446,1.9629000000354608,1.9818000000118445,1.9964000000354645,2.0161000000239255,2.029800000011619,2.049600000023929,2.0633000000116226,2.082600000023831,2.09619999998813,2.115800000011859,2.129300000011881,2.15099999999984,2.1626999999880354,2.1823000000117645,2.1958000000117863,2.2159000000356173,2.2296000000237655,2.2486999999878208,2.2628000000117936,2.281999999999698,2.2956999999878462,2.3123000000118736,2.33199999999988,2.345699999988028,2.3631999999879554,2.3826999999878353,2.398300000011659,2.412400000035632,2.4339999999997417,2.4494000000358938,2.4624000000358137,2.481999999999971,2.495600000023842,2.5156000000238237,2.5316000000239,2.5456999999878462,2.561999999999898,2.5818000000117536,2.5965000000001055,2.6154999999998836,2.6289999999999054,2.6464999999998327,2.6628000000118845,2.682100000023638,2.70049999999992,2.715199999987817,2.7291000000236636,2.7498000000118736,2.7629000000356427,2.7821999999878244,2.7956999999878462,2.816400000035628,2.832499999999982,2.845600000023751,2.867199999987861,2.8791999999880318,2.898400000035508,2.9123000000117827,2.9290000000000873,2.9486999999880936,2.967300000011619,2.9796000000237655,2.9998000000118736,3.015900000035799,3.0289999999999964,3.04950000000008,3.0659999999998035,3.0818000000117536,3.095699999988028,3.1176000000236854,3.1291000000237545,3.14569999998821,3.1623000000117827,3.1816000000235363,3.2006999999880463,3.2131999999878644,3.2319000000356937,3.2464000000354645,3.2666000000235726,3.279400000035821,3.296800000011899,3.3166999999880318,3.329300000011699,3.348300000011932,3.3623000000120555,3.378900000035628,3.398300000011659,3.4154000000357883,3.4290000000000873,3.448300000011841,3.465800000011768,3.481499999999869,3.495600000023842,3.515199999987999,3.531500000000051,3.545600000023569,3.5623000000118736,3.584300000011808,3.5969000000354754,3.6171000000235836,3.6323000000120373,3.6486999999879117,3.6648000000118373,3.6791000000239364,3.6953000000116845,3.7166000000238455,3.729400000035639,3.7486000000235435,3.765100000023722,3.7789999999999964,3.79830000001175,3.8123000000118736,3.83199999999988,3.846300000011979,3.8649999999997817,3.8798000000119828,3.89610000002358,3.915699999988192,3.9294999999997344,3.9484999999999673,3.9628000000116117,3.9816999999879954,3.9964999999997417,4.015600000023824,4.031500000000051,4.046600000023773,4.063100000023951,4.082800000011957,4.098600000023907,4.112800000011703,4.132300000012037,4.14569999998821,4.164900000035686,4.1791000000239364,4.198600000023816,4.216800000011972,4.2289999999998145,4.245699999988119,4.264699999987897,4.283500000000004,4.295999999999822,4.316800000011881,4.329300000011699,4.35060000002386,4.362199999988206,4.382000000000062,4.39569999998821,4.4121999999879336,4.433800000011615]",0.016656391,0.002988823,267.0,right,1.0,,,,,,2.0,0.0,12.0,0.5,-2.544840385,1.0,3.128644374,0.025893665,38.0,-0.004363323,0.380540373,0.035789754,0.080850361,0.267900983,7.0,2.982938435,0.312010497,11.0,-0.013089969,0.357861323,0.044486954,0.075207378,0.243622836,5.0,1.49227117,-0.156405507,32.0,0.007853982,0.376580194,0.027808234,0.064839678,0.152904525,6.0,1.05947586,-0.853487224,10.0,-0.004363323,0.356575755,0.034939804,0.084929929,0.233599272,6.0,2.927304963,0.415575451,87.0,0.006108652,0.415699595,0.038834066,0.066745096,0.25903141,5.0,2.970359892,0.33581046,28.0,0.006108652,0.373747518,0.036497013,0.082304542,0.218348002,5.0,1.815626568,0.470326294,97.0,0.006981317,0.43254107,0.031598025,0.077611504,0.241207486,6.0,1.238814458,-0.616243349,46.0,-8.92894e-14,0.385892478,0.022689461,0.062794509,0.135276835,6.0,1.098509402,-0.810247245,29.0,-0.000872665,0.374372435,0.035828607,0.080766738,0.158410304,4.0,0.135213751,-0.267143427,27.0,-0.002617994,0.373032979,0.031793157,0.076653108,0.191027089,4.0,0.496564884,-0.837739153,14.0,-0.004363323,0.361562951,0.033827978,0.08680928,0.200727788,5.0,1.271675214,-0.563190847,75.0,-0.006981317,0.404601252,0.036318328,0.07284169,0.209916045,6.0,,,,,,,0.5345,,0.0,12.0,12.0,12.0,1.0,,,,,,,,,,,,,,,,,,,,,,,,,,,,0
S070,2,2024-11-21_13h14.36.924,MotivatedInference,2024.1.5,Win32,60.24096386,668be8e87e83611e680fb3ab,{{%SESSION_ID%},Chrome,,,,,,,,,,,,,,,,,,,,,,,,,,,,,,0.0,,,,,,,,9.0,,,,,,,,,conditions/conds_180.csv,2.0,1.0,,,,,,,,,2542.8395,2547.2913,"[0.0033000000121319317,0.017300000011800876,0.030499999999847205,0.049800000012055534,0.06360000002405286,0.08410000002368179,0.09769999998798085,0.11639999997623818,0.13039999997636187,0.14710000002378365,0.1648999999761145,0.18539999997619816,0.1976999999878899,0.21700000000009823,0.23160000002371817,0.25119999998787534,0.2641000000239728,0.28030000001172084,0.3013000000119064,0.31430000001182634,0.3331000000239328,0.34739999997600535,0.3634999999999309,0.3801999999882355,0.3996000000238382,0.41680000001178996,0.4303000000118118,0.45019999998794447,0.4638000000118154,0.48050000000012005,0.49719999998796993,0.5138000000119973,0.5304999999998472,0.5471999999881518,0.5641000000237,0.5833000000120592,0.5976999999879808,0.6138999999761836,0.6303999999763619,0.6471000000237837,0.6646999999879881,0.6838999999763473,0.699899999975969,0.7166000000238455,0.73050000000012,0.7471999999879699,0.7680000000000291,0.7854999999999563,0.7971999999881518,0.8170000000000073,0.8313000000121065,0.8516999999878863,0.8638000000119064,0.8833000000117863,0.8971999999880609,0.9138000000120883,0.9333000000119682,0.947800000011739,0.9663999999761472,0.9806999999882464,0.9971999999879699,1.0173000000118009,1.034699999987879,1.0471999999881518,1.0638000000117245,1.08110000002398,1.101100000023962,1.114199999988159,1.130500000000211,1.15219999998817,1.164600000023711,1.1840000000001965,1.2016000000239728,1.2138999999760927,1.2331000000240238,1.247800000011921,1.268000000000029,1.2840000000001055,1.2970000000000255,1.3166999999880318,1.3338999999759835,1.3474999999998545,1.3670000000001892,1.3833999999760636,1.3971000000237837,1.415800000012041,1.430399999976089,1.4471000000239655,1.4688000000119246,1.4834999999998217,1.5010000000002037,1.5144999999997708,1.5338000000119791,1.55110000002378,1.5646000000238018,1.5838000000117063,1.5978999999761072,1.6176999999879627,1.630500000000211,1.6471000000237837,1.6681000000239692,1.6806000000237873,1.699899999975969,1.713600000023689,1.7351000000239765,1.7476000000237946,1.7668999999759762,1.7806000000236963,1.8018000000120082,1.8173000000119828,1.83039999997618,1.8471000000240565,1.8638000000119064,1.8809999999998581,1.9018000000119173,1.9138000000120883,1.9331000000238419,1.9470000000001164,1.9671000000239474,1.9811999999878935,2.0018000000118263,2.01460000002362,2.0336000000238528,2.0515000000000327,2.0671999999881336,2.0803000000119027,2.100399999976162,2.1166000000239364,2.130399999976362,2.1471000000237837,2.1644999999998618,2.1838999999763473,2.1976000000236127,2.2171000000239474,2.2311999999878935,2.249899999976151,2.26419999998825,2.2833999999761545,2.2971000000238746,2.3144999999999527,2.3344999999999345,2.3479999999999563,2.368600000023889,2.3806999999878826,2.40010000002394,2.416300000011688,2.4333000000119682,2.4470000000001164,2.4638999999760927,2.48050000000012,2.497699999988072,2.5188000000121065,2.530499999999847,2.550000000000182,2.564699999988079,2.5850000000000364,2.597899999976107,2.619000000000142,2.630500000000211,2.6496999999881155,2.6638000000120883,2.680399999976089,2.6978999999760163,2.7191000000239,2.7311000000236163,2.7471000000236927,2.76949999999988,2.7846000000240565,2.797199999988152,2.8170000000000073,2.830500000000029,2.849999999999909,2.8638000000119064,2.880399999976362,2.900000000000091,2.9138000000120883,2.935300000011921,2.9478999999760163,2.9664999999999964,2.9811999999878935,3.0008000000120774,3.014499999999771,3.0335000000000036,3.0476999999882537,3.067500000000109,3.083100000023933,3.0996999999879336,3.1183000000119137,3.1351000000236127,3.1475000000000364,3.1669999999999163,3.180499999999938,3.199999999999818,3.2191000000239,3.2313000000117427,3.2501999999881264,3.26460000002362,3.2851000000237036,3.297800000012103,3.3170000000000073,3.33110000002398,3.35060000002386,3.364100000023882,3.3856999999879918,3.397199999988061,3.4138000000120883,3.430499999999938,3.451600000023973,3.467399999976351,3.48050000000012,3.4971000000236927,3.51419999998825,3.5306999999879736,3.551699999988159,3.563999999999851,3.585399999976289,3.5974999999998545,3.6181000000237873,3.6308000000117318,3.649899999976242,3.6638999999763655,3.6801000000236854,3.6998000000116917,3.7138000000118154,3.7334999999998217,3.7471000000236927,3.76669999998785,3.7829999999999018,3.797399999976278,3.8136999999878753,3.83039999997618,3.8473999999760053,3.8681000000237873,3.880500000000211,3.9003000000120664,3.9140000000002146,3.935199999988072,3.947800000011739,3.9671999999882246,3.9811999999878935,4.000199999988126,4.014300000012099,4.033500000000004,4.047699999988254,4.068300000011732,4.080899999976282,4.0971000000240565,4.113699999988057,4.135499999999865,4.147800000012012,4.1676999999881446,4.181100000023889,4.2008000000118955,4.214500000000044,4.233499999999822,4.247800000011921,4.268399999976282,4.280999999999949,4.297199999988152,4.313899999976002,4.335399999976289,4.3471000000240565,4.36850000000004,4.380500000000211,4.400000000000091,4.413699999988239,4.4313000000120155,4.451800000012099]",0.016661049,0.002930273,268.0,right,1.0,,,,,,1.0,0.0,12.0,0.5,1.432323236,-1.0,0.787774978,-0.999988702,66.0,-0.006108652,0.398200129,0.038012219,0.074472022,0.208169201,4.0,1.901180693,0.613723964,70.0,0.007853982,0.401012824,0.032375196,0.060909739,0.168550131,4.0,1.756886735,0.363647805,87.0,0.006108652,0.415699595,0.038834066,0.066745096,0.25903141,5.0,1.182102371,-0.701420053,53.0,-0.003490659,0.390095866,0.043303837,0.083823939,0.349451294,6.0,3.086738869,0.109487633,46.0,-8.92894e-14,0.385892478,0.022689461,0.062794509,0.135276835,6.0,2.123951938,0.894052338,35.0,0.01134464,0.378665605,0.034694997,0.068673497,0.233172687,6.0,2.540572945,0.932776145,28.0,0.006108652,0.373747518,0.036497013,0.082304542,0.218348002,5.0,3.100536556,0.082019954,70.0,0.007853982,0.401012824,0.032375196,0.060909739,0.168550131,4.0,1.911852337,0.63043387,47.0,-0.003490659,0.386485672,0.032547094,0.064121381,0.201087455,6.0,1.553188574,-0.035208227,8.0,-0.008726646,0.353798062,0.040824325,0.088208322,0.256820315,6.0,0.325784536,-0.606434773,42.0,0.010471976,0.383208229,0.034272345,0.075051408,0.167478928,5.0,1.645692739,0.149233281,70.0,0.007853982,0.401012824,0.032375196,0.060909739,0.168550131,4.0,,,,,,,0.9003,,0.0,13.0,13.0,13.0,1.0,,,,,,,,,,,,,,,,,,,,,,,,,,,,0
S070,2,2024-11-21_13h14.36.924,MotivatedInference,2024.1.5,Win32,60.24096386,668be8e87e83611e680fb3ab,{{%SESSION_ID%},Chrome,,,,,,,,,,,,,,,,,,,,,,,,,,,,,,0.0,,,,,,,,7.0,,,,,,,,,conditions/conds_180.csv,2.0,1.0,,,,,,,,,2549.1913,2552.2725,"[0.0025000000000545697,0.015099999964604649,0.031199999988075433,0.045199999988199124,0.06189999997650375,0.08150000000023283,0.09509999996453189,0.11200000000008004,0.13330000001224107,0.14600000000018554,0.16459999996459374,0.17859999996426268,0.19830000001229564,0.21580000001222288,0.23150000000032378,0.2453999999761436,0.2656999999881009,0.2785999999646265,0.2951999999881991,0.31259999996427723,0.33219999998846106,0.3501999999880354,0.36719999998831554,0.37900000000036016,0.39859999996451734,0.41309999996428814,0.43100000000004,0.4451999999882901,0.4658999999765001,0.4790000000002692,0.4983999999763,0.5118999999763219,0.5285999999646265,0.5481999999883556,0.5618999999765038,0.5785999999643536,0.5953000000122302,0.6166999999882137,0.6293000000118809,0.6485000000002401,0.6650999999642409,0.6784999999999854,0.6993999999763219,0.7163999999761472,0.7285999999644446,0.7501999999881264,0.762000000000171,0.7815000000000509,0.7985000000003311,0.8146999999880791,0.82830000001195,0.8479999999999563,0.8626999999883083,0.8818999999762127,0.8958000000120592,0.9150999999642409,0.9318999999763946,0.9460999999641899,0.9653999999763982,0.9793999999765219,1,1.012000000000171,1.0320000000001528,1.0451999999881991,1.0648999999762054,1.0790999999644555,1.0996999999883883,1.1150999999645137,1.1320000000000618,1.1460000000001855,1.1663000000121428,1.1788999999762382,1.1983999999761181,1.2118000000123175,1.2290999999645464,1.2483999999763,1.2618000000120446,1.2785999999646265,1.3006999999884101,1.3170000000000073,1.3293000000121538,1.3453000000122302,1.3645999999644118,1.382599999964441,1.399000000000342,1.412000000000262,1.432800000012321,1.4488000000119428,1.4618000000123175,1.4836999999884029,1.5013000000121792,1.5153999999761254,1.5285999999646265,1.54789999997638,1.5618999999765038,1.5785000000000764,1.595199999988381,1.6159999999999854,1.629300000011881,1.6481999999882646,1.6626999999880354,1.6815999999644191,1.6981999999884465,1.7123000000119646,1.7315000000003238,1.7481999999881737,1.7618000000120446,1.7783999999765001,1.79509999996435,1.8130000000001019,1.8318999999764856,1.845199999988381,1.86480000001211,1.88359999996419,1.89569999998821,1.9148999999761145,1.9293000000120628,1.9485999999642445,1.96189999997614,1.9793000000122447,2.0003000000119755,2.012099999964448,2.0335000000000036,2.0460000000002765,2.06530000001203,2.083800000012161,2.096099999964281,2.115199999988363,2.1323000000120373,2.145199999988108,2.1618000000121356,2.1783999999761363,2.1998999999764237,2.2155000000002474,2.2285000000001673,2.245199999988472,2.2668000000121538,2.2786999999884756,2.2981999999883556,2.3118000000122265,2.3285999999643536,2.348300000011932,2.361899999976231,2.3785999999645355,2.4003000000120664,2.415899999976318,2.428300000012314,2.4480999999645974,2.4650999999644228,2.4785000000001673,2.495199999988472,2.5121999999882973,2.5333999999761545,2.5453999999763255,2.565099999964332,2.581099999964408,2.595099999964532,2.6118000000119537,2.6290999999646374,2.648399999976391,2.6625999999641863,2.681500000000142,2.695099999964441,2.712599999964368,2.7325000000000728,2.745099999964623,2.764699999988352,2.7785000000003492,2.7953000000120483,2.8143999999765583,2.8291999999883046,2.848300000011932,2.86200000000008,2.88149999999996,2.8953000000119573,2.915300000011939,2.9285999999642627,2.94800000000032,2.964599999964321,2.9785000000001673,2.997899999976198,3.014699999988352,3.0285000000003492,3.04789999997638,3.0618999999765038,3.081000000000131]",0.016640541,0.002857599,186.0,right,0.0,,,,,,2.0,0.0,8.0,0.5,-3.490612457,-1.0,0.854591185,-0.990439923,22.0,-0.006108652,0.369173441,0.034771665,0.081264392,0.215269419,6.0,1.649911139,0.157570195,21.0,-0.010471976,0.368150016,0.035450396,0.075174448,0.223969416,6.0,0.305956882,-0.574435022,28.0,0.006108652,0.373747518,0.036497013,0.082304542,0.218348002,5.0,0.43415138,-0.763233412,46.0,-8.92894e-14,0.385892478,0.022689461,0.062794509,0.135276835,6.0,1.916334867,0.637367507,84.0,-0.002617994,0.412727296,0.032139903,0.078825818,0.191863964,5.0,0.452000773,-0.785808032,60.0,0.008726646,0.394321176,0.024708435,0.063628191,0.162696287,6.0,0.748758482,-0.997316269,66.0,-0.006108652,0.398200129,0.038012219,0.074472022,0.208169201,4.0,0.087606307,-0.174317501,4.0,0.001745329,0.345391377,0.044661649,0.086491224,0.292502374,6.0,0.0,0.0,0.0,0.0,0.0,0.0,0.0,0.0,0.0,0.0,0.0,0.0,0.0,0.0,0.0,0.0,0.0,0.0,0.0,0.0,0.0,0.0,0.0,0.0,0.0,0.0,0.0,0.0,0.0,0.0,0.0,0.0,0.0,0.0,0.0,0.0,,,,,,,0.8181,,0.0,14.0,14.0,14.0,1.0,,,,,,,,,,,,,,,,,,,,,,,,,,,,0
S070,2,2024-11-21_13h14.36.924,MotivatedInference,2024.1.5,Win32,60.24096386,668be8e87e83611e680fb3ab,{{%SESSION_ID%},Chrome,,,,,,,,,,,,,,,,,,,,,,,,,,,,,,0.0,,,,,,,,8.0,,,,,,,,,conditions/conds_180.csv,2.0,1.0,,,,,,,,,2554.108,2557.2201,"[0.0025000000000545697,0.01610000002392553,0.0284999999998945,0.04519999998774438,0.06630000001177905,0.07919999998784988,0.09999999999990905,0.1118999999762309,0.12799999999970169,0.14589999997588166,0.1659999999997126,0.1786999999881118,0.19980000001169174,0.21239999997624182,0.23330000001169537,0.24519999998801723,0.2648000000117463,0.28319999998802814,0.2958000000116954,0.3148000000119282,0.3323999999761327,0.3458999999761545,0.3658000000118591,0.37849999999980355,0.39939999997613995,0.4118000000116808,0.433600000023489,0.44810000002371453,0.4616999999880136,0.4823000000119464,0.4958999999757907,0.5124999999998181,0.5309999999999491,0.5451999999877444,0.5648000000119282,0.5791999999878499,0.59780000001183,0.6124999999997272,0.6323000000115826,0.6451000000238309,0.6648000000118373,0.678800000011961,0.6958000000117863,0.715699999987919,0.7291999999879408,0.748300000011568,0.7616999999877407,0.7828000000117754,0.7958999999759726,0.8148000000119282,0.8311000000235254,0.8458000000118773,0.8648999999759326,0.8783999999759544,0.8951000000238309,0.9143000000117354,0.92819999998801,0.949899999975969,0.9621999999881155,0.9828000000115935,0.99510000002374,1.01299999999992,1.02880000001187,1.0456999999878462,1.0656000000235508,1.07830000001195,1.0976000000237036,1.1116999999881045,1.1284999999998035,1.1458000000116044,1.16239999997606,1.1821000000236381,1.1986000000238164,1.2118000000118627,1.2328000000115935,1.2486000000235435,1.2616999999877407,1.2829999999999018,1.295600000023569,1.3158000000116772,1.329300000011699,1.3493000000116808,1.3626000000235763,1.378800000011779,1.399499999999989,1.4163999999759653,1.429199999987759,1.4490000000000691,1.4616999999880136,1.4793999999760672,1.499399999976049,1.511899999975867,1.531899999975849,1.5456999999878462,1.5626000000238491,1.5828000000119573,1.5954999999999018,1.6158999999761363,1.6283999999759544,1.6464999999998327,1.6659999999997126,1.679199999987759,1.6986000000238164,1.7158999999760454,1.7283999999758635,1.747300000011819,1.765699999988101,1.7791000000238455,1.799899999975878,1.8116999999879226,1.8318000000117536,1.8453999999760526,1.8659999999999854,1.8791999999880318,1.89939999997614,1.9118000000116808,1.9333999999757907,1.9494999999997162,1.9626000000234853,1.9818999999761218,1.9959999999996398,2.015699999988101,2.0291999999881227,2.0484999999998763,2.061999999999898,2.079300000011699,2.0991000000235545,2.115300000011757,2.1284999999998035,2.149899999976242,2.161899999975958,2.18260000002374,2.1958000000117863,2.2158999999760454,2.229199999987941,2.2486999999878208,2.266300000011597,2.2784999999998945,2.2978999999759253,2.3126999999881264,2.3311999999878026,2.3454999999999018,2.366300000011961,2.37869999998793,2.3984999999997854,2.4116999999878317,2.432499999999891,2.4486000000238164,2.4616999999880136,2.482600000023922,2.4958000000119682,2.514699999987897,2.5283999999760454,2.548999999999978,2.5621000000237473,2.5811000000235254,2.5991000000235545,2.6128000000117027,2.632499999999709,2.6453999999762345,2.66519999998809,2.678699999988112,2.6996999999878426,2.715199999987817,2.73139999997602,2.74510000002374,2.76669999998785,2.781399999976202,2.795100000023922,2.8125,2.8330000000000837,2.8458000000118773,2.8653999999760345,2.8791000000237545,2.898899999976038,2.911999999999807,2.932499999999891,2.9453000000116845,2.9659999999998945,2.978800000011688,2.999499999999898,3.01180000001159,3.0333000000118773,3.045100000023922,3.06619999998793,3.0788999999758744,3.0986000000239073,3.111899999976231]",0.016627807,0.00325152,188.0,right,1.0,,,,,,2.0,0.0,8.0,0.5,-0.343909057,1.0,2.809611958,0.616241501,41.0,0.013089969,0.382506884,0.032100804,0.075836611,0.218324429,6.0,0.541067276,-0.882961872,38.0,-0.004363323,0.380540373,0.035789754,0.080850361,0.267900983,7.0,2.625746414,0.858169081,69.0,-0.001745329,0.400311091,0.03773135,0.078132351,0.241087639,6.0,2.894016176,0.475166241,26.0,-8.92894e-14,0.37233788,0.03804093,0.07765862,0.260457405,6.0,0.356685013,-0.654385763,78.0,0.004363323,0.407032945,0.030231373,0.057417546,0.211999481,6.0,0.602699866,-0.933982123,93.0,0.012217305,0.423353751,0.033559225,0.078739299,0.188587653,4.0,2.129342913,0.898830188,22.0,-0.006108652,0.369173441,0.034771665,0.081264392,0.215269419,6.0,0.402612308,-0.720986309,80.0,0.000872665,0.408817555,0.034279956,0.069360427,0.160822937,4.0,0.0,0.0,0.0,0.0,0.0,0.0,0.0,0.0,0.0,0.0,0.0,0.0,0.0,0.0,0.0,0.0,0.0,0.0,0.0,0.0,0.0,0.0,0.0,0.0,0.0,0.0,0.0,0.0,0.0,0.0,0.0,0.0,0.0,0.0,0.0,0.0,,,,,,,0.6786,,0.0,15.0,15.0,15.0,1.0,,,,,,,,,,,,,,,,,,,,,,,,,,,,0
S070,2,2024-11-21_13h14.36.924,MotivatedInference,2024.1.5,Win32,60.24096386,668be8e87e83611e680fb3ab,{{%SESSION_ID%},Chrome,,,,,,,,,,,,,,,,,,,,,,,,,,,,,,0.0,,,,,,,,1.0,,,,,,,,,conditions/conds_180.csv,2.0,1.0,,,,,,,,,2558.8872,2560.6039,"[0.0016999999879772076,0.0156999999881009,0.032600000023649045,0.049100000023827306,0.06630000001177905,0.08280000001195731,0.09919999998783169,0.11590000003570822,0.1323000000115826,0.14899999999988722,0.16580000001158623,0.1831999999881191,0.19990000003554087,0.21649999999999636,0.23240000003579553,0.2491000000236454,0.26580000001195003,0.2824999999997999,0.2991000000238273,0.3158000000116772,0.3324000000357046,0.3491999999878317,0.3656000000237327,0.3826000000235581,0.39910000002373636,0.41649999999981446,0.43240000003561363,0.4491000000234635,0.46649999999999636,0.48319999998784624,0.49919999998792264,0.5156999999881009,0.532600000023649,0.5491000000238273,0.5659000000355263,0.5824999999999818,0.6001000000237582,0.6159000000357082,0.632499999999709,0.6491000000237364,0.6658000000115862,0.6823000000117645,0.6999999999998181,0.7161999999880209,0.732499999999618,0.7491000000236454,0.7656999999881009,0.7824000000355227,0.7991000000238273,0.815699999987828,0.8324999999999818,0.8491000000235545,0.8658000000118591,0.8824000000354317,0.8991000000237364,0.9158000000115862,0.9331999999881191,0.9491999999877407,0.965699999987919,0.982499999999618,0.9989999999997963,1.01580000001195,1.0324000000355227,1.0491999999881045,1.0661000000236527,1.0824000000357046,1.0991000000235545,1.1159000000357082,1.132499999999709,1.1491000000237364,1.165699999987737,1.1824000000356136,1.1998000000116917,1.2158000000117681,1.2323000000119464,1.2491000000236454,1.26580000001195,1.2824000000355227,1.2991999999881045,1.3158000000116772,1.3324000000357046,1.3491000000235545,1.365800000011859,1.3828000000116845,1.3991000000237364,1.4164999999998145,1.4323000000117645,1.448900000035792,1.4661999999880209,1.483100000023569,1.4991999999879226,1.51580000001195,1.5324999999998,1.5494999999996253,1.5658000000116772,1.5824999999999818,1.5991000000235545,1.61569999998801,1.6324000000354317,1.6491999999880136,1.665699999987737,1.6824000000356136,1.7001000000236672,1.7164000000357191]",0.016647573,0.000446963,104.0,left,1.0,,,,,,1.0,0.0,4.0,0.5,-0.328511098,1.0,2.806832393,0.62061009,65.0,0.000872665,0.397557211,0.028332609,0.059251996,0.151978572,5.0,0.434368976,-0.763514527,24.0,-0.000872665,0.370951047,0.044446314,0.068882508,0.271498611,5.0,2.829407328,0.584586778,11.0,-0.013089969,0.357861323,0.044486954,0.075207378,0.243622836,5.0,0.439572191,-0.770193439,57.0,0.007853982,0.392441245,0.040602447,0.07130778,0.218867016,4.0,0.0,0.0,0.0,0.0,0.0,0.0,0.0,0.0,0.0,0.0,0.0,0.0,0.0,0.0,0.0,0.0,0.0,0.0,0.0,0.0,0.0,0.0,0.0,0.0,0.0,0.0,0.0,0.0,0.0,0.0,0.0,0.0,0.0,0.0,0.0,0.0,0.0,0.0,0.0,0.0,0.0,0.0,0.0,0.0,0.0,0.0,0.0,0.0,0.0,0.0,0.0,0.0,0.0,0.0,0.0,0.0,0.0,0.0,0.0,0.0,0.0,0.0,0.0,0.0,0.0,0.0,0.0,0.0,0.0,0.0,0.0,0.0,,,,,,,0.7667,,0.0,16.0,16.0,16.0,1.0,,,,,,,,,,,,,,,,,,,,,,,,,,,,0
S070,2,2024-11-21_13h14.36.924,MotivatedInference,2024.1.5,Win32,60.24096386,668be8e87e83611e680fb3ab,{{%SESSION_ID%},Chrome,,,,,,,,,,,,,,,,,,,,,,,,,,,,,,0.0,,,,,,,,3.0,,,,,,,,,conditions/conds_180.csv,2.0,1.0,,,,,,,,,2562.3705,2564.1035,"[0.0019999999999527063,0.015800000011950033,0.03289999997605264,0.050199999988308264,0.06639999997605628,0.08280000001195731,0.09980000001178269,0.11569999998800995,0.13310000002365996,0.14989999997624182,0.16580000001204098,0.18239999997604173,0.19910000002391826,0.21649999999999636,0.23250000000007276,0.24919999998792264,0.26580000001195003,0.2833000000118773,0.3000000000001819,0.3164999999999054,0.3323999999761327,0.3493999999764128,0.3665000000000873,0.3828000000121392,0.39939999997613995,0.41569999998819185,0.4323999999760417,0.4498000000121465,0.46630000001187,0.4823999999762236,0.49989999997615087,0.5158999999762273,0.5325000000002547,0.5491000000238273,0.5664999999999054,0.58319999998821,0.599999999999909,0.6158999999761363,0.6325000000001637,0.6486999999879117,0.6656999999881918,0.6831999999881191,0.6991000000239183,0.7156000000240965,0.7321999999880973,0.7494999999998981,0.76580000001195,0.7831999999880281,0.7991000000238273,0.8173000000119828,0.8323999999761327,0.8490000000001601,0.8665000000000873,0.8841000000238637,0.8996000000238382,0.9160000000001673,0.9323999999760417,0.9496000000240201,0.9661000000237436,0.9825000000000728,0.9998999999761509,1.01580000001195,1.0323999999764055,1.0491000000238273,1.065800000012132,1.0823999999761327,1.09900000000016,1.1165000000000873,1.1323000000120373,1.1491000000237364,1.1671000000237655,1.183199999988119,1.1998000000121465,1.215699999987919,1.2325000000000728,1.2488999999764019,1.265699999988101,1.2823000000121283,1.298899999976129,1.3156999999882828,1.332100000023729,1.3491000000240092,1.36569999998801,1.3825000000001637,1.3991000000237364,1.4156999999881918,1.4323999999760417,1.4498000000121465,1.4658000000117681,1.4833000000121501,1.4991000000241002,1.515699999988101,1.5325000000002547,1.5489999999999782,1.5656999999882828,1.5824999999999818,1.5991000000240092,1.6161999999881118,1.6325000000001637,1.6498000000119646,1.6661000000240165,1.6823999999760417,1.6998999999764237,1.715699999987919,1.7326999999881991]",0.016641346,0.00061388,105.0,right,0.0,,,,,,2.0,0.0,4.0,0.5,-2.140805033,-1.0,0.698924731,-0.985081931,63.0,0.002617994,0.396190386,0.03208284,0.060740902,0.237954322,6.0,2.065906342,0.836146687,81.0,-0.006981317,0.409724184,0.034267936,0.062711279,0.215248408,5.0,0.735098303,-0.994944114,8.0,-0.008726646,0.353798062,0.040824325,0.088208322,0.256820315,6.0,0.824614876,-0.996925675,41.0,0.013089969,0.382506884,0.032100804,0.075836611,0.218324429,6.0,0.0,0.0,0.0,0.0,0.0,0.0,0.0,0.0,0.0,0.0,0.0,0.0,0.0,0.0,0.0,0.0,0.0,0.0,0.0,0.0,0.0,0.0,0.0,0.0,0.0,0.0,0.0,0.0,0.0,0.0,0.0,0.0,0.0,0.0,0.0,0.0,0.0,0.0,0.0,0.0,0.0,0.0,0.0,0.0,0.0,0.0,0.0,0.0,0.0,0.0,0.0,0.0,0.0,0.0,0.0,0.0,0.0,0.0,0.0,0.0,0.0,0.0,0.0,0.0,0.0,0.0,0.0,0.0,0.0,0.0,0.0,0.0,,,,,,,0.7831,,0.0,17.0,17.0,17.0,1.0,,,,,,,,,,,,,,,,,,,,,,,,,,,,0
S070,2,2024-11-21_13h14.36.924,MotivatedInference,2024.1.5,Win32,60.24096386,668be8e87e83611e680fb3ab,{{%SESSION_ID%},Chrome,,,,,,,,,,,,,,,,,,,,,,,,,,,,,,-1.0,,,,,,,,8.0,,,,,,,,,conditions/conds_180.csv,2.0,1.0,,,,,,,,,2566.9695,2570.0696,"[0.004100000023754546,0.016600000023572647,0.03330000001187727,0.04989999997587802,0.06669999998803178,0.08330000001160442,0.09999999999990905,0.11660000002393645,0.13430000001199005,0.15000000000009095,0.16730000001189183,0.1831999999881191,0.1999999999998181,0.2166000000238455,0.23389999997607447,0.25060000002349625,0.2671000000236745,0.2833000000118773,0.299899999975878,0.3166999999880318,0.3331000000239328,0.34969999998793355,0.3669999999997344,0.3833000000117863,0.39969999998811545,0.4173000000118918,0.43380000001161534,0.4503000000117936,0.4666999999881227,0.4833000000116954,0.5,0.5166000000235726,0.5331000000237509,0.5501000000235763,0.5666000000237545,0.5833000000116044,0.6008000000119864,0.6171999999878608,0.6333000000117863,0.6498000000119646,0.6666999999879408,0.6833999999762455,0.6999999999998181,0.7166000000238455,0.7341000000237727,0.7505000000001019,0.7666000000235726,0.7833000000118773,0.799899999975878,0.81739999997626,0.8341000000236818,0.849999999999909,0.8666000000239364,0.8833000000117863,0.9006999999878644,0.9169999999999163,0.9331000000238419,0.949899999975969,0.9666999999881227,0.9833000000116954,1,1.0166000000235726,1.0333000000118773,1.0499999999997272,1.0666999999880318,1.0833999999758817,1.1006999999881373,1.1173999999759872,1.1333999999760636,1.15010000002394,1.1666000000236636,1.1833000000119682,1.199999999999818,1.2166000000238455,1.2333000000116954,1.2503999999762527,1.2669999999998254,1.2833000000118773,1.2999999999997272,1.3166000000237545,1.3333000000116044,1.3508999999762636,1.3673999999759872,1.3833000000117863,1.3998999999762418,1.4166000000236636,1.4333000000119682,1.449899999975969,1.4666000000238455,1.4833000000116954,1.5,1.5166000000235726,1.5343000000116263,1.5506000000236781,1.56739999997626,1.584199999987959,1.599999999999909,1.6166000000239364,1.6340000000000146,1.650499999999738,1.6666999999879408,1.6833999999762455,1.7003999999760708,1.7171000000239474,1.7333999999759726,1.7505000000001019,1.7668999999759762,1.7833000000118773,1.7999999999997272,1.8166000000237545,1.8333000000116044,1.850999999999658,1.866699999987759,1.8833000000117863,1.8998999999762418,1.917399999976169,1.9339999999997417,1.9508000000118955,1.9670000000000982,1.9833000000116954,2,2.0166000000235726,2.034199999987777,2.0503000000117027,2.0666000000237545,2.0833000000116044,2.099999999999909,2.117399999975987,2.1340000000000146,2.1498000000119646,2.1666000000236636,2.183199999988119,2.199999999999818,2.2166999999881227,2.2331999999878462,2.25,2.267399999976078,2.2833000000118773,2.3003000000117027,2.3171999999881336,2.33360000002358,2.349999999999909,2.366699999987759,2.383199999987937,2.400000000000091,2.4166000000236636,2.434100000023591,2.4506999999880463,2.466800000011972,2.4831999999878462,2.5,2.5166000000235726,2.5333000000118773,2.549999999999727,2.5676000000235035,2.584199999987959,2.59989999997606,2.6166000000239364,2.633800000011888,2.6496999999881155,2.6666000000236636,2.6833000000119682,2.699899999975969,2.7166999999881227,2.7333000000116954,2.750100000023849,2.7666000000235726,2.7833999999761545,2.799899999975878,2.8166000000237545,2.8333000000116044,2.8508999999762636,2.8674999999998363,2.8833999999760636,2.900000000000091,2.91680000001179,2.933199999988119,2.9496000000235654,2.9666000000238455,2.9833000000116954,3,3.01669999998785,3.0333000000118773,3.0506999999879554,3.066800000011881,3.0833999999758817,3.09989999997606]",0.016644086,0.000504914,187.0,left,0.0,,,,,,2.0,0.0,8.0,0.5,-0.343909057,1.0,2.809611958,0.616241501,41.0,0.013089969,0.382506884,0.032100804,0.075836611,0.218324429,6.0,0.541067276,-0.882961872,38.0,-0.004363323,0.380540373,0.035789754,0.080850361,0.267900983,7.0,2.625746414,0.858169081,69.0,-0.001745329,0.400311091,0.03773135,0.078132351,0.241087639,6.0,2.894016176,0.475166241,26.0,-8.92894e-14,0.37233788,0.03804093,0.07765862,0.260457405,6.0,0.356685013,-0.654385763,78.0,0.004363323,0.407032945,0.030231373,0.057417546,0.211999481,6.0,0.602699866,-0.933982123,93.0,0.012217305,0.423353751,0.033559225,0.078739299,0.188587653,4.0,2.129342913,0.898830188,22.0,-0.006108652,0.369173441,0.034771665,0.081264392,0.215269419,6.0,0.402612308,-0.720986309,80.0,0.000872665,0.408817555,0.034279956,0.069360427,0.160822937,4.0,0.0,0.0,0.0,0.0,0.0,0.0,0.0,0.0,0.0,0.0,0.0,0.0,0.0,0.0,0.0,0.0,0.0,0.0,0.0,0.0,0.0,0.0,0.0,0.0,0.0,0.0,0.0,0.0,0.0,0.0,0.0,0.0,0.0,0.0,0.0,0.0,,,,,,,1.4174,,0.0,18.0,18.0,18.0,1.0,,,,,,,,,,,,,,,,,,,,,,,,,,,,0
S070,2,2024-11-21_13h14.36.924,MotivatedInference,2024.1.5,Win32,60.24096386,668be8e87e83611e680fb3ab,{{%SESSION_ID%},Chrome,,,,,,,,,,,,,,,,,,,,,,,,,,,,,,-1.0,,,,,,,,9.0,,,,,,,,,conditions/conds_180.csv,2.0,1.0,,,,,,,,,2572.4875,2576.9534,"[0.0038999999760562787,0.0156999999881009,0.031899999975848914,0.048699999988002673,0.06519999998772619,0.08189999997603081,0.09989999997605992,0.11539999997603445,0.13200000000006185,0.14869999998791172,0.1659999999997126,0.18260000002374,0.1986000000238164,0.2153999999759435,0.23239999997622363,0.24889999997594714,0.26530000001184817,0.28260000002364905,0.29889999997612904,0.3151999999877262,0.3324999999999818,0.34880000001157896,0.3653000000117572,0.3818999999762127,0.3993000000118627,0.4153000000119391,0.43189999997593986,0.4486000000238164,0.46589999997604536,0.4823999999762236,0.49889999997594714,0.5156000000238237,0.5321000000235472,0.5486999999880027,0.5651999999877262,0.58199999999988,0.5989999999997053,0.6151999999879081,0.632499999999709,0.6486999999879117,0.6659999999997126,0.6826999999880172,0.6986000000238164,0.7151999999878171,0.7326000000234671,0.7494999999998981,0.76580000001195,0.7824999999997999,0.7983999999760272,0.8161000000236527,0.8326000000238309,0.8489999999997053,0.8651999999879081,0.8818999999762127,0.8986999999879117,0.9153000000119391,0.9324999999998909,0.9484999999999673,0.9653000000116663,0.983100000023569,0.9984999999996944,1.0160000000000764,1.031899999975849,1.0484999999998763,1.065699999987828,1.0818000000117536,1.0985000000000582,1.1156000000237327,1.1318999999762127,1.148300000011659,1.1653000000119391,1.18260000002374,1.1986999999880936,1.21510000002354,1.2318999999761218,1.2484999999996944,1.265199999987999,1.282600000023649,1.2986999999880027,1.3159999999998035,1.33199999999988,1.3489999999997053,1.3653999999760345,1.3818999999762127,1.3986000000236345,1.4159999999997126,1.4328000000118664,1.4484999999999673,1.4651999999878171,1.4826000000234671,1.4986999999878208,1.5158999999762273,1.5318000000115717,1.5484999999998763,1.5658999999759544,1.582100000023729,1.5989999999997053,1.615199999987908,1.6316999999880863,1.6486000000236345,1.66519999998809,1.6824999999998909,1.69889999997622,1.7159999999998945,1.731999999999971,1.7486000000235435,1.7658999999762273,1.7824999999998,1.7986000000237254,1.8159999999998035,1.8326999999881082,1.849399999975958,1.865199999987908,1.882499999999709,1.8989999999998872,1.91519999998809,1.9328000000118664,1.9490000000000691,1.9651999999878171,1.9818000000118445,1.9984999999996944,2.0160000000000764,2.0328000000117754,2.0486000000237254,2.065199999987726,2.081899999976031,2.099399999975958,2.116199999988112,2.1318999999762127,2.1486000000236345,2.1659999999997126,2.182100000023638,2.1984999999999673,2.2159999999998945,2.23210000002382,2.2484999999996944,2.265300000011848,2.2823000000116735,2.2986000000237254,2.3164999999999054,2.332600000023831,2.34869999998773,2.365199999987908,2.382600000023558,2.3991999999880136,2.4158999999758635,2.43189999997594,2.4484999999999673,2.465699999987919,2.4818000000118445,2.498199999987719,2.51580000001195,2.5323000000116735,2.5484999999998763,2.5659999999998035,2.5828000000119573,2.59869999998773,2.615199999987908,2.6326999999878353,2.6486000000236345,2.66519999998809,2.6828000000118664,2.6991999999877407,2.7159999999998945,2.7318999999761218,2.7489999999997963,2.765199999987999,2.7823999999759508,2.7991000000238273,2.8153000000115753,2.831899999976031,2.848500000000058,2.8659999999999854,2.882000000000062,2.8986000000236345,2.9159999999997126,2.931999999999789,2.94930000001159,2.9653000000116663,2.9831999999878462,2.999399999976049,3.0160000000000764,3.0323000000116735,3.048800000011852,3.065199999987726,3.082600000023831,3.099300000011681,3.1161000000238346,3.1321999999877335,3.1484999999997854,3.16519999998809,3.1826999999880172,3.1986000000238164,3.2158999999760454,3.231999999999971,3.2484999999996944,3.265199999987999,3.2826999999879263,3.298800000011852,3.315699999987828,3.3323999999761327,3.349399999975958,3.3654999999998836,3.381600000023809,3.3984999999997854,3.4159999999997126,3.4326999999880172,3.448399999976118,3.4658999999760454,3.4826999999877444,3.4993000000117718,3.5160000000000764,3.531899999975849,3.548199999987901,3.5651000000239037,3.5823999999761327,3.5986000000239073,3.6169999999997344,3.6318999999762127,3.6484999999997854,3.666300000011688,3.6821999999879154,3.698300000011841,3.715199999987817,3.7325000000000728,3.7484999999996944,3.7658999999762273,3.7826999999879263,3.799399999976231,3.8158999999759544,3.8328999999762345,3.848399999976209,3.8654999999998836,3.8821999999877335,3.898899999976038,3.9158000000115862,3.9321999999879154,3.9484999999999673,3.965199999987817,3.9828999999758707,3.998899999975947,4.015300000011848,4.031899999975849,4.049499999999625,4.065100000023904,4.081800000011754,4.099199999987832,4.116699999987759,4.131699999988086,4.148399999975936,4.165800000011586,4.1823000000117645,4.198399999976118,4.215199999987817,4.231899999976122,4.248499999999694,4.265899999976227,4.281999999999698,4.298499999999876,4.315800000011677,4.332600000023831,4.348500000000058,4.3659999999999854,4.3818000000119355,4.399199999988014,4.4158999999758635,4.431999999999789,4.448300000011841,4.465699999987919]",0.016648507,0.000634486,269.0,right,1.0,,,,,,1.0,0.0,12.0,0.5,1.432323236,-1.0,0.787774978,-0.999988702,66.0,-0.006108652,0.398200129,0.038012219,0.074472022,0.208169201,4.0,1.901180693,0.613723964,70.0,0.007853982,0.401012824,0.032375196,0.060909739,0.168550131,4.0,1.756886735,0.363647805,87.0,0.006108652,0.415699595,0.038834066,0.066745096,0.25903141,5.0,1.182102371,-0.701420053,53.0,-0.003490659,0.390095866,0.043303837,0.083823939,0.349451294,6.0,3.086738869,0.109487633,46.0,-8.92894e-14,0.385892478,0.022689461,0.062794509,0.135276835,6.0,2.123951938,0.894052338,35.0,0.01134464,0.378665605,0.034694997,0.068673497,0.233172687,6.0,2.540572945,0.932776145,28.0,0.006108652,0.373747518,0.036497013,0.082304542,0.218348002,5.0,3.100536556,0.082019954,70.0,0.007853982,0.401012824,0.032375196,0.060909739,0.168550131,4.0,1.911852337,0.63043387,47.0,-0.003490659,0.386485672,0.032547094,0.064121381,0.201087455,6.0,1.553188574,-0.035208227,8.0,-0.008726646,0.353798062,0.040824325,0.088208322,0.256820315,6.0,0.325784536,-0.606434773,42.0,0.010471976,0.383208229,0.034272345,0.075051408,0.167478928,5.0,1.645692739,0.149233281,70.0,0.007853982,0.401012824,0.032375196,0.060909739,0.168550131,4.0,,,,,,,0.7014,,0.0,19.0,19.0,19.0,1.0,,,,,,,,,,,,,,,,,,,,,,,,,,,,0
S070,2,2024-11-21_13h14.36.924,MotivatedInference,2024.1.5,Win32,60.24096386,668be8e87e83611e680fb3ab,{{%SESSION_ID%},Chrome,,,,,,,,,,,,,,,,,,,,,,,,,,,,,,-1.0,,,,,,,,6.0,,,,,,,,,conditions/conds_180.csv,2.0,1.0,,,,,,,,,2578.6534,2581.7694,"[0.0026000000239037035,0.016600000024027395,0.03240000003597743,0.04920000004767644,0.06590000003598107,0.08260000002383094,0.09920000004785834,0.11599999999998545,0.13330000001224107,0.15000000000009095,0.16600000000016735,0.18260000002419474,0.20000000000027285,0.2166000000238455,0.2329000000358974,0.2519000000361302,0.2660000000000764,0.2827000000479529,0.29930000001195367,0.31590000003598107,0.3334000000359083,0.34950000000026193,0.3659000000357082,0.3825000000001637,0.39920000004804024,0.4159000000358901,0.4325000000003456,0.4490000000000691,0.4661000000241984,0.48250000000007276,0.49910000002410015,0.5160000000000764,0.5323000000121283,0.5498000000120555,0.5655000000001564,0.5826000000238309,0.6000000000003638,0.6167000000477856,0.6325000000001637,0.6492000000480402,0.6660000000001673,0.6829000000357155,0.7008000000118955,0.7168000000119719,0.7332000000478729,0.7493000000122265,0.76580000001195,0.7824000000359774,0.7989999999999782,0.8159000000359811,0.8327000000476801,0.8498000000122374,0.8659999999999854,0.8826000000240128,0.8991000000241911,0.9166000000241183,0.9325000000003456,0.950100000024122,0.9656000000240965,0.9826000000239219,0.9992000000479493,1.0159000000357992,1.0333000000118773,1.0496000000239292,1.065900000035981,1.082600000023831,1.1000000000003638,1.1166000000239364,1.1326000000240128,1.1492000000480402,1.1661000000240165,1.1825000000003456,1.2000000000002728,1.215900000036072,1.2328000000120483,1.2494000000360757,1.2657000000476728,1.2825000000002547,1.2991000000238273,1.315800000012132,1.3324999999999818,1.3499000000360866,1.365800000011859,1.3825000000001637,1.399100000024191,1.4166000000241183,1.4328000000118664,1.4498000000121465,1.465900000036072,1.4825000000000728,1.4992000000479493,1.5159000000357992,1.5325000000002547,1.5492000000476764,1.5666000000242093,1.582600000023831,1.5992000000478583,1.615800000011859,1.6325000000001637,1.6492000000480402,1.665800000012041,1.6825000000003456,1.6997000000478693,1.715900000036072,1.7325000000000728,1.7492000000479493,1.7659000000357992,1.7825000000002547,1.7992000000476764,1.815800000012132,1.832600000023831,1.8492000000478583,1.865800000011859,1.8825000000001637,1.8992000000480402,1.916400000035992,1.9329000000357155,1.9500000000002728,1.9658000000122229,1.9823000000119464,1.9992000000479493,2.0168000000121538,2.0329000000360793,2.0492000000476764,2.065900000035981,2.082499999999982,2.0992000000478583,2.115900000035708,2.1325000000001637,2.1492000000480402,2.16590000003589,2.1825000000003456,2.1993000000120446,2.2162000000480475,2.232700000047771,2.249500000000353,2.2656000000238237,2.2825000000002547,2.2991000000238273,2.315900000035981,2.332499999999982,2.3492000000478583,2.365800000011859,2.382600000024013,2.3992000000480402,2.4167000000479675,2.4326000000241947,2.4499000000359956,2.465900000036072,2.4825000000000728,2.4992000000479493,2.515900000035799,2.5325000000002547,2.55020000004788,2.5662000000479566,2.5824000000357046,2.599100000024009,2.615800000011859,2.632800000012139,2.650200000047789,2.6666000000241183,2.6824000000360684,2.6991000000239183,2.715800000012223,2.732600000023922,2.7491000000241,2.7661000000239255,2.7825000000002547,2.7992000000476764,2.815800000012132,2.832499999999982,2.850000000000364,2.86640000003581,2.8824000000358865,2.8993000000118627,2.9167000000479675,2.9335000000000946,2.9492000000477674,2.9660000000003492,2.9823000000119464,2.9991000000241,3.01580000001195,3.0324000000359774,3.0491000000238273,3.0660000000002583,3.082600000023831,3.0992000000478583,3.115900000035708]",0.016648663,0.000527162,188.0,left,0.0,,,,,,1.0,0.0,8.0,0.5,1.60264155,-1.0,0.65837785,-0.967904848,51.0,-0.000872665,0.388957543,0.039197552,0.074659583,0.215725836,5.0,3.086688756,0.109587256,63.0,0.002617994,0.396190386,0.03208284,0.060740902,0.237954322,6.0,2.501304773,0.958180781,89.0,0.014835299,0.418022232,0.039220845,0.067729576,0.134251055,3.0,1.862045052,0.55011125,74.0,-0.002617994,0.403888444,0.032857311,0.06846285,0.186846183,6.0,1.485611347,-0.169546965,41.0,0.013089969,0.382506884,0.032100804,0.075836611,0.218324429,6.0,2.173144906,0.933730849,30.0,-0.009599311,0.375182725,0.031494597,0.070464671,0.19533995,5.0,2.84530858,0.558493164,79.0,-0.004363323,0.40793127,0.02386995,0.059748747,0.165450333,7.0,1.381286468,-0.370009937,93.0,0.012217305,0.423353751,0.033559225,0.078739299,0.188587653,4.0,0.0,0.0,0.0,0.0,0.0,0.0,0.0,0.0,0.0,0.0,0.0,0.0,0.0,0.0,0.0,0.0,0.0,0.0,0.0,0.0,0.0,0.0,0.0,0.0,0.0,0.0,0.0,0.0,0.0,0.0,0.0,0.0,0.0,0.0,0.0,0.0,,,,,,,0.4511,,0.0,20.0,20.0,20.0,1.0,,,,,,,,,,,,,,,,,,,,,,,,,,,,0
S070,2,2024-11-21_13h14.36.924,MotivatedInference,2024.1.5,Win32,60.24096386,668be8e87e83611e680fb3ab,{{%SESSION_ID%},Chrome,,,,,,,,,,,,,,,,,,,,,,,,,,,,,,-1.0,,,,,,,,7.0,,,,,,,,,conditions/conds_180.csv,2.0,1.0,,,,,,,,,2583.2036,2586.3201,"[0.0026000000239037035,0.015800000011950033,0.032300000011673546,0.04889999997612904,0.06560000002400557,0.08280000001195731,0.0991000000240092,0.11539999997603445,0.1321999999881882,0.14910000002373636,0.16550000000006548,0.18239999997604173,0.19900000000006912,0.215699999987919,0.2323000000119464,0.2491000000236454,0.26560000002382367,0.2823999999759508,0.29899999999997817,0.3166999999880318,0.3326999999881082,0.3491999999878317,0.36569999998800995,0.38230000001203734,0.39969999998811545,0.415800000012041,0.4323999999760417,0.4490000000000691,0.46639999997614723,0.4823999999762236,0.49980000001187364,0.5158999999762273,0.5323000000116735,0.5491000000238273,0.5656000000240056,0.5823999999761327,0.5991000000240092,0.61569999998801,0.63310000002366,0.6494999999999891,0.6656000000239146,0.6823999999760417,0.69889999997622,0.715699999987919,0.7323000000119464,0.7491000000236454,0.7656999999881009,0.7824999999997999,0.7991000000238273,0.8158000000116772,0.8323000000118554,0.8496999999879336,0.8658000000118591,0.8825000000001637,0.8996999999881155,0.9156999999881918,0.9323999999760417,0.9490000000000691,0.9658999999760454,0.9823000000119464,0.9989999999997963,1.0153999999761254,1.0323000000116735,1.0489999999999782,1.0656000000240056,1.082100000023729,1.09900000000016,1.11569999998801,1.1325000000001637,1.1496999999881155,1.165800000012041,1.1823000000117645,1.1990000000000691,1.215699999987919,1.2323000000119464,1.2489999999997963,1.26580000001195,1.2828000000117754,1.2989999999999782,1.3156000000240056,1.3323000000118554,1.34900000000016,1.3656000000237327,1.3823000000120373,1.3989999999998872,1.4156000000239146,1.4323000000117645,1.4490000000000691,1.4656000000236418,1.4823000000119464,1.499399999976049,1.515699999988101,1.533100000023751,1.5496999999882064,1.5656000000240056,1.5824999999999818,1.5991999999878317,1.61569999998801,1.6320000000000618,1.6489999999998872,1.6656999999881918,1.6823000000117645,1.6988000000119428,1.7156000000236418,1.7323000000119464,1.7489999999997963,1.7656000000238237,1.783100000023751,1.7991000000238273,1.8156000000240056,1.8328000000119573,1.8491000000240092,1.86569999998801,1.88310000002366,1.900000000000091,1.9156999999881918,1.9329999999999927,1.9490000000000691,1.9656000000236418,1.9823000000119464,1.9988999999759471,2.015699999988101,2.0323000000116735,2.048999999999978,2.0656000000240056,2.0823000000118554,2.09900000000016,2.1156000000237327,2.1323000000120373,2.1489999999998872,2.1663999999759653,2.1823999999760417,2.1991000000239183,2.2163999999761472,2.2328000000120483,2.2496999999880245,2.2660000000000764,2.2823000000116735,2.2991000000238273,2.315699999987828,2.332699999988108,2.34900000000016,2.365800000011859,2.38310000002366,2.3996999999881155,2.415699999988192,2.4323999999760417,2.449000000000069,2.465699999987919,2.4821999999880973,2.4989999999997963,2.5156000000238237,2.5323999999759508,2.548899999976129,2.56619999998793,2.5823000000118554,2.59900000000016,2.6161000000238346,2.6325000000001637,2.6498000000119646,2.6656000000239146,2.6823000000117645,2.6998000000116917,2.7159999999998945,2.7321999999880973,2.7489999999997963,2.765699999988101,2.7821999999878244,2.798899999976129,2.815699999987828,2.832600000023831,2.84900000000016,2.86569999998801,2.883199999987937,2.8998000000119646,2.9166000000236636,2.9323000000117645,2.949000000000069,2.9654999999997926,2.9823000000119464,2.998899999975947,3.0154999999999745,3.0323000000116735,3.048999999999978,3.065699999987828,3.0823000000118554,3.09900000000016,3.116399999976238]",0.016651337,0.000438075,188.0,left,1.0,,,,,,2.0,0.0,8.0,0.5,-3.490612457,-1.0,0.854591185,-0.990439923,22.0,-0.006108652,0.369173441,0.034771665,0.081264392,0.215269419,6.0,1.649911139,0.157570195,21.0,-0.010471976,0.368150016,0.035450396,0.075174448,0.223969416,6.0,0.305956882,-0.574435022,28.0,0.006108652,0.373747518,0.036497013,0.082304542,0.218348002,5.0,0.43415138,-0.763233412,46.0,-8.92894e-14,0.385892478,0.022689461,0.062794509,0.135276835,6.0,1.916334867,0.637367507,84.0,-0.002617994,0.412727296,0.032139903,0.078825818,0.191863964,5.0,0.452000773,-0.785808032,60.0,0.008726646,0.394321176,0.024708435,0.063628191,0.162696287,6.0,0.748758482,-0.997316269,66.0,-0.006108652,0.398200129,0.038012219,0.074472022,0.208169201,4.0,0.087606307,-0.174317501,4.0,0.001745329,0.345391377,0.044661649,0.086491224,0.292502374,6.0,0.0,0.0,0.0,0.0,0.0,0.0,0.0,0.0,0.0,0.0,0.0,0.0,0.0,0.0,0.0,0.0,0.0,0.0,0.0,0.0,0.0,0.0,0.0,0.0,0.0,0.0,0.0,0.0,0.0,0.0,0.0,0.0,0.0,0.0,0.0,0.0,,,,,,,0.5017,,0.0,21.0,21.0,21.0,1.0,,,,,,,,,,,,,,,,,,,,,,,,,,,,0
S070,2,2024-11-21_13h14.36.924,MotivatedInference,2024.1.5,Win32,60.24096386,668be8e87e83611e680fb3ab,{{%SESSION_ID%},Chrome,,,,,,,,,,,,,,,,,,,,,,,,,,,,,,-1.0,,,,,,,,5.0,,,,,,,,,conditions/conds_180.csv,2.0,1.0,,,,,,,,,2587.8204,2590.9192,"[0.002900000035424455,0.015400000035697303,0.03210000002354718,0.04920000004767644,0.06620000004750182,0.08210000002372908,0.09870000004730173,0.11540000003560635,0.13220000004730537,0.14870000004748363,0.1654000000353335,0.18190000003551177,0.19870000004766553,0.21820000004754547,0.23240000003534078,0.2488000000116699,0.26530000001184817,0.28199999999969805,0.29860000002372544,0.31540000003542445,0.3327000000476801,0.34880000001157896,0.3653000000117572,0.38190000003532987,0.39880000001176086,0.4154000000353335,0.43240000003561363,0.4487000000476655,0.4654000000355154,0.48210000002382003,0.4987000000473927,0.5161000000234708,0.533600000023398,0.5488000000118518,0.5654000000354245,0.5841000000236818,0.5987000000473017,0.6154999999998836,0.6319999999996071,0.6486000000236345,0.6658000000115862,0.681999999999789,0.6987000000476655,0.715200000047389,0.7319999999999709,0.7484999999996944,0.7654999999999745,0.7821000000235472,0.7993000000114989,0.8153000000115753,0.83199999999988,0.8486000000234526,0.8653000000117572,0.8834999999999127,0.89890000003561,0.915700000047309,0.9321000000236381,0.9486000000238164,0.965200000047389,0.9827000000473163,0.9994000000356209,1.0153000000118482,1.0321000000235472,1.0487000000475746,1.0653000000115753,1.083100000023478,1.0996000000236563,1.1154000000356064,1.1321000000234562,1.1487000000474836,1.1654000000353335,1.1828000000118664,1.198800000011488,1.2154000000355154,1.231999999999971,1.2491000000236454,1.2654000000356973,1.282600000023649,1.2986000000237254,1.3154000000354245,1.33199999999988,1.3486000000234526,1.3653000000117572,1.3828000000116845,1.3991000000237364,1.4153000000114844,1.431999999999789,1.4487000000476655,1.4653000000116663,1.481999999999971,1.4987000000473927,1.5153000000118482,1.5329000000356245,1.549400000035348,1.5664999999999054,1.58199999999988,1.598900000035428,1.6154000000356064,1.6339000000357373,1.6486000000236345,1.6654000000353335,1.6819000000355118,1.6987000000476655,1.7154000000355154,1.7318000000118445,1.7487000000473927,1.7654000000356973,1.781999999999698,1.7986000000237254,1.8154999999997017,1.83199999999988,1.8486000000234526,1.8654000000356064,1.881999999999607,1.9004000000354608,1.9158000000115862,1.931999999999789,1.9487000000476655,1.9654000000355154,1.981999999999971,1.9984000000354172,2.015300000011848,2.0328000000117754,2.0486000000237254,2.0653000000115753,2.08199999999988,2.0987000000473017,2.1154000000356064,2.131999999999607,2.1487000000474836,2.1654999999996107,2.182100000023638,2.1996000000235654,2.2156000000236418,2.231999999999971,2.2486000000235435,2.265300000011848,2.283499999999549,2.2987000000475746,2.3159000000355263,2.332100000023729,2.3486000000234526,2.3654000000356064,2.3821000000234562,2.399499999999989,2.4158000000115862,2.432100000023638,2.44840000003569,2.46510000002354,2.48210000002382,2.4987000000473927,2.5159999999996217,2.532100000023547,2.5487000000475746,2.5653000000115753,2.582100000023729,2.5986000000234526,2.615300000011757,2.631999999999607,2.648400000035508,2.6653000000114844,2.682100000023638,2.698800000011488,2.7153000000116663,2.731999999999971,2.7487000000473927,2.7654000000356973,2.7817000000472945,2.7987000000475746,2.8153000000115753,2.83199999999988,2.850100000023758,2.865300000011757,2.88190000003533,2.8986000000236345,2.9153000000114844,2.9334000000353626,2.948800000011488,2.9654999999997926,2.981999999999971,2.9984999999996944,3.0154000000356973,3.0329000000356245,3.0496000000234744,3.0657000000474,3.0819000000356027,3.0986000000234526]",0.016643548,0.000701984,187.0,left,0.0,,,,,,1.0,0.0,8.0,0.5,2.394043424,-1.0,1.977365228,0.726447115,7.0,-0.003490659,0.352071506,0.033456274,0.080650645,0.190019159,6.0,1.771823251,0.39130924,25.0,0.001745329,0.371739039,0.031180836,0.079221418,0.176784845,4.0,0.473484983,-0.811649254,13.0,0.012217305,0.36034398,0.040523863,0.087309629,0.214125832,4.0,2.451778777,0.981782869,11.0,-0.013089969,0.357861323,0.044486954,0.075207378,0.243622836,5.0,2.053154717,0.821887613,79.0,-0.004363323,0.40793127,0.02386995,0.059748747,0.165450333,7.0,2.791336253,0.644609815,16.0,0.017453293,0.363466057,0.031192723,0.069909496,0.180964939,5.0,0.837050175,-0.994668883,92.0,-0.000872665,0.422008311,0.023140698,0.057298337,0.164165775,6.0,2.798025182,0.634324909,79.0,-0.004363323,0.40793127,0.02386995,0.059748747,0.165450333,7.0,0.0,0.0,0.0,0.0,0.0,0.0,0.0,0.0,0.0,0.0,0.0,0.0,0.0,0.0,0.0,0.0,0.0,0.0,0.0,0.0,0.0,0.0,0.0,0.0,0.0,0.0,0.0,0.0,0.0,0.0,0.0,0.0,0.0,0.0,0.0,0.0,,,,,,,0.7931,,0.0,22.0,22.0,22.0,1.0,,,,,,,,,,,,,,,,,,,,,,,,,,,,0
S070,2,2024-11-21_13h14.36.924,MotivatedInference,2024.1.5,Win32,60.24096386,668be8e87e83611e680fb3ab,{{%SESSION_ID%},Chrome,,,,,,,,,,,,,,,,,,,,,,,,,,,,,,-1.0,,,,,,,,3.0,,,,,,,,,conditions/conds_180.csv,2.0,1.0,,,,,,,,,2592.7223,2594.4385,"[0.0015000000003055902,0.016599999964455492,0.03000000000020009,0.051300000012361124,0.06380000001217923,0.0845999999646665,0.09750000000030923,0.11339999997653649,0.13100000000031287,0.15030000001206645,0.1638999999763655,0.18450000000029831,0.19739999997636914,0.2178000000121756,0.23050000000012005,0.25219999998807907,0.2665999999644555,0.2800999999644773,0.2980000000002292,0.31680000001233566,0.3350999999643136,0.3510000000001128,0.36409999996431,0.3840999999642918,0.3978999999762891,0.4170000000003711,0.43030000001226654,0.44969999998829735,0.46339999997644554,0.4800999999642954,0.4966999999883228,0.5163000000120519,0.5300999999644773,0.5518999999762855,0.5638000000121792,0.5833999999763364,0.5998000000122374,0.6133999999765365,0.6330000000002656,0.6510999999645719,0.6643999999764674,0.6838000000120701,0.7005000000003747,0.716399999976602,0.7303999999762709,0.7503000000119755,0.7665999999644555,0.7830999999646338,0.7965000000003783,0.816399999976511,0.8341999999884138,0.8495000000002619,0.8638999999761836,0.8830000000002656,0.8978999999762891,0.9163999999764201,0.9300999999645683,0.9466999999881409,0.9663000000123247,0.9800999999642954,1.00119999998833,1.0135000000000218,1.0335000000000036,1.0500999999644591,1.0650000000000546,1.0805999999643063,1.1003999999761618,1.1135000000003856,1.135399999976471,1.1503000000120664,1.1633999999762636,1.1828999999765983,1.197300000012092,1.2160999999646265,1.2308999999763728,1.2475000000004002,1.264099999964401,1.285399999976562,1.3005000000002838,1.3135000000002037,1.3298000000122556,1.3466999999882319,1.367399999976442,1.3873000000121465,1.3993000000123175,1.4161999999882937,1.4348000000122738,1.4473999999763691,1.4683000000122775,1.4800000000000182,1.4966999999883228,1.5163999999763291,1.532699999988381,1.5466999999885047,1.5665000000003602,1.5808000000120046,1.5995999999645392,1.6135000000003856,1.6310000000003129,1.650000000000091,1.6635000000001128,1.68380000001207,1.6975000000002183,1.7160999999646265]",0.016646602,0.002874319,104.0,left,1.0,,,,,,2.0,0.0,4.0,0.5,-2.140805033,-1.0,0.698924731,-0.985081931,63.0,0.002617994,0.396190386,0.03208284,0.060740902,0.237954322,6.0,2.065906342,0.836146687,81.0,-0.006981317,0.409724184,0.034267936,0.062711279,0.215248408,5.0,0.735098303,-0.994944114,8.0,-0.008726646,0.353798062,0.040824325,0.088208322,0.256820315,6.0,0.824614876,-0.996925675,41.0,0.013089969,0.382506884,0.032100804,0.075836611,0.218324429,6.0,0.0,0.0,0.0,0.0,0.0,0.0,0.0,0.0,0.0,0.0,0.0,0.0,0.0,0.0,0.0,0.0,0.0,0.0,0.0,0.0,0.0,0.0,0.0,0.0,0.0,0.0,0.0,0.0,0.0,0.0,0.0,0.0,0.0,0.0,0.0,0.0,0.0,0.0,0.0,0.0,0.0,0.0,0.0,0.0,0.0,0.0,0.0,0.0,0.0,0.0,0.0,0.0,0.0,0.0,0.0,0.0,0.0,0.0,0.0,0.0,0.0,0.0,0.0,0.0,0.0,0.0,0.0,0.0,0.0,0.0,0.0,0.0,,,,,,,0.4841,,0.0,23.0,23.0,23.0,1.0,,,,,,,,,,,,,,,,,,,,,,,,,,,,0
S070,2,2024-11-21_13h14.36.924,MotivatedInference,2024.1.5,Win32,60.24096386,668be8e87e83611e680fb3ab,{{%SESSION_ID%},Chrome,,,,,,,,,,,,,,,,,,,,,,,,,,,,,,1.0,,,,,,,,11.0,,,,,,,,,conditions/conds_180.csv,2.0,1.0,,,,,,,,,2597.2068,2601.7058,"[0.0033999999764091626,0.015499999999974534,0.02869999998847561,0.049899999976332765,0.062399999976150866,0.07969999998840649,0.09989999997651466,0.11719999998831554,0.1295999999642845,0.14839999997639097,0.16609999996444458,0.18409999996447368,0.19959999996444822,0.21239999997624182,0.233199999988301,0.24589999997624545,0.26650000000017826,0.2791999999881227,0.29650000000037835,0.31650000000036016,0.32869999998820276,0.34950000000026193,0.3665000000000873,0.378899999976511,0.39869999998836647,0.4130000000000109,0.4318999999763946,0.4461999999884938,0.46639999997614723,0.4803000000119937,0.4953999999761436,0.5161999999882028,0.5323999999764055,0.5455000000001746,0.5628999999762527,0.583800000012161,0.5963000000119791,0.6121999999882064,0.6336999999884938,0.646300000012161,0.6666999999883956,0.6795999999644664,0.6983999999765729,0.7160000000003492,0.7288000000121428,0.74559999996427,0.7665999999644555,0.7833999999761545,0.7958000000121501,0.8165000000003602,0.8295999999645574,0.8488999999763109,0.8621999999882064,0.8831999999883919,0.896300000012161,0.9123999999765147,0.9331999999881191,0.9461999999884938,0.9656999999883737,0.9800999999642954,0.9995000000003529,1.0128999999765256,1.0325000000002547,1.050000000000182,1.0625,1.08319999998821,1.09619999998813,1.1165000000000873,1.1290000000003602,1.1498000000119646,1.1668000000122447,1.1795999999644664,1.1980999999645974,1.2121999999881155,1.2318000000122993,1.246199999988221,1.266899999976431,1.2796999999882246,1.2995999999643573,1.3121999999884792,1.333699999988312,1.349500000000262,1.3626999999883083,1.3823999999763146,1.399000000000342,1.4146999999884429,1.428800000011961,1.4455000000002656,1.4666999999881227,1.4796999999884974,1.4985000000001492,1.5130000000003747,1.5318000000120264,1.5485999999646083,1.5628999999762527,1.5823999999761327,1.6003999999761618,1.6125999999644591,1.632599999964441,1.6463999999764383,1.6658999999763182,1.6795000000001892,1.6996999999882973,1.7123999999762418,1.7320999999642481,1.7483000000120228,1.7621999999882973,1.7830000000003565,1.7955000000001746,1.815199999988181,1.8288999999763291,1.8483000000119318,1.8673000000121647,1.8795999999642845,1.899499999999989,1.9138000000120883,1.9286999999881118,1.9455000000002656,1.9628999999763437,1.9833000000121501,1.9958999999762455,2.0160999999643536,2.032000000000153,2.0455000000001746,2.066300000012234,2.0840000000002874,2.0955999999646338,2.116199999988112,2.1295999999642845,2.149000000000342,2.162899999976162,2.1818999999763946,2.196300000012343,2.2123000000119646,2.231599999964601,2.246199999988221,2.265199999988454,2.2795999999643755,2.2998999999763328,2.3125,2.3335000000001855,2.345699999988483,2.3623999999763328,2.381599999964237,2.3955000000000837,2.411899999976413,2.4323999999764965,2.448399999976573,2.4621999999881155,2.478800000012143,2.498899999976402,2.5121999999882973,2.5340000000001055,2.5460999999645537,2.565099999964332,2.5786999999882028,2.5955000000003565,2.6143000000120082,2.6338999999761654,2.645800000012059,2.667000000000371,2.678899999976238,2.6983000000122956,2.7120999999642663,2.7318999999765765,2.7481999999881737,2.7650999999646046,2.7788000000123247,2.7955000000001746,2.8121999999884792,2.828800000012052,2.8455000000003565,2.8620999999643573,2.878800000012234,2.899499999999989,2.915899999976318,2.931500000000142,2.9455000000002656,2.9620999999642663,2.978800000012143,2.999000000000251,3.0121999999882973,3.0318000000120264,3.0453999999763255,3.065800000012132,3.0790000000001783,3.0980999999642336,3.117399999976442,3.1335999999646447,3.146199999988312,3.165300000011939,3.179500000000189,3.1981999999884465,3.213000000000193,3.232699999988199,3.2463999999763473,3.2648999999764783,3.2788000000123247,3.2953999999763255,3.3155000000001564,3.3313000000121065,3.3453999999765074,3.3621999999882064,3.3790999999646374,3.3960999999644628,3.4170999999646483,3.42939999997634,3.448500000000422,3.4656999999883737,3.478800000012143,3.4954999999999927,3.5128999999765256,3.5330999999646338,3.545599999964452,3.5650000000000546,3.58159999996451,3.5955000000003565,3.616300000011961,3.6295000000000073,3.64939999997614,3.663000000000011,3.6820000000002437,3.6953999999764164,3.711999999999989,3.7286999999882937,3.75,3.7654999999999745,3.7786999999884756,3.796300000012252,3.8155000000001564,3.8313999999763837,3.8455999999646338,3.8655999999646156,3.8796999999881336,3.898399999976391,3.912899999976162,3.9316999999882682,3.9463999999761654,3.9661999999884756,3.9793000000122447,3.999899999976151,4.013099999964652,4.033199999988483,4.045599999964452,4.067199999988134,4.07950000000028,4.099099999964437,4.1165999999643645,4.128899999976511,4.1496999999881155,4.166099999964445,4.1790999999643645,4.198800000011943,4.212500000000091,4.2318999999765765,4.245499999999993,4.262099999964448,4.279699999988225,4.299899999976333,4.312899999976253,4.332399999976133,4.34619999998813,4.362199999988206,4.381399999976566,4.396300000012161,4.415699999988192,4.42939999997634,4.450399999976526,4.462500000000091,4.483000000000175,4.498899999976402]",0.01665,0.002994399,271.0,left,0.0,,,,,,2.0,0.0,12.0,0.5,-2.544840385,1.0,3.128644374,0.025893665,38.0,-0.004363323,0.380540373,0.035789754,0.080850361,0.267900983,7.0,2.982938435,0.312010497,11.0,-0.013089969,0.357861323,0.044486954,0.075207378,0.243622836,5.0,1.49227117,-0.156405507,32.0,0.007853982,0.376580194,0.027808234,0.064839678,0.152904525,6.0,1.05947586,-0.853487224,10.0,-0.004363323,0.356575755,0.034939804,0.084929929,0.233599272,6.0,2.927304963,0.415575451,87.0,0.006108652,0.415699595,0.038834066,0.066745096,0.25903141,5.0,2.970359892,0.33581046,28.0,0.006108652,0.373747518,0.036497013,0.082304542,0.218348002,5.0,1.815626568,0.470326294,97.0,0.006981317,0.43254107,0.031598025,0.077611504,0.241207486,6.0,1.238814458,-0.616243349,46.0,-8.92894e-14,0.385892478,0.022689461,0.062794509,0.135276835,6.0,1.098509402,-0.810247245,29.0,-0.000872665,0.374372435,0.035828607,0.080766738,0.158410304,4.0,0.135213751,-0.267143427,27.0,-0.002617994,0.373032979,0.031793157,0.076653108,0.191027089,4.0,0.496564884,-0.837739153,14.0,-0.004363323,0.361562951,0.033827978,0.08680928,0.200727788,5.0,1.271675214,-0.563190847,75.0,-0.006981317,0.404601252,0.036318328,0.07284169,0.209916045,6.0,,,,,,,0.6012,,0.0,24.0,24.0,24.0,1.0,,,,,,,,,,,,,,,,,,,,,,,,,,,,0
S070,2,2024-11-21_13h14.36.924,MotivatedInference,2024.1.5,Win32,60.24096386,668be8e87e83611e680fb3ab,{{%SESSION_ID%},Chrome,,,,,,,,,,,,,,,,,,,,,,,,,,,,,,1.0,,,,,,,,4.0,,,,,,,,,conditions/conds_180.csv,2.0,1.0,,,,,,,,,2603.2911,2605.0022,"[0.0015999999641280738,0.014799999952174403,0.03039999997599807,0.044499999999970896,0.061199999987820775,0.08219999998800631,0.09489999997595078,0.11599999999998545,0.12969999998813364,0.14429999995218168,0.16119999998772983,0.18049999999993815,0.1943999999762127,0.2110999999640626,0.2304999999996653,0.2450999999641681,0.2610999999642445,0.28059999996412444,0.2981999999879008,0.31399999999985084,0.3308999999758271,0.34709999996402985,0.3638999999761836,0.3776999999877262,0.3943999999760308,0.41189999997595805,0.4283999999761363,0.44879999995237085,0.46129999995218895,0.4777999999523672,0.4980000000000473,0.5162999999520252,0.5284999999998945,0.5481999999879008,0.5617999999521999,0.5806999999881555,0.594499999999698,0.6110999999641535,0.6282999999521053,0.6451999999881082,0.6615999999639826,0.6807999999523418,0.6975999999640408,0.7113999999760381,0.7313999999760199,0.7473999999760963,0.7609999999999673,0.7805999999641244,0.7953999999758707,0.8157999999521053,0.8291999999878499,0.8490999999639826,0.8627999999521307,0.880899999976009,0.8951999999881082,0.9143999999760126,0.9277999999521853,0.9443999999762127,0.9620999999642663,0.9813999999760199,0.999399999976049,1.011899999975867,1.0299999999997453,1.0478999999759253,1.0648999999762054,1.077699999987999,1.0981999999880827,1.111399999976129,1.1315999999642372,1.1448999999761327,1.1613999999758562,1.1777999999521853,1.1975999999640408,1.2110999999640626,1.2277999999523672,1.2475999999642227,1.2619999999997162,1.2778999999759435,1.2986999999880027,1.311899999976049,1.327699999987999,1.348399999976209,1.3647999999520835,1.3805999999640335,1.39449999999988,1.4110999999638807,1.4314999999996871,1.4443999999762127,1.4637999999522435,1.4777999999523672,1.4970999999641208,1.5109999999999673,1.5277999999520944,1.548899999976129,1.5617999999521999,1.5805999999643063,1.5952999999522035,1.6109999999998763,1.6277999999520034,1.6443999999760308,1.6649999999999636,1.677699999987908,1.6973999999759144,1.7109999999997854]",0.016596117,0.002576779,104.0,right,1.0,,,,,,2.0,0.0,4.0,0.5,-0.976527067,1.0,0.465291037,-0.801967789,18.0,-0.008726646,0.365457086,0.031782524,0.075683607,0.153768306,4.0,2.0627243,0.832639041,36.0,0.002617994,0.379263044,0.03913601,0.077664539,0.168574417,3.0,1.381080916,-0.370391833,97.0,0.006981317,0.43254107,0.031598025,0.077611504,0.241207486,6.0,0.345174615,-0.636806486,2.0,0.008726646,0.338473989,0.032964075,0.086271212,0.185208292,4.0,0.0,0.0,0.0,0.0,0.0,0.0,0.0,0.0,0.0,0.0,0.0,0.0,0.0,0.0,0.0,0.0,0.0,0.0,0.0,0.0,0.0,0.0,0.0,0.0,0.0,0.0,0.0,0.0,0.0,0.0,0.0,0.0,0.0,0.0,0.0,0.0,0.0,0.0,0.0,0.0,0.0,0.0,0.0,0.0,0.0,0.0,0.0,0.0,0.0,0.0,0.0,0.0,0.0,0.0,0.0,0.0,0.0,0.0,0.0,0.0,0.0,0.0,0.0,0.0,0.0,0.0,0.0,0.0,0.0,0.0,0.0,0.0,,,,,,,0.5938,,0.0,25.0,25.0,25.0,1.0,,,,,,,,,,,,,,,,,,,,,,,,,,,,0
S070,2,2024-11-21_13h14.36.924,MotivatedInference,2024.1.5,Win32,60.24096386,668be8e87e83611e680fb3ab,{{%SESSION_ID%},Chrome,,,,,,,,,,,,,,,,,,,,,,,,,,,,,,1.0,,,,,,,,1.0,,,,,,,,,conditions/conds_180.csv,2.0,1.0,,,,,,,,,2606.6034,2608.319,"[0.0016000000236999767,0.015499999999974534,0.03240000003552268,0.04899999999997817,0.06549999999970169,0.08220000004757821,0.09960000002365632,0.11560000002373272,0.13210000002391098,0.14910000002373636,0.16620000004741087,0.18299999999999272,0.1997000000474145,0.21549999999979264,0.23210000002382003,0.2497000000475964,0.26620000004777467,0.2821000000235472,0.2987000000475746,0.3154999999997017,0.3328000000119573,0.34940000003552996,0.3665000000000873,0.3819000000357846,0.39880000001176086,0.4153000000119391,0.43220000004748726,0.4489000000357919,0.46549999999979264,0.4829999999997199,0.49960000002374727,0.5154000000356973,0.5321000000235472,0.5489000000357009,0.5654000000354245,0.5822000000475782,0.598800000011579,0.6154000000356064,0.632100000023911,0.6487000000474836,0.6656000000239146,0.6824999999998909,0.6990000000000691,0.7156000000236418,0.73210000002382,0.7504999999996471,0.7669000000355481,0.7829000000356245,0.7989000000357009,0.8161000000236527,0.8321000000237291,0.848800000011579,0.8654999999998836,0.8823000000115826,0.8988000000117609,0.9155000000000655,0.9321000000236381,0.9488000000119428,0.9654999999997926,0.9829999999997199,1.0007000000473454,1.0163000000115971,1.0334000000357264,1.0489999999999782,1.0653000000115753,1.082100000023729,1.098800000011579,1.1154000000356064,1.132100000023911,1.1488000000117609,1.1655000000000655,1.1821000000236381,1.1988000000119428,1.2154999999997926,1.2323000000119464,1.2487000000473927,1.2654999999999745,1.2821000000235472,1.2988000000118518,1.3154000000354245,1.332100000023729,1.3498000000117827,1.3662000000476837,1.382100000023911,1.3989999999998872,1.4152000000476619,1.4321000000236381,1.448900000035792,1.4654999999997926,1.4829000000354426,1.49880000001167,1.5154999999999745,1.5321000000235472,1.5488000000118518,1.5654999999997017,1.5822000000475782,1.598800000011579,1.6162000000476837,1.6320000000000618,1.6487000000474836,1.6653000000119391,1.6821000000236381,1.6986000000238164,1.7154999999997926]",0.016639806,0.00053214,104.0,left,1.0,,,,,,1.0,0.0,4.0,0.5,-0.328511098,1.0,2.806832393,0.62061009,65.0,0.000872665,0.397557211,0.028332609,0.059251996,0.151978572,5.0,0.434368976,-0.763514527,24.0,-0.000872665,0.370951047,0.044446314,0.068882508,0.271498611,5.0,2.829407328,0.584586778,11.0,-0.013089969,0.357861323,0.044486954,0.075207378,0.243622836,5.0,0.439572191,-0.770193439,57.0,0.007853982,0.392441245,0.040602447,0.07130778,0.218867016,4.0,0.0,0.0,0.0,0.0,0.0,0.0,0.0,0.0,0.0,0.0,0.0,0.0,0.0,0.0,0.0,0.0,0.0,0.0,0.0,0.0,0.0,0.0,0.0,0.0,0.0,0.0,0.0,0.0,0.0,0.0,0.0,0.0,0.0,0.0,0.0,0.0,0.0,0.0,0.0,0.0,0.0,0.0,0.0,0.0,0.0,0.0,0.0,0.0,0.0,0.0,0.0,0.0,0.0,0.0,0.0,0.0,0.0,0.0,0.0,0.0,0.0,0.0,0.0,0.0,0.0,0.0,0.0,0.0,0.0,0.0,0.0,0.0,,,,,,,0.635,,0.0,26.0,26.0,26.0,1.0,,,,,,,,,,,,,,,,,,,,,,,,,,,,0
S070,2,2024-11-21_13h14.36.924,MotivatedInference,2024.1.5,Win32,60.24096386,668be8e87e83611e680fb3ab,{{%SESSION_ID%},Chrome,,,,,,,,,,,,,,,,,,,,,,,,,,,,,,1.0,,,,,,,,10.0,,,,,,,,,conditions/conds_180.csv,2.0,1.0,,,,,,,,,2609.9523,2614.4856,"[0.0035999999645355274,0.01650000000017826,0.03330000001233202,0.049899999976332765,0.06659999996463739,0.0830999999643609,0.09989999997651466,0.11650000000008731,0.13319999998839194,0.1508000000121683,0.16659999996454644,0.1831999999881191,0.20069999998850108,0.21649999999999636,0.23419999998850471,0.24980000001232838,0.2665999999644555,0.2831999999884829,0.29980000001205553,0.31650000000036016,0.33409999996456463,0.34980000001223743,0.3665000000000873,0.38330000001224107,0.3998999999762418,0.4163999999764201,0.4331999999881191,0.4498999999764237,0.46649999999999636,0.48309999996445185,0.49989999997615087,0.5165999999644555,0.5341999999882319,0.5506999999884101,0.5668000000123357,0.5830999999643609,0.5998000000122374,0.6165000000000873,0.6331999999883919,0.6498000000119646,0.6665999999645464,0.6835000000000946,0.6998000000121465,0.7164999999999964,0.7330999999644519,0.7498999999761509,0.7665000000001783,0.7831999999884829,0.7998999999763328,0.8165999999646374,0.83319999998821,0.8498000000122374,0.8666999999882137,0.8840000000000146,0.9003000000120664,0.9165000000002692,0.933699999988221,0.9500000000002728,0.9661999999884756,0.9833999999764274,0.9998000000123284,1.0163999999763291,1.033300000012332,1.0498000000120555,1.0665000000003602,1.083099999964361,1.0998000000122374,1.1165000000000873,1.133199999988392,1.1498000000119646,1.167399999976169,1.183199999988119,1.1998000000121465,1.2175000000002,1.2340999999646556,1.2501999999881264,1.2660999999643536,1.2830999999646338,1.2998000000120555,1.316399999976511,1.333099999964361,1.3498999999765147,1.3665000000000873,1.383199999988392,1.4008000000121683,1.41639999997642,1.433199999988119,1.4498999999764237,1.4664999999999964,1.4830999999644519,1.500599999964379,1.5170000000002801,1.5330999999646338,1.5498000000120555,1.56739999997626,1.5833000000120592,1.5996999999883883,1.6163999999762382,1.633300000012241,1.6498000000119646,1.6665000000002692,1.68309999996427,1.6998000000121465,1.7164999999999964,1.7340000000003783,1.7498999999761509,1.7665999999644555,1.7830999999646338,1.7998000000120555,1.8165000000003602,1.8333999999763364,1.8498000000122374,1.8668000000120628,1.8830999999645428,1.8998000000119646,1.9165999999645464,1.933199999988119,1.9498000000121465,1.9668000000119719,1.9828999999763255,1.9998000000123284,2.016399999976329,2.0330999999646338,2.0498000000120555,2.06650000000036,2.0835000000001855,2.100000000000364,2.1165000000000873,2.1340000000000146,2.1503999999763437,2.16639999997642,2.1833000000119682,2.2003999999765256,2.2164999999999964,2.2330000000001746,2.2496999999884792,2.2665000000001783,2.2830999999646338,2.2998000000120555,2.31650000000036,2.333099999964361,2.3498000000122374,2.366399999976238,2.383099999964543,2.3998000000119646,2.416500000000269,2.4333000000119682,2.4498000000121465,2.4664999999999964,2.483099999964452,2.4996999999884792,2.5165000000001783,2.5333999999761545,2.5498999999763328,2.566399999976511,2.5830000000000837,2.5996999999883883,2.6165999999643645,2.633099999964543,2.6508000000121683,2.667399999976169,2.68309999996427,2.6998000000121465,2.7163999999761472,2.733099999964452,2.749899999976151,2.7665000000001783,2.783199999988483,2.8003999999764346,2.8165999999646374,2.8338999999764383,2.8506999999881373,2.8671999999883155,2.883300000012241,2.8995999999642663,2.91639999997642,2.9338999999763473,2.9498000000121465,2.9670999999643755,2.9835999999645537,2.9998000000123284,3.0165000000001783,3.033199999988483,3.0498000000120555,3.06650000000036,3.083099999964361,3.0998000000122374,3.1165000000000873,3.133199999988392,3.1508000000121683,3.16639999997642,3.18309999996427,3.1998000000121465,3.217399999976351,3.233199999988301,3.249500000000353,3.266300000012052,3.2828999999765074,3.2998000000120555,3.316399999976511,3.33319999998821,3.3498000000122374,3.366399999976238,3.383099999964543,3.3998000000119646,3.416899999976522,3.433199999988119,3.4498000000121465,3.4664999999999964,3.483199999988301,3.5,3.5166999999883046,3.533300000012332,3.5498000000120555,3.566300000012234,3.583099999964361,3.599500000000262,3.616300000011961,3.633099999964543,3.6503000000120664,3.667399999976169,3.68309999996427,3.700599999964652,3.717399999976351,3.733099999964452,3.7498000000123284,3.766399999976329,3.78369999998813,3.7996999999882064,3.81650000000036,3.833099999964361,3.8498999999765147,3.866399999976238,3.883099999964543,3.8998000000119646,3.916500000000269,3.933199999988119,3.95009999996455,3.9663999999761472,3.983099999964452,3.99959999996463,4.016500000000178,4.033199999988483,4.0498000000120555,4.066399999976511,4.083099999964361,4.099800000012237,4.116399999976238,4.133899999976165,4.15059999996447,4.16639999997642,4.18309999996427,4.199899999976424,4.216399999976147,4.233199999988301,4.249899999976151,4.266500000000178,4.283099999964634,4.2998000000120555,4.316300000012234,4.333099999964361,4.349800000012237,4.366399999976238,4.383300000012241,4.399800000011965,4.417300000012347,4.43309999996427,4.4498000000121465,4.466399999976147,4.483899999976529,4.499699999988479,4.516399999976329,4.533099999964634]",0.016652574,0.000455918,273.0,left,1.0,,,,,,1.0,0.0,12.0,0.5,3.428188959,1.0,0.838453634,-0.994375514,68.0,0.009599311,0.399449425,0.031951263,0.065393928,0.165147664,5.0,2.483457259,0.967782868,28.0,0.006108652,0.373747518,0.036497013,0.082304542,0.218348002,5.0,1.404880128,-0.325776009,83.0,0.005235988,0.41175896,0.032251087,0.065012348,0.244231929,6.0,1.716187986,0.286702747,28.0,0.006108652,0.373747518,0.036497013,0.082304542,0.218348002,5.0,0.908404664,-0.969891117,97.0,0.006981317,0.43254107,0.031598025,0.077611504,0.241207486,6.0,0.11299596,-0.224073169,68.0,0.009599311,0.399449425,0.031951263,0.065393928,0.165147664,5.0,2.617253474,0.866764858,69.0,-0.001745329,0.400311091,0.03773135,0.078132351,0.241087639,6.0,2.462907159,0.977311133,59.0,0.006981317,0.393731017,0.031135395,0.06163787,0.205460115,5.0,1.697735243,0.25115937,95.0,-0.003490659,0.427246221,0.028411926,0.064304978,0.203029515,6.0,2.232549221,0.969579196,75.0,-0.006981317,0.404601252,0.036318328,0.07284169,0.209916045,6.0,2.704012694,0.767646001,67.0,0.000872665,0.398829923,0.040120187,0.066830121,0.198372452,4.0,2.083917661,0.855358597,78.0,0.004363323,0.407032945,0.030231373,0.057417546,0.211999481,6.0,,,,,,,0.4827,,0.0,27.0,27.0,27.0,1.0,,,,,,,,,,,,,,,,,,,,,,,,,,,,0
S070,2,2024-11-21_13h14.36.924,MotivatedInference,2024.1.5,Win32,60.24096386,668be8e87e83611e680fb3ab,{{%SESSION_ID%},Chrome,,,,,,,,,,,,,,,,,,,,,,,,,,,,,,1.0,,,,,,,,7.0,,,,,,,,,conditions/conds_180.csv,2.0,1.0,,,,,,,,,2615.9691,2619.0902,"[0.0027999999524581654,0.016199999988202762,0.032999999999901775,0.049599999964357266,0.06619999998792991,0.08289999997623454,0.09959999996408442,0.11629999995238904,0.1328999999759617,0.15039999997634368,0.1662999999521162,0.1828999999761436,0.19959999996399347,0.21649999999999636,0.2328999999763255,0.24989999997615087,0.26619999998820276,0.28289999997605264,0.29979999995248363,0.3161999999879299,0.33289999997623454,0.3495999999640844,0.3661999999881118,0.3828999999759617,0.3995999999642663,0.4162999999521162,0.4328999999761436,0.45069999998804633,0.46639999997614723,0.4828999999763255,0.49949999999989814,0.5161999999882028,0.5328999999760526,0.5498999999763328,0.5670000000000073,0.5835000000001855,0.5996999999879336,0.6161999999881118,0.6327999999521126,0.6503999999763437,0.6669999999999163,0.6827999999522945,0.6995999999639935,0.7161999999880209,0.7337999999522253,0.7503999999762527,0.7665999999640007,0.7828999999760526,0.7995999999643573,0.8160999999640808,0.8330999999643609,0.8495999999640844,0.8661999999881118,0.8828999999759617,0.8994999999999891,0.9162999999521162,0.9328999999761436,0.9495999999639935,0.9661999999880209,0.98259999996435,0.9995999999641754,1.0165000000001783,1.0328999999760526,1.0495999999643573,1.0668999999761581,1.0828999999762345,1.0995999999640844,1.116299999952389,1.133699999988039,1.1503999999763437,1.166199999987839,1.1829999999999927,1.1997999999521198,1.2161999999880209,1.2328999999763255,1.2494999999998981,1.2661999999882028,1.2828999999760526,1.2995999999643573,1.31619999998793,1.3328999999762345,1.3496999999879336,1.366299999952389,1.3828999999759617,1.3995999999642663,1.4162999999521162,1.4328999999761436,1.449500000000171,1.4670999999643755,1.4828999999763255,1.4995999999641754,1.5160999999643536,1.5329999999999018,1.5502999999521307,1.56619999998793,1.5828999999762345,1.5994999999998072,1.616299999952389,1.633699999988039,1.6495999999642663,1.666199999987839,1.6827999999522945,1.6996999999878426,1.7170999999643755,1.7328999999763255,1.7495999999641754,1.7668999999759762,1.7828999999760526,1.7995999999643573,1.81619999998793,1.8328999999762345,1.8503999999761618,1.8670999999640117,1.8840999999642918,1.899499999999989,1.9166999999879408,1.9328999999761436,1.9493999999763219,1.9661999999880209,1.9828999999763255,1.9995999999641754,2.01629999995248,2.0328999999760526,2.0496999999882064,2.06619999998793,2.083599999964008,2.099499999999807,2.116199999988112,2.1327999999521126,2.150500000000193,2.1675999999642954,2.1827999999522945,2.199500000000171,2.2165999999642736,2.2327999999524764,2.2496999999880245,2.2661999999882028,2.2826999999879263,2.2995999999643573,2.31619999998793,2.3328999999762345,2.3495999999640844,2.366199999988112,2.3827999999521126,2.3995999999642663,2.416199999987839,2.4328999999761436,2.4495999999639935,2.466199999988021,2.4827999999524764,2.499499999999898,2.5161999999882028,2.5327999999522035,2.5491999999881045,2.566299999952207,2.5827999999523854,2.599499999999807,2.616199999988112,2.6327999999521126,2.64939999997614,2.666199999987839,2.6828999999761436,2.699399999976322,2.717299999952502,2.7338999999760745,2.7495999999641754,2.7661999999882028,2.7828999999760526,2.79950000000008,2.81619999998793,2.8345999999642117,2.889699999987897,2.919599999964248,2.9365999999640735,2.9527999999522763,2.974499999999807,2.986399999976129,2.9995999999641754,3.0161999999882028,3.033099999964179,3.0522999999520835,3.0659999999998035,3.08319999998821,3.099799999952211,3.1208999999762455]",0.016946196,0.003105533,185.0,left,1.0,,,,,,2.0,0.0,8.0,0.5,-3.490612457,-1.0,0.854591185,-0.990439923,22.0,-0.006108652,0.369173441,0.034771665,0.081264392,0.215269419,6.0,1.649911139,0.157570195,21.0,-0.010471976,0.368150016,0.035450396,0.075174448,0.223969416,6.0,0.305956882,-0.574435022,28.0,0.006108652,0.373747518,0.036497013,0.082304542,0.218348002,5.0,0.43415138,-0.763233412,46.0,-8.92894e-14,0.385892478,0.022689461,0.062794509,0.135276835,6.0,1.916334867,0.637367507,84.0,-0.002617994,0.412727296,0.032139903,0.078825818,0.191863964,5.0,0.452000773,-0.785808032,60.0,0.008726646,0.394321176,0.024708435,0.063628191,0.162696287,6.0,0.748758482,-0.997316269,66.0,-0.006108652,0.398200129,0.038012219,0.074472022,0.208169201,4.0,0.087606307,-0.174317501,4.0,0.001745329,0.345391377,0.044661649,0.086491224,0.292502374,6.0,0.0,0.0,0.0,0.0,0.0,0.0,0.0,0.0,0.0,0.0,0.0,0.0,0.0,0.0,0.0,0.0,0.0,0.0,0.0,0.0,0.0,0.0,0.0,0.0,0.0,0.0,0.0,0.0,0.0,0.0,0.0,0.0,0.0,0.0,0.0,0.0,,,,,,,0.6178,,0.0,28.0,28.0,28.0,1.0,,,,,,,,,,,,,,,,,,,,,,,,,,,,0
S070,2,2024-11-21_13h14.36.924,MotivatedInference,2024.1.5,Win32,60.24096386,668be8e87e83611e680fb3ab,{{%SESSION_ID%},Chrome,,,,,,,,,,,,,,,,,,,,,,,,,,,,,,1.0,,,,,,,,9.0,,,,,,,,,conditions/conds_180.csv,2.0,1.0,,,,,,,,,2620.7221,2625.2067,"[0.003499999999803549,0.01609999996389888,0.029799999952047074,0.0464999999999236,0.06309999996392435,0.08249999999998181,0.09649999999965075,0.11799999999993815,0.1342999999519634,0.14969999998811545,0.1630999999638334,0.18239999997604173,0.19609999996418992,0.21549999999979264,0.22979999995231992,0.2464999999997417,0.2656999999881009,0.2798999999758962,0.3007999999522326,0.3131999999877735,0.329799999952229,0.3463999999758016,0.36599999999998545,0.3797999999519561,0.39909999996416445,0.4130999999638334,0.4329999999999927,0.44650000000001455,0.4672999999520471,0.4820999999642481,0.49689999997599443,0.5165999999640007,0.5299999999997453,0.5491999999881045,0.5637999999521526,0.5793999999759762,0.5970999999640298,0.6135999999642081,0.6300999999639316,0.64939999997614,0.6656999999877371,0.6796999999878608,0.6965000000000146,0.7162999999522981,0.7296999999880427,0.7490999999640735,0.7638999999758198,0.7796999999877698,0.7964999999999236,0.8170000000000073,0.8350000000000364,0.8463999999758016,0.8631999999879554,0.8837999999523163,0.8997999999519379,0.9158999999758635,0.9296999999878608,0.9491999999877407,0.9631999999878644,0.984599999963848,0.9965999999640189,1.0130999999641972,1.0322999999521016,1.0506999999879554,1.0630999999639243,1.079799999952229,1.0991999999878317,1.1138999999761836,1.1325999999639862,1.1471999999880609,1.1662999999521162,1.1802999999522399,1.1994999999997162,1.2130999999640153,1.234699999987697,1.2469999999998436,1.265699999988101,1.2825999999640771,1.2963999999760745,1.3130999999639243,1.3339999999998327,1.3510999999639353,1.3630999999641062,1.383699999988039,1.4001999999877626,1.413000000000011,1.4296999999878608,1.447199999987788,1.4676999999878717,1.4800999999638407,1.4991999999879226,1.5131999999880463,1.5322999999521016,1.5463999999760745,1.567199999987679,1.580500000000029,1.599399999975958,1.6130999999641062,1.6297999999519561,1.6473999999761872,1.666199999987839,1.679799999952138,1.7010999999638443,1.7137999999522435,1.7326999999877444,1.75,1.7630999999641972,1.7826999999879263,1.7963999999760745,1.8178999999759071,1.8300999999642045,1.849999999999909,1.86569999998801,1.8826999999878353,1.896699999987959,1.9160999999639898,1.929799999952138,1.9489999999996144,1.9638999999760927,1.97979999995232,1.9963999999758926,2.0162999999520252,2.030399999975998,2.049399999975776,2.0630999999639243,2.079799999952229,2.1000999999641863,2.1138999999761836,2.133099999964088,2.1468999999760854,2.166299999952116,2.179699999987861,2.199299999952018,2.2131999999878644,2.2296999999880427,2.2486999999878208,2.263099999964197,2.27969999998777,2.2963999999760745,2.3130999999639243,2.33199999999988,2.3463999999758016,2.3669999999997344,2.3805999999640335,2.3991999999880136,2.413000000000011,2.43349999999964,2.4512999999519707,2.46349999999984,2.4839999999999236,2.496699999987868,2.516099999963899,2.52969999998777,2.5462999999522253,2.5636999999878753,2.5823999999761327,2.5963999999758016,2.615799999952287,2.630399999975907,2.64939999997614,2.6630999999638334,2.680399999976089,2.699299999952018,2.7130999999640153,2.7296999999880427,2.7511999999878753,2.76389999997582,2.7795999999639207,2.8000999999640044,2.8137999999521526,2.8343999999760854,2.847299999952156,2.8630999999641062,2.8840000000000146,2.8970999999642117,2.9159999999997126,2.930499999999938,2.9506999999880463,2.963599999964117,2.9828999999758707,2.9963999999758926,3.013999999999669,3.034799999952156,3.0464999999999236,3.062999999999647,3.084199999987959,3.09709999996403,3.116199999988112,3.13239999997586,3.1463999999759835,3.1630999999638334,3.1848999999760963,3.199899999975969,3.2130999999640153,3.234299999952327,3.2467999999521453,3.268000000000029,3.279799999952047,3.3011999999880572,3.316299999952207,3.329799999952229,3.3462999999519525,3.367299999952138,3.3804999999997563,3.3989999999998872,3.41399999999976,3.4328999999761436,3.4474999999997635,3.467299999952047,3.4828999999758707,3.4996999999880245,3.5158999999757725,3.52969999998777,3.5522999999520835,3.5676999999877808,3.5796999999879517,3.599299999952109,3.6137999999523345,3.633199999987937,3.6470999999642117,3.6664999999998145,3.679699999987861,3.700599999964197,3.7136999999879663,3.734299999952327,3.7467999999521453,3.763099999964197,3.78459999996403,3.7963999999760745,3.8130999999639243,3.832599999964259,3.8469999999997526,3.865799999952287,3.8804999999997563,3.9007999999521417,3.9131999999876825,3.9339999999997417,3.9463999999761654,3.967999999999847,3.98019999998769,3.999899999976151,4.012899999976071,4.032899999976053,4.0463999999760745,4.063099999963924,4.079799999952229,4.096399999975802,4.113099999964106,4.130499999999756,4.150699999987864,4.166699999987941,4.182399999976042,4.197099999963939,4.212999999999738,4.229699999988043,4.246299999952043,4.26389999997582,4.283899999975802,4.300499999999829,4.313899999976002,4.329799999952229,4.351199999987784,4.3637999999523345,4.382699999987835,4.3969999999999345,4.4158999999758635,4.430399999976089,4.449099999963892,4.463199999987864,4.484399999976176]",0.016657621,0.002877794,270.0,left,0.0,,,,,,1.0,0.0,12.0,0.5,1.432323236,-1.0,0.787774978,-0.999988702,66.0,-0.006108652,0.398200129,0.038012219,0.074472022,0.208169201,4.0,1.901180693,0.613723964,70.0,0.007853982,0.401012824,0.032375196,0.060909739,0.168550131,4.0,1.756886735,0.363647805,87.0,0.006108652,0.415699595,0.038834066,0.066745096,0.25903141,5.0,1.182102371,-0.701420053,53.0,-0.003490659,0.390095866,0.043303837,0.083823939,0.349451294,6.0,3.086738869,0.109487633,46.0,-8.92894e-14,0.385892478,0.022689461,0.062794509,0.135276835,6.0,2.123951938,0.894052338,35.0,0.01134464,0.378665605,0.034694997,0.068673497,0.233172687,6.0,2.540572945,0.932776145,28.0,0.006108652,0.373747518,0.036497013,0.082304542,0.218348002,5.0,3.100536556,0.082019954,70.0,0.007853982,0.401012824,0.032375196,0.060909739,0.168550131,4.0,1.911852337,0.63043387,47.0,-0.003490659,0.386485672,0.032547094,0.064121381,0.201087455,6.0,1.553188574,-0.035208227,8.0,-0.008726646,0.353798062,0.040824325,0.088208322,0.256820315,6.0,0.325784536,-0.606434773,42.0,0.010471976,0.383208229,0.034272345,0.075051408,0.167478928,5.0,1.645692739,0.149233281,70.0,0.007853982,0.401012824,0.032375196,0.060909739,0.168550131,4.0,,,,,,,0.5515,,0.0,29.0,29.0,29.0,1.0,,,,,,,,,,,,,,,,,,,,,,,,,,,,0
S070,2,2024-11-21_13h14.36.924,MotivatedInference,2024.1.5,Win32,60.24096386,668be8e87e83611e680fb3ab,{{%SESSION_ID%},Chrome,,,,,,,,,,,,,,,,,,,,,,,,,,,,,,0.0,,,,,,,,6.0,,,,,,,,,conditions/conds_180.csv,2.0,1.0,,,,,,,,,2628.6558,2631.79,"[0.0025000000000545697,0.017099999964557355,0.032000000000152795,0.046000000000276486,0.06659999996418264,0.07959999996455736,0.10030000001188455,0.1128000000121574,0.1293000000118809,0.14669999998841377,0.16559999996434271,0.17919999998821368,0.2001999999883992,0.2133000000121683,0.23239999997622363,0.24700000000029831,0.26619999998820276,0.28019999998832645,0.3000000000001819,0.31589999997640916,0.32930000001215376,0.3465000000001055,0.36659999996436454,0.3795999999642845,0.39869999998836647,0.4125999999641863,0.4293000000120628,0.44589999997606355,0.4675999999644773,0.4800000000000182,0.4993000000122265,0.5163000000120519,0.5300999999644773,0.5500000000001819,0.5635000000002037,0.582599999964259,0.6000999999641863,0.6126999999883083,0.6328999999764164,0.646300000012161,0.6671999999880427,0.6795999999644664,0.6998000000121465,0.7158000000122229,0.7293000000122447,0.7466999999883228,0.766899999976431,0.7800999999644773,0.79950000000008,0.8131999999882282,0.8333000000120592,0.8465999999643827,0.8625999999644591,0.8830000000002656,0.8990999999641645,0.9133999999762636,0.933699999988221,0.9463999999761654,0.9665999999642736,0.9796999999880427,0.996800000012172,1.0174999999999272,1.0300999999644773,1.04950000000008,1.0668999999761581,1.0793000000121538,1.0960000000000036,1.1133999999760817,1.1340000000000146,1.151099999964572,1.1630999999642881,1.1833999999762455,1.196199999988039,1.2170999999643755,1.2296999999880427,1.2503999999762527,1.2628000000122483,1.282699999988381,1.2958999999764274,1.3155999999644337,1.3341999999884138,1.3465999999643827,1.3655999999641608,1.3800000000001091,1.399000000000342,1.4170999999641936,1.4295000000001892,1.45009999996455,1.4625999999643682,1.481999999999971,1.4958999999762455,1.51259999996455,1.5300000000002,1.5493000000119537,1.5626999999881264,1.5818000000122083,1.5958999999761545,1.612500000000182,1.629300000011881,1.6466999999884138,1.6653999999762163,1.6801999999884174,1.695800000012241,1.7130000000001928,1.7300999999642954,1.7503999999762527,1.7665999999644555,1.78209999996443,1.7958999999764274,1.8170000000000073,1.8326999999881082,1.845599999964179,1.8671999999883155,1.8791999999880318,1.898399999976391,1.9143000000121901,1.9318000000121174,1.9458999999760636,1.9658999999765001,1.9800999999642954,1.996199999988221,2.0131999999880463,2.032199999988279,2.046300000012252,2.066399999976511,2.0821999999880063,2.0958999999761545,2.115199999988363,2.1290999999641826,2.1458999999763364,2.1666999999883956,2.179300000012063,2.1958999999760636,2.2133999999764455,2.23419999998805,2.246800000012172,2.266399999976329,2.2795999999643755,2.2998000000120555,2.3125,2.332499999999982,2.3458999999761545,2.362599999964459,2.3789999999999054,2.3986999999883665,2.412499999999909,2.4328999999761436,2.4488000000119428,2.462500000000091,2.4791999999883956,2.5000999999642772,2.5166999999883046,2.529899999976351,2.5508000000122593,2.5625,2.5828999999762345,2.59619999998813,2.612599999964459,2.630000000000109,2.6466999999884138,2.6668000000122447,2.679500000000189,2.6959999999999127,2.716800000011972,2.7328999999763255,2.7465999999644737,2.7655999999642518,2.779899999976351,2.8008000000122593,2.816899999976158,2.8296999999884065,2.8463999999762564,2.866399999976238,2.879300000011881,2.9003999999763437,2.913000000000011,2.9333000000119682,2.94609999996419,2.9655000000002474,2.9791999999883956,2.996800000012172,3.0168000000121538,3.0300000000002,3.0501999999883083,3.0638999999764565,3.0791999999883046,3.0963999999762564,3.11319999998841,3.134099999964292]",0.016657447,0.002948476,189.0,right,1.0,,,,,,1.0,0.0,8.0,0.5,1.60264155,-1.0,0.65837785,-0.967904848,51.0,-0.000872665,0.388957543,0.039197552,0.074659583,0.215725836,5.0,3.086688756,0.109587256,63.0,0.002617994,0.396190386,0.03208284,0.060740902,0.237954322,6.0,2.501304773,0.958180781,89.0,0.014835299,0.418022232,0.039220845,0.067729576,0.134251055,3.0,1.862045052,0.55011125,74.0,-0.002617994,0.403888444,0.032857311,0.06846285,0.186846183,6.0,1.485611347,-0.169546965,41.0,0.013089969,0.382506884,0.032100804,0.075836611,0.218324429,6.0,2.173144906,0.933730849,30.0,-0.009599311,0.375182725,0.031494597,0.070464671,0.19533995,5.0,2.84530858,0.558493164,79.0,-0.004363323,0.40793127,0.02386995,0.059748747,0.165450333,7.0,1.381286468,-0.370009937,93.0,0.012217305,0.423353751,0.033559225,0.078739299,0.188587653,4.0,0.0,0.0,0.0,0.0,0.0,0.0,0.0,0.0,0.0,0.0,0.0,0.0,0.0,0.0,0.0,0.0,0.0,0.0,0.0,0.0,0.0,0.0,0.0,0.0,0.0,0.0,0.0,0.0,0.0,0.0,0.0,0.0,0.0,0.0,0.0,0.0,,,,,,,0.5495,,0.0,30.0,30.0,30.0,1.0,,,,,,,,,,,,,,,,,,,,,,,,,,,,0
S070,2,2024-11-21_13h14.36.924,MotivatedInference,2024.1.5,Win32,60.24096386,668be8e87e83611e680fb3ab,{{%SESSION_ID%},Chrome,,,,,,,,,,,,,,,,,,,,,,,,,,,,,,0.0,,,,,,,,2.0,,,,,,,,,conditions/conds_180.csv,2.0,1.0,,,,,,,,,2633.3551,2635.0855,"[0.0012999999521525751,0.017199999987951742,0.02979999995250182,0.04659999996420083,0.06329999995250546,0.08469999998806088,0.09689999997635823,0.11739999997598716,0.13029999995251274,0.1491999999880136,0.16300000000001091,0.17989999997598716,0.19929999995247272,0.21319999998786443,0.23050000000012005,0.24949999999989814,0.26319999998804633,0.2824999999997999,0.29729999995242906,0.3180999999640335,0.33129999995253456,0.35029999995231265,0.3666999999882137,0.37979999995241087,0.39939999997613995,0.4131999999881373,0.43469999998796993,0.44729999995252,0.4666999999881227,0.4797999999523199,0.5008999999763546,0.5137999999524254,0.5340999999643827,0.5472999999524291,0.5660999999640808,0.5799999999999272,0.599999999999909,0.614699999988261,0.6340000000000146,0.6467999999522362,0.6672999999523199,0.6801999999879627,0.6970999999643936,0.7160999999641717,0.7298999999761691,0.7471999999879699,0.7680999999643063,0.7797999999525018,0.7996999999882064,0.8171999999881336,0.83319999998821,0.8472999999521562,0.8655999999641608,0.8806999999878826,0.8969999999999345,0.9172999999523199,0.9301999999879627,0.9515000000001237,0.9636999999879663,0.9837999999522253,0.9969999999998436,1.0131999999880463,1.029899999976351,1.0473999999762782,1.0676999999882355,1.079899999976078,1.0965000000001055,1.1132999999522326,1.1340000000000146,1.15059999996447,1.1640000000002146,1.1837999999524982,1.196699999988141,1.2172999999525018,1.2300000000000182,1.2514999999998508,1.263599999964299,1.2797999999525018,1.297299999952429,1.3175999999643864,1.3299999999999272,1.3465000000001055,1.3640000000000327,1.3842999999524181,1.40099999999984,1.4136999999882391,1.433699999988221,1.4513999999762746,1.4635999999641172,1.4843999999761763,1.4969999999998436,1.5177999999523308,1.530299999952149,1.5464999999999236,1.5638999999760017,1.5847999999523381,1.5966999999882319,1.6132999999522326,1.62989999997626,1.6507999999521417,1.6640000000002146,1.6824999999998909,1.6975999999640408,1.7170000000000982,1.7301999999881446]",0.016624038,0.003093029,105.0,right,1.0,,,,,,1.0,0.0,4.0,0.5,1.393676884,-1.0,2.990531075,0.297547869,75.0,-0.006981317,0.404601252,0.036318328,0.07284169,0.209916045,6.0,2.188776799,0.944464418,65.0,0.000872665,0.397557211,0.028332609,0.059251996,0.151978572,5.0,2.795505849,0.638212065,30.0,-0.009599311,0.375182725,0.031494597,0.070464671,0.19533995,5.0,1.316729549,-0.486547468,31.0,0.004363323,0.375872077,0.0344646,0.07529372,0.228193104,6.0,0.0,0.0,0.0,0.0,0.0,0.0,0.0,0.0,0.0,0.0,0.0,0.0,0.0,0.0,0.0,0.0,0.0,0.0,0.0,0.0,0.0,0.0,0.0,0.0,0.0,0.0,0.0,0.0,0.0,0.0,0.0,0.0,0.0,0.0,0.0,0.0,0.0,0.0,0.0,0.0,0.0,0.0,0.0,0.0,0.0,0.0,0.0,0.0,0.0,0.0,0.0,0.0,0.0,0.0,0.0,0.0,0.0,0.0,0.0,0.0,0.0,0.0,0.0,0.0,0.0,0.0,0.0,0.0,0.0,0.0,0.0,0.0,,,,,,,0.4508,,0.0,31.0,31.0,31.0,1.0,,,,,,,,,,,,,,,,,,,,,,,,,,,,0
S070,2,2024-11-21_13h14.36.924,MotivatedInference,2024.1.5,Win32,60.24096386,668be8e87e83611e680fb3ab,{{%SESSION_ID%},Chrome,,,,,,,,,,,,,,,,,,,,,,,,,,,,,,0.0,,,,,,,,5.0,,,,,,,,,conditions/conds_180.csv,2.0,1.0,,,,,,,,,2636.5543,2639.6683,"[0.0025000000000545697,0.016899999975976243,0.03069999998797357,0.04999999999972715,0.06489999997620544,0.08539999997583436,0.09769999998798085,0.11809999996421539,0.13139999997611085,0.15189999997619452,0.16869999998789353,0.18069999998806452,0.20019999998794447,0.2139999999999418,0.23439999997617633,0.24819999998817366,0.26749999999992724,0.28489999997600535,0.29719999998815183,0.31739999997626,0.3308999999758271,0.3518999999760126,0.3668999999758853,0.38080000001173175,0.4013000000118154,0.4143999999760126,0.4331999999881191,0.44730000001163717,0.4685999999642263,0.48069999998779167,0.5019999999999527,0.5139999999996689,0.5306999999879736,0.5474999999996726,0.5678000000116299,0.5805999999643063,0.597199999987879,0.6183999999761909,0.6309999999998581,0.6526999999878171,0.6671999999880427,0.6808999999761909,0.7000999999640953,0.7178999999759981,0.7333000000116954,0.7473999999760963,0.7669999999998254,0.7805999999641244,0.7993000000119537,0.8146999999880791,0.8343999999760854,0.84780000001183,0.8638999999761836,0.8803999999759071,0.9008000000117136,0.9139999999997599,0.9306999999880645,0.9518999999759217,0.9638000000118154,0.9836999999879481,0.9998000000118736,1.0138999999762746,1.0308999999761,1.0509999999999309,1.0683000000117318,1.083599999964008,1.097199999987879,1.1140000000000327,1.1354999999998654,1.1478000000120119,1.1679999999996653,1.1811999999881664,1.2018999999759217,1.2139999999999418,1.2305999999639425,1.247300000011819,1.2648000000117463,1.2833999999761545,1.2981999999879008,1.3183000000117318,1.3313000000116517,1.347199999987879,1.3646999999878062,1.3804999999997563,1.4003000000116117,1.41680000001179,1.4305999999642154,1.4513999999762746,1.4639999999999418,1.483599999964099,1.4998999999761509,1.5138999999762746,1.5304999999998472,1.5471999999881518,1.5648000000119282,1.5846999999880609,1.5978999999761072,1.6169999999997344,1.6313000000118336,1.6501999999877626,1.6648000000118373,1.6839999999997417,1.697800000011739,1.716899999976249,1.7305999999639425,1.74719999998797,1.768399999975827,1.7815999999643282,1.801099999964208,1.8148999999762054,1.8334999999997308,1.847199999987879,1.8640000000000327,1.8833000000117863,1.89730000001191,1.91399999999976,1.9305999999642154,1.9479999999998654,1.9680999999641244,1.9806999999877917,1.9998000000118736,2.0138999999762746,2.0305999999641244,2.0478999999759253,2.0675999999639316,2.081399999975929,2.102099999964139,2.114199999988159,2.1356999999879918,2.1475999999643136,2.1686999999878935,2.184199999987868,2.199999999999818,2.2138999999760927,2.2331999999878462,2.24719999998797,2.264699999987897,2.2854999999999563,2.2980999999640517,2.3171999999881336,2.3305999999643063,2.347199999987879,2.3665000000000873,2.380399999975907,2.400399999975889,2.4138999999759108,2.4335000000000946,2.4508999999761727,2.4638999999760927,2.4805999999639425,2.49719999998797,2.51669999998785,2.5313000000119246,2.5505999999641062,2.5644999999999527,2.583699999987857,2.5979999999999563,2.6183000000119137,2.631399999976111,2.65099999999984,2.6644999999998618,2.6806999999880645,2.697199999987788,2.7138999999760927,2.7305999999639425,2.7481999999881737,2.7676999999880536,2.785199999987981,2.7980999999640517,2.8186999999879845,2.830999999999676,2.8511999999877844,2.8640000000000327,2.88519999998789,2.8975999999643136,2.9138999999759108,2.9305999999642154,2.947199999987788,2.9638999999760927,2.9805999999639425,2.99719999998797,3.0180999999643063,3.0348999999760053,3.047199999988152,3.0666999999880318,3.080500000000029,3.09989999997606,3.1138000000119064]",0.016637968,0.002889443,188.0,right,1.0,,,,,,1.0,0.0,8.0,0.5,2.394043424,-1.0,1.977365228,0.726447115,7.0,-0.003490659,0.352071506,0.033456274,0.080650645,0.190019159,6.0,1.771823251,0.39130924,25.0,0.001745329,0.371739039,0.031180836,0.079221418,0.176784845,4.0,0.473484983,-0.811649254,13.0,0.012217305,0.36034398,0.040523863,0.087309629,0.214125832,4.0,2.451778777,0.981782869,11.0,-0.013089969,0.357861323,0.044486954,0.075207378,0.243622836,5.0,2.053154717,0.821887613,79.0,-0.004363323,0.40793127,0.02386995,0.059748747,0.165450333,7.0,2.791336253,0.644609815,16.0,0.017453293,0.363466057,0.031192723,0.069909496,0.180964939,5.0,0.837050175,-0.994668883,92.0,-0.000872665,0.422008311,0.023140698,0.057298337,0.164165775,6.0,2.798025182,0.634324909,79.0,-0.004363323,0.40793127,0.02386995,0.059748747,0.165450333,7.0,0.0,0.0,0.0,0.0,0.0,0.0,0.0,0.0,0.0,0.0,0.0,0.0,0.0,0.0,0.0,0.0,0.0,0.0,0.0,0.0,0.0,0.0,0.0,0.0,0.0,0.0,0.0,0.0,0.0,0.0,0.0,0.0,0.0,0.0,0.0,0.0,,,,,,,0.4345,,0.0,32.0,32.0,32.0,1.0,,,,,,,,,,,,,,,,,,,,,,,,,,,,0
S070,2,2024-11-21_13h14.36.924,MotivatedInference,2024.1.5,Win32,60.24096386,668be8e87e83611e680fb3ab,{{%SESSION_ID%},Chrome,,,,,,,,,,,,,,,,,,,,,,,,,,,,,,0.0,,,,,,,,12.0,,,,,,,,,conditions/conds_180.csv,2.0,1.0,,,,,,,,,2641.1224,2645.6021,"[0.0033000000121319317,0.016000000000076398,0.029100000023845496,0.04860000002372544,0.06240000003572277,0.0791000000240274,0.09870000004775648,0.11240000003590467,0.13390000003573732,0.14600000000018554,0.1669000000356391,0.18400000000019645,0.19650000000001455,0.21530000001212102,0.2290000000002692,0.24580000001196822,0.26250000000027285,0.2826000000241038,0.30050000000028376,0.31290000003582463,0.33410000002413653,0.3494000000359847,0.3625000000001819,0.37910000002375455,0.39570000004778194,0.4153000000119391,0.42910000002393645,0.44580000001224107,0.46740000003592286,0.48280000001204826,0.49850000000014916,0.5125000000002728,0.5317000000477492,0.5457000000478729,0.5625,0.5818000000122083,0.5957000000476,0.6131000000241329,0.63430000001199,0.6458000000120592,0.6654000000357883,0.6818000000121174,0.6988000000119428,0.7135000000002947,0.7329000000358974,0.7494000000360757,0.7624000000359956,0.7829000000360793,0.7962000000479748,0.8152000000477528,0.82990000003565,0.8458000000118773,0.8652000000479347,0.8798000000119828,0.900600000024042,0.9132000000477092,0.934300000012172,0.951100000023871,0.962500000000091,0.9823000000119464,0.9991000000241002,1.0154999999999745,1.0317000000477492,1.0456000000240238,1.0670000000000073,1.0795000000002801,1.0991000000240092,1.1157000000475819,1.1319000000357846,1.1491000000237364,1.1624000000356318,1.1818000000121174,1.195800000012241,1.2124000000358137,1.2291000000241183,1.2501000000238491,1.2651000000237218,1.2789999999999964,1.2958000000121501,1.3124000000357228,1.3292000000478765,1.3460000000000036,1.366900000035912,1.3826000000240128,1.3982000000478365,1.4127000000476073,1.4334000000358174,1.45049999999992,1.4629000000359156,1.482700000047771,1.4971000000241474,1.5153000000118482,1.5291000000238455,1.545700000047873,1.5624000000357228,1.5798000000118009,1.6001000000237582,1.6133000000118045,1.632700000047862,1.6486000000240892,1.6649000000356864,1.6802000000479893,1.6963000000118882,1.7173000000120737,1.7331000000240238,1.7464000000359192,1.765200000047571,1.7792000000476946,1.8002000000478802,1.8128000000119755,1.8319000000360575,1.8457000000476,1.8656000000237327,1.8798000000119828,1.8993000000118627,1.9124000000356318,1.9290000000000873,1.9510000000000218,1.9673000000120737,1.9800000000000182,1.9998000000118736,2.015900000035799,2.0291000000238455,2.0464000000356464,2.0624000000357228,2.0818000000122083,2.0957000000476,2.1151000000240856,2.1289999999999054,2.1497000000476874,2.163200000047709,2.18380000001207,2.1965000000000146,2.2151000000239947,2.229800000011892,2.248900000035974,2.2624000000359956,2.2789999999999964,2.295700000047873,2.312600000023849,2.330500000000029,2.3493000000121356,2.36270000004788,2.38220000004776,2.3954000000358064,2.4162000000478656,2.432700000047589,2.446300000011888,2.465200000047844,2.4796000000237655,2.498500000000149,2.5124000000359956,2.5291000000238455,2.54580000001215,2.5624000000357228,2.5791000000240274,2.598400000035781,2.6124000000359047,2.632600000024013,2.645800000012059,2.6651000000238128,2.679500000000189,2.698900000035792,2.713100000024042,2.73210000002382,2.746200000047793,2.7660000000000764,2.782200000047851,2.79580000001215,2.8150000000000546,2.8318000000122083,2.8458000000118773,2.8649000000359592,2.879900000035832,2.8961000000240347,2.917300000011892,2.9297000000478874,2.948300000011841,2.9624000000358137,2.981999999999971,2.995700000047691,3.0123000000121465,3.030900000035672,3.047300000012001,3.065900000035981,3.079400000036003,3.097900000035679,3.1124000000359047,3.1317000000476582,3.1454000000358064,3.162400000035632,3.1791000000239364,3.1965000000000146,3.2151000000239947,3.2339999999999236,3.2470000000002983,3.2623000000121465,3.2789999999999964,3.29580000001215,3.3144999999999527,3.3290000000001783,3.3457000000476,3.3649000000359592,3.3791000000237545,3.398400000035963,3.412499999999909,3.4290000000000873,3.450600000023769,3.4672000000477965,3.4794999999999163,3.5014000000360284,3.5174999999999272,3.5292000000476946,3.54580000001215,3.567400000035832,3.5791000000240274,3.5957000000476,3.6124000000359047,3.634400000035839,3.6465000000002874,3.666500000000269,3.684400000036021,3.6964000000357373,3.712700000047789,3.730000000000018,3.746400000035919,3.76299999999992,3.782600000024104,3.7966000000237727,3.8161000000241074,3.8290000000001783,3.848400000035781,3.8623000000120555,3.8789999999999054,3.895600000023933,3.913000000000011,3.93260000002374,3.945700000047964,3.9622000000476874,3.979800000011892,3.9986000000239983,4.012800000011794,4.028999999999996,4.045600000024024,4.066000000000258,4.080100000023776,4.10060000002386,4.112200000047778,4.131400000035683,4.148600000024089,4.162300000012237,4.18170000004784,4.195500000000266,4.214600000023893,4.229800000011892,4.249499999999898,4.263100000023769,4.281800000012026,4.296900000035748,4.312400000035723,4.329000000000178,4.3457000000476,4.365100000024086,4.378999999999905,4.400500000000193,4.412300000012237,4.4291000000239364,4.445700000047964,4.4634000000360174,4.479400000035639]",0.016639777,0.002685044,270.0,right,1.0,,,,,,2.0,0.0,12.0,0.5,-4.838102213,1.0,0.112693256,-0.223483115,88.0,0.001745329,0.416906428,0.03407937,0.068935353,0.194962658,5.0,1.639425549,0.136827861,46.0,-8.92894e-14,0.385892478,0.022689461,0.062794509,0.135276835,6.0,0.103300722,-0.20513481,75.0,-0.006981317,0.404601252,0.036318328,0.07284169,0.209916045,6.0,0.300911034,-0.566145353,29.0,-0.000872665,0.374372435,0.035828607,0.080766738,0.158410304,4.0,0.449732962,-0.782994811,75.0,-0.006981317,0.404601252,0.036318328,0.07284169,0.209916045,6.0,0.473505617,-0.811673359,97.0,0.006981317,0.43254107,0.031598025,0.077611504,0.241207486,6.0,1.06484708,-0.847840052,77.0,0.006108652,0.406238369,0.034151794,0.067462161,0.265706452,7.0,1.392883712,-0.34836402,11.0,-0.013089969,0.357861323,0.044486954,0.075207378,0.243622836,5.0,1.398964462,-0.336938845,2.0,0.008726646,0.338473989,0.032964075,0.086271212,0.185208292,4.0,1.332488477,-0.45877468,99.0,-0.003490659,0.442500629,0.032492338,0.059723416,0.160754516,4.0,2.870305669,0.516342002,62.0,-0.006981317,0.395568746,0.03641844,0.082091507,0.288170754,7.0,0.571549228,-0.909923031,32.0,0.007853982,0.376580194,0.027808234,0.064839678,0.152904525,6.0,,,,,,,0.5995,,0.0,33.0,33.0,33.0,1.0,,,,,,,,,,,,,,,,,,,,,,,,,,,,0
S070,2,2024-11-21_13h14.36.924,MotivatedInference,2024.1.5,Win32,60.24096386,668be8e87e83611e680fb3ab,{{%SESSION_ID%},Chrome,,,,,,,,,,,,,,,,,,,,,,,,,,,,,,0.0,,,,,,,,4.0,,,,,,,,,conditions/conds_180.csv,2.0,1.0,,,,,,,,,2647.2221,2648.9375,"[0.0015999999641280738,0.016199999987748015,0.02929999995194521,0.050199999987853516,0.06299999999964712,0.08459999996421175,0.09600000000000364,0.1165999999639098,0.1299999999996544,0.15009999996391343,0.1633999999758089,0.17929999995203616,0.19889999997576524,0.2124999999996362,0.2330999999639971,0.2464999999997417,0.26719999998795174,0.27939999997579434,0.2955999999639971,0.3154999999997017,0.3292999999521271,0.34600000000000364,0.36799999999993815,0.38279999995211256,0.3956999999877553,0.41619999998783896,0.429799999952138,0.4493999999758671,0.46579999995219623,0.47929999995221806,0.49859999996397164,0.5125999999640953,0.5292999999519452,0.5458999999759726,0.565699999987828,0.5839999999998327,0.5964999999996508,0.6159999999999854,0.6300999999639316,0.6467999999522362,0.6652999999519125,0.6791999999877589,0.696599999963837,0.7167999999519452,0.7291999999879408,0.7458999999757907,0.7625999999640953,0.7800999999640226,0.798899999976129,0.8132999999520507,0.833599999964008,0.8467999999520543,0.8663999999757834,0.884099999963837,0.8963999999759835,0.915599999963888,0.9291999999877589,0.9484999999999673,0.9627999999520398,0.9820999999642481,0.9959999999996398,1.0125999999640953,1.031899999975849,1.0502999999521307,1.0632999999520507,1.0794999999998254,1.0958999999761545,1.112999999999829,1.1341999999876862,1.146699999987959,1.1653999999757616,1.1796999999878608,1.2000999999640953,1.212899999975889,1.2321999999880973,1.2458999999757907,1.262499999999818,1.2792999999519452,1.2959999999998217,1.3126999999876716,1.3337999999521344,1.3466999999877771,1.3653999999760345,1.3820999999638843,1.3958999999758817,1.4125999999641863,1.4321999999879154,1.4459999999999127,1.462399999975787,1.4791999999879408,1.498799999952098,1.5125999999640953,1.5291999999881227,1.5459999999998217,1.5625999999642772,1.579299999952127,1.5960999999642809,1.61569999998801,1.6299999999996544,1.6496999999881155,1.663499999999658,1.68309999996427,1.6963999999761654,1.7152999999520944]",0.016637864,0.002788016,104.0,right,1.0,,,,,,2.0,0.0,4.0,0.5,-0.976527067,1.0,0.465291037,-0.801967789,18.0,-0.008726646,0.365457086,0.031782524,0.075683607,0.153768306,4.0,2.0627243,0.832639041,36.0,0.002617994,0.379263044,0.03913601,0.077664539,0.168574417,3.0,1.381080916,-0.370391833,97.0,0.006981317,0.43254107,0.031598025,0.077611504,0.241207486,6.0,0.345174615,-0.636806486,2.0,0.008726646,0.338473989,0.032964075,0.086271212,0.185208292,4.0,0.0,0.0,0.0,0.0,0.0,0.0,0.0,0.0,0.0,0.0,0.0,0.0,0.0,0.0,0.0,0.0,0.0,0.0,0.0,0.0,0.0,0.0,0.0,0.0,0.0,0.0,0.0,0.0,0.0,0.0,0.0,0.0,0.0,0.0,0.0,0.0,0.0,0.0,0.0,0.0,0.0,0.0,0.0,0.0,0.0,0.0,0.0,0.0,0.0,0.0,0.0,0.0,0.0,0.0,0.0,0.0,0.0,0.0,0.0,0.0,0.0,0.0,0.0,0.0,0.0,0.0,0.0,0.0,0.0,0.0,0.0,0.0,,,,,,,0.6842,,0.0,34.0,34.0,34.0,1.0,,,,,,,,,,,,,,,,,,,,,,,,,,,,0
S070,2,2024-11-21_13h14.36.924,MotivatedInference,2024.1.5,Win32,60.24096386,668be8e87e83611e680fb3ab,{{%SESSION_ID%},Chrome,,,,,,,,,,,,,,,,,,,,,,,,,,,,,,0.0,,,,,,,,10.0,,,,,,,,,conditions/conds_180.csv,2.0,1.0,,,,,,,,,2650.6366,2655.1219,"[0.0038999999760562787,0.01789999997617997,0.03229999995210164,0.052299999952083454,0.06500000000005457,0.08579999995208709,0.09889999997631094,0.11479999995208345,0.13619999998809362,0.14869999998791172,0.16969999998809726,0.18219999998791536,0.20079999995232356,0.21549999999979264,0.23439999997617633,0.24889999997594714,0.2693999999760308,0.2826999999879263,0.30179999995243634,0.31519999998818093,0.33489999997618725,0.35169999998788626,0.36479999995208345,0.38599999999996726,0.3978999999762891,0.4172999999523199,0.43109999996431725,0.4480999999641426,0.46469999998817,0.48219999998809726,0.5020999999642299,0.5153999999761254,0.5313999999762018,0.5487999999522799,0.5646999999880791,0.5814999999997781,0.5990000000001601,0.614699999988261,0.6313999999761108,0.6480000000001382,0.6696999999880973,0.6864999999997963,0.6985999999642445,0.71469999998817,0.7313999999760199,0.7480999999643245,0.7654999999999745,0.7844999999997526,0.8034999999999854,0.8150000000000546,0.8343999999760854,0.8480999999642336,0.8647999999520835,0.8845000000001164,0.9005999999640153,0.9146999999879881,0.9344999999998436,0.94889999997622,0.9684999999999491,0.9820999999642481,1.0008999999758998,1.015699999988101,1.0351999999879808,1.0509999999999309,1.064699999988079,1.081399999975929,1.10109999996439,1.1145999999644118,1.1318999999762127,1.1508999999759908,1.1647999999522654,1.1813999999762927,1.1980999999641426,1.21469999998817,1.23139999997602,1.2486999999878208,1.2674999999999272,1.2822999999521016,1.3011999999880572,1.315599999963979,1.33199999999988,1.3524999999999636,1.3692999999520907,1.3813999999761108,1.4006999999878644,1.4150999999642409,1.4344999999998436,1.4486999999880936,1.4691999999881773,1.48139999997602,1.5027999999524582,1.5153999999761254,1.5332999999523054,1.5486999999880027,1.56459999996423,1.5812999999520798,1.5980999999642336,1.6175999999641135,1.6313999999761108,1.6480999999644155,1.6655000000000655,1.6860999999639716,1.70169999998825,1.71469999998817,1.73139999997602,1.750999999999749,1.7648999999760235,1.786799999952109,1.7983999999760272,1.8187999999522617,1.8316999999879044,1.8486999999881846,1.8683999999761909,1.88149999999996,1.9005999999640153,1.9175000000000182,1.931999999999789,1.9479999999998654,1.9655999999640699,1.9850999999644046,1.9986999999878208,2.0182999999524327,2.0322999999521016,2.050999999999931,2.064699999988079,2.081099999964408,2.1010000000001128,2.114699999988261,2.1338999999761654,2.1480000000001382,2.164699999987988,2.1842999999521453,2.1980999999641426,2.2191999999881773,2.232099999964248,2.2518999999761036,2.2653999999761254,2.2842999999520543,2.2979999999997744,2.3187999999522617,2.3321999999880063,2.3524999999999636,2.365599999964161,2.3848999999759144,2.4006999999878644,2.414599999964139,2.4312999999524436,2.4479999999998654,2.4643999999761945,2.4859999999998763,2.5018999999761036,2.5174999999999272,2.5312999999523527,2.550499999999829,2.564699999988079,2.581399999975929,2.597899999976107,2.6192999999520907,2.6349999999997635,2.6480999999644155,2.6671999999880427,2.6820999999640662,2.7017999999520725,2.7157999999521962,2.734299999952327,2.751499999999851,2.764699999987897,2.7811999999880754,2.7979999999997744,2.815099999964332,2.834199999987959,2.8479999999999563,2.864599999964412,2.8812999999522617,2.9005999999640153,2.9191999999879954,2.931999999999789,2.9506999999880463,2.96469999998817,2.98139999997602,2.9980000000000473,3.014599999964048,3.0320999999639753,3.05159999996431,3.0657999999521053,3.0844999999999345,3.1012999999520616,3.1174999999998363,3.1312999999522617,3.1480000000001382,3.164699999987988,3.18100000000004,3.1979999999998654,3.2192999999524545,3.2321999999880973,3.2480000000000473,3.264599999964048,3.28579999995236,3.2986999999880027,3.3179999999997563,3.3322999999522835,3.3518999999760126,3.3647999999520835,3.3847999999520653,3.397899999976289,3.415899999976318,3.4367999999522,3.449000000000069,3.467799999952149,3.481499999999869,3.5007999999520507,3.5154999999999745,3.53650000000016,3.5484999999998763,3.5676999999882355,3.581399999975929,3.5979999999999563,3.614599999964412,3.631399999976111,3.6480000000001382,3.664699999987988,3.6813999999762927,3.6979999999998654,3.7152999999520944,3.7359999999998763,3.748899999975947,3.767399999976078,3.782000000000153,3.802699999987908,3.815699999987828,3.8344999999999345,3.8479999999999563,3.8652999999521853,3.8825000000001637,3.89779999995244,3.91729999995232,3.9312999999524436,3.9481999999879918,3.96469999998817,3.9812999999521708,4.001299999952153,4.017399999976078,4.031299999952353,4.0479999999997744,4.064699999988079,4.081399999975929,4.097999999999956,4.114699999988261,4.13639999997622,4.150899999975991,4.169599999964248,4.18100000000004,4.200399999976071,4.215299999952094,4.235999999999876,4.248699999987821,4.267399999976078,4.282199999987824,4.301199999988057,4.315599999963979,4.33129999995208,4.347999999999956,4.369799999952193,4.381399999976111,4.398000000000138,4.414699999987988,4.432499999999891,4.450699999988046,4.465699999987919,4.485099999964405]",0.016658736,0.002622133,270.0,right,0.0,,,,,,1.0,0.0,12.0,0.5,3.428188959,1.0,0.838453634,-0.994375514,68.0,0.009599311,0.399449425,0.031951263,0.065393928,0.165147664,5.0,2.483457259,0.967782868,28.0,0.006108652,0.373747518,0.036497013,0.082304542,0.218348002,5.0,1.404880128,-0.325776009,83.0,0.005235988,0.41175896,0.032251087,0.065012348,0.244231929,6.0,1.716187986,0.286702747,28.0,0.006108652,0.373747518,0.036497013,0.082304542,0.218348002,5.0,0.908404664,-0.969891117,97.0,0.006981317,0.43254107,0.031598025,0.077611504,0.241207486,6.0,0.11299596,-0.224073169,68.0,0.009599311,0.399449425,0.031951263,0.065393928,0.165147664,5.0,2.617253474,0.866764858,69.0,-0.001745329,0.400311091,0.03773135,0.078132351,0.241087639,6.0,2.462907159,0.977311133,59.0,0.006981317,0.393731017,0.031135395,0.06163787,0.205460115,5.0,1.697735243,0.25115937,95.0,-0.003490659,0.427246221,0.028411926,0.064304978,0.203029515,6.0,2.232549221,0.969579196,75.0,-0.006981317,0.404601252,0.036318328,0.07284169,0.209916045,6.0,2.704012694,0.767646001,67.0,0.000872665,0.398829923,0.040120187,0.066830121,0.198372452,4.0,2.083917661,0.855358597,78.0,0.004363323,0.407032945,0.030231373,0.057417546,0.211999481,6.0,,,,,,,0.6008,,0.0,35.0,35.0,35.0,1.0,,,,,,,,,,,,,,,,,,,,,,,,,,,,0
S070,2,2024-11-21_13h14.36.924,MotivatedInference,2024.1.5,Win32,60.24096386,668be8e87e83611e680fb3ab,{{%SESSION_ID%},Chrome,,,,,,,,,,,,,,,,,,,,,,,,,,,,,,-1.0,,,,,,,,2.0,,,,,,,,,conditions/conds_121.csv,3.0,1.0,,,,,,,,,2668.4688,2670.2014,"[0.0018999999761035724,0.015599999964251765,0.03219999998827916,0.049500000000080036,0.06630000001177905,0.08209999996415718,0.0988000000120337,0.11680000001206281,0.13259999996444094,0.14880000001176086,0.16550000000006548,0.1818999999763946,0.19939999997632185,0.21580000001176813,0.23219999998809726,0.24880000001212466,0.2653999999761254,0.28209999996443,0.29889999997612904,0.3153999999763073,0.3328000000119573,0.3494999999998072,0.36539999997603445,0.3823999999763146,0.3993000000118627,0.4168999999760672,0.4318999999763946,0.44849999999996726,0.465300000012121,0.4823000000119464,0.49949999999989814,0.5161999999882028,0.5323999999764055,0.5488000000118518,0.5653999999763073,0.5820999999641572,0.5985999999643354,0.6154999999998836,0.6321999999881882,0.6496999999881155,0.6671999999880427,0.6820999999640662,0.6988000000119428,0.7155000000002474,0.7325000000000728,0.7485999999644264,0.76580000001195,0.7825000000002547,0.798899999976129,0.8151999999881809,0.8320999999641572,0.8488999999763109,0.8653999999760345,0.8828000000121392,0.8994999999999891,0.9165999999640917,0.9321999999879154,0.9490000000000691,0.9658000000117681,0.9828000000120483,0.9990999999640735,1.0154999999999745,1.03209999996443,1.0489999999999782,1.065800000012132,1.08199999999988,1.098899999976311,1.1154999999998836,1.1321999999881882,1.1495999999642663,1.1663999999759653,1.1823000000117645,1.1986999999880936,1.2161999999880209,1.2323000000119464,1.2493000000117718,1.2653999999761254,1.2825000000002547,1.2990999999642554,1.3155000000001564,1.3320999999641572,1.3488000000120337,1.3654999999998836,1.3833999999760636,1.3986999999879117,1.4153999999762163,1.4320999999640662,1.4488000000119428,1.4655000000002474,1.4820999999642481,1.4988000000121247,1.5158999999762273,1.5321999999882792,1.5485999999641535,1.5653999999763073,1.5820999999641572,1.5988000000120337,1.6153999999760345,1.6320000000000618,1.6495999999642663,1.6655999999643427,1.6820999999640662,1.6990000000000691,1.7153999999763982,1.7323999999762236]",0.016639423,0.000586616,105.0,left,1.0,,,,,,1.0,0.0,4.0,0.5,2.385765962,1.0,1.846253913,0.523467218,40.0,0.001745329,0.381763748,0.031902579,0.075140032,0.211660484,6.0,1.646401099,0.150633986,26.0,-8.92894e-14,0.37233788,0.03804093,0.07765862,0.260457405,6.0,2.52655431,0.942514431,75.0,-0.006981317,0.404601252,0.036318328,0.07284169,0.209916045,6.0,2.702837385,0.769150328,78.0,0.004363323,0.407032945,0.030231373,0.057417546,0.211999481,6.0,0.0,0.0,0.0,0.0,0.0,0.0,0.0,0.0,0.0,0.0,0.0,0.0,0.0,0.0,0.0,0.0,0.0,0.0,0.0,0.0,0.0,0.0,0.0,0.0,0.0,0.0,0.0,0.0,0.0,0.0,0.0,0.0,0.0,0.0,0.0,0.0,0.0,0.0,0.0,0.0,0.0,0.0,0.0,0.0,0.0,0.0,0.0,0.0,0.0,0.0,0.0,0.0,0.0,0.0,0.0,0.0,0.0,0.0,0.0,0.0,0.0,0.0,0.0,0.0,0.0,0.0,0.0,0.0,0.0,0.0,0.0,0.0,,,,,,,0.8341,,0.0,0.0,0.0,0.0,1.0,2656.057,2666.768,,,,,,,,,,,,,,,,,,,,,,,,,,0
S070,2,2024-11-21_13h14.36.924,MotivatedInference,2024.1.5,Win32,60.24096386,668be8e87e83611e680fb3ab,{{%SESSION_ID%},Chrome,,,,,,,,,,,,,,,,,,,,,,,,,,,,,,-1.0,,,,,,,,9.0,,,,,,,,,conditions/conds_121.csv,3.0,1.0,,,,,,,,,2672.1013,2676.551,"[0.0039999999999054126,0.016199999987748015,0.032999999999901775,0.04959999996390252,0.06630000001177905,0.08300000000008367,0.09949999999980719,0.11630000001196095,0.13309999996408806,0.14930000001186272,0.16619999998783896,0.1828999999761436,0.1993999999758671,0.21630000001187,0.23289999997587074,0.25089999997589985,0.266199999987748,0.28289999997605264,0.2995999999639025,0.31630000001177905,0.3333000000116044,0.3495999999640844,0.3668999999758853,0.3829999999998108,0.3995999999642663,0.4163000000116881,0.4329999999999927,0.45039999997607083,0.46639999997614723,0.48289999997587074,0.49949999999989814,0.516199999987748,0.5328999999760526,0.550499999999829,0.566300000011779,0.5828000000119573,0.5995999999640844,0.616300000011961,0.6328999999759617,0.6494999999999891,0.6669999999999163,0.6829999999999927,0.6995999999639935,0.7161999999880209,0.7329999999997199,0.7508000000116226,0.7668999999759762,0.7829999999999018,0.7995999999639025,0.816300000011779,0.8328999999762345,0.8494999999998072,0.8660999999642627,0.8825999999639862,0.9004999999997381,0.9164999999998145,0.9328999999761436,0.95049999999992,0.9665999999642736,0.98419999998805,1.0005999999639243,1.0168999999759762,1.0339999999996508,1.049899999975878,1.066800000011881,1.0838999999759835,1.1000999999641863,1.1171999999878608,1.1338000000118882,1.1505999999640153,1.16680000001179,1.183199999988119,1.2001999999879445,1.21630000001187,1.2333000000116954,1.2494999999998981,1.2663000000115971,1.28369999998813,1.299399999976231,1.316300000011779,1.3334999999997308,1.350899999975809,1.3661999999881118,1.3828999999759617,1.399499999999989,1.416199999987839,1.4328999999761436,1.4495999999639935,1.4668000000119719,1.4829999999997199,1.4995999999641754,1.5163999999758744,1.5328999999760526,1.5501999999878535,1.56619999998793,1.582599999964259,1.5994999999998072,1.616300000011961,1.6328999999759617,1.649499999999989,1.666199999987839,1.683199999988119,1.6995999999639935,1.71630000001187,1.7329999999997199,1.7495999999641754,1.7670999999641026,1.7838000000119791,1.79950000000008,1.8163999999760563,1.8328999999762345,1.8496999999879336,1.8661999999881118,1.8828999999759617,1.89939999997614,1.9159999999997126,1.9328000000118664,1.9494999999997162,1.96630000001187,1.9828999999758707,1.9994999999998981,2.016199999987748,2.0328999999760526,2.04950000000008,2.066899999976158,2.0838000000117063,2.099499999999807,2.116199999988112,2.1328999999759617,2.149499999999989,2.166199999987839,2.1826999999880172,2.1995999999639935,2.216199999988021,2.2328000000115935,2.249499999999898,2.2669999999998254,2.2828999999760526,2.29950000000008,2.31619999998793,2.3328000000119573,2.349499999999807,2.366199999988112,2.38359999996419,2.3995999999642663,2.416300000011688,2.4328999999761436,2.4494999999997162,2.4666999999881227,2.483099999963997,2.499899999976151,2.5165999999640007,2.5328999999760526,2.5503000000117027,2.566800000011881,2.5828999999762345,2.599499999999807,2.616199999988112,2.6328000000116845,2.649499999999989,2.666300000011688,2.6828000000118664,2.6994999999997162,2.716199999988021,2.7328999999758707,2.7495999999641754,2.766199999987748,2.7835000000000036,2.79950000000008,2.816300000011779,2.8331999999877553,2.8495999999640844,2.8660999999642627,2.882599999963986,2.899499999999989,2.91609999996399,2.9328000000118664,2.9494999999997162,2.966199999988021,2.98299999999972,2.9995999999641754,3.016300000011597,3.033599999964281,3.04950000000008,3.066899999976158,3.084300000011808,3.099499999999807,3.116199999988112,3.1328999999759617,3.149499999999989,3.1664999999998145,3.1828000000118664,3.1994999999997162,3.2160999999641717,3.2328000000115935,3.2501999999881264,3.266199999987748,3.2828999999760526,3.3001999999878535,3.31619999998793,3.3328999999762345,3.349499999999807,3.366199999988112,3.382999999999811,3.3995999999642663,3.416199999987839,3.4326999999880172,3.4494999999997162,3.4665999999642736,3.48299999999972,3.4998000000118736,3.516199999987748,3.5328000000117754,3.5495999999639025,3.5665999999641826,3.5828999999762345,3.599499999999807,3.616800000011608,3.633199999987937,3.649499999999989,3.666199999987839,3.6828000000118664,3.6994999999997162,3.7160999999641717,3.7326999999877444,3.7503000000119755,3.7669999999998254,3.7828999999760526,3.79950000000008,3.816099999964081,3.833099999963906,3.8500999999641863,3.86659999996391,3.8828000000116845,3.899499999999989,3.9158999999758635,3.9328000000118664,3.9494999999997162,3.966199999988021,3.9828000000115935,3.999499999999898,4.016099999963899,4.032800000011775,4.049399999976231,4.06619999998793,4.082800000011957,4.099499999999807,4.116199999988112,4.132899999975962,4.149499999999989,4.166199999987839,4.183300000011968,4.199499999999716,4.2159999999998945,4.2328000000115935,4.250199999988126,4.266999999999825,4.282800000011775,4.2995999999639025,4.316300000011779,4.332800000011957,4.349499999999807,4.366099999964263,4.382899999975962,4.399499999999989,4.416199999987839,4.432800000011866,4.4495999999639935]",0.016650187,0.000487705,268.0,right,1.0,,,,,,1.0,0.0,12.0,0.5,4.859915625,-1.0,2.341844994,0.999588212,52.0,0.004363323,0.389522306,0.03388387,0.067083277,0.213395069,6.0,1.840384968,0.513430165,9.0,0.01134464,0.355140301,0.038458273,0.073668072,0.274720221,7.0,2.745625514,0.711713376,71.0,0.013962634,0.401673071,0.031502829,0.073976735,0.151529972,4.0,2.592966331,0.889957809,83.0,0.005235988,0.41175896,0.032251087,0.065012348,0.244231929,6.0,1.04741006,-0.865812817,88.0,0.001745329,0.416906428,0.03407937,0.068935353,0.194962658,5.0,1.245800149,-0.605180319,87.0,0.006108652,0.415699595,0.038834066,0.066745096,0.25903141,5.0,2.737321359,0.723281523,5.0,-0.004363323,0.3477587,0.034233339,0.078408596,0.194188261,5.0,1.597316568,0.053015615,24.0,-0.000872665,0.370951047,0.044446314,0.068882508,0.271498611,5.0,3.032321991,0.216805874,34.0,-0.01134464,0.377900669,0.035623555,0.066078969,0.222301383,5.0,2.040749282,0.807502604,34.0,-0.01134464,0.377900669,0.035623555,0.066078969,0.222301383,5.0,2.926475969,0.417082915,70.0,0.007853982,0.401012824,0.032375196,0.060909739,0.168550131,4.0,2.329086444,0.998530668,69.0,-0.001745329,0.400311091,0.03773135,0.078132351,0.241087639,6.0,,,,,,,0.4164,,0.0,1.0,1.0,1.0,1.0,,,,,,,,,,,,,,,,,,,,,,,,,,,,0
S070,2,2024-11-21_13h14.36.924,MotivatedInference,2024.1.5,Win32,60.24096386,668be8e87e83611e680fb3ab,{{%SESSION_ID%},Chrome,,,,,,,,,,,,,,,,,,,,,,,,,,,,,,-1.0,,,,,,,,4.0,,,,,,,,,conditions/conds_121.csv,3.0,1.0,,,,,,,,,2677.9851,2679.7342,"[0.0015999999641280738,0.01639999997587438,0.03289999997605264,0.04899999999997817,0.06559999996397892,0.08229999995228354,0.09979999995221078,0.11589999997613631,0.13239999997585983,0.14909999996416445,0.16639999997596533,0.18239999997604173,0.19900000000006912,0.215699999987919,0.2339999999999236,0.2496999999880245,0.2656999999881009,0.2821999999878244,0.29969999998775165,0.3154999999997017,0.3323999999761327,0.3489999999997053,0.3655999999641608,0.3822999999520107,0.3989999999998872,0.4155999999643427,0.4322999999521926,0.4490000000000691,0.4665999999642736,0.4822999999523745,0.4996999999880245,0.5155999999642518,0.5322999999521016,0.5490999999642554,0.5655999999639789,0.583599999964008,0.5996999999879336,0.61569999998801,0.6322999999520107,0.648799999952189,0.6655999999643427,0.6822999999521926,0.6991999999881955,0.7163999999761472,0.7322999999523745,0.7488999999759471,0.7655999999642518,0.7822999999521016,0.7989999999999782,0.8163999999760563,0.8330999999643609,0.8490999999639826,0.8657999999522872,0.8825999999639862,0.8989999999998872,0.9155999999643427,0.9321999999879154,0.9490000000000691,0.9655999999640699,0.9820999999642481,0.9988999999759471,1.015699999988101,1.0322999999521016,1.0489999999999782,1.065699999987828,1.0822999999522835,1.0988999999758562,1.1165000000000873,1.133099999964088,1.1489999999998872,1.1655999999643427,1.1823999999760417,1.1991999999881955,1.2155999999640699,1.2320999999642481,1.2489999999997963,1.2658999999762273,1.2822999999521016,1.298899999976129,1.315599999963979,1.3322999999522835,1.3490999999639826,1.3655999999641608,1.3822999999520107,1.3989999999998872,1.4156999999881918,1.4322999999521926,1.4490000000000691,1.4655999999640699,1.4822999999523745,1.4989999999997963,1.5155999999642518,1.5325999999640771,1.5495999999643573,1.565599999963979,1.5821999999880063,1.598799999952007,1.6155999999641608,1.6322999999520107,1.6489999999998872,1.6655000000000655,1.6822999999521926,1.6990000000000691,1.7155999999640699,1.7321999999880973,1.7488999999759471]",0.016640952,0.000453073,106.0,right,0.0,,,,,,2.0,0.0,4.0,0.5,0.621158266,-1.0,1.659606271,0.176687411,32.0,0.007853982,0.376580194,0.027808234,0.064839678,0.152904525,6.0,0.907746086,-0.970211055,67.0,0.000872665,0.398829923,0.040120187,0.066830121,0.198372452,4.0,1.784908591,0.415256303,81.0,-0.006981317,0.409724184,0.034267936,0.062711279,0.215248408,5.0,2.339246811,0.999425607,82.0,0.004363323,0.410673221,0.022643594,0.062174001,0.106425045,4.0,0.0,0.0,0.0,0.0,0.0,0.0,0.0,0.0,0.0,0.0,0.0,0.0,0.0,0.0,0.0,0.0,0.0,0.0,0.0,0.0,0.0,0.0,0.0,0.0,0.0,0.0,0.0,0.0,0.0,0.0,0.0,0.0,0.0,0.0,0.0,0.0,0.0,0.0,0.0,0.0,0.0,0.0,0.0,0.0,0.0,0.0,0.0,0.0,0.0,0.0,0.0,0.0,0.0,0.0,0.0,0.0,0.0,0.0,0.0,0.0,0.0,0.0,0.0,0.0,0.0,0.0,0.0,0.0,0.0,0.0,0.0,0.0,,,,,,,0.4694,,0.0,2.0,2.0,2.0,1.0,,,,,,,,,,,,,,,,,,,,,,,,,,,,0
S070,2,2024-11-21_13h14.36.924,MotivatedInference,2024.1.5,Win32,60.24096386,668be8e87e83611e680fb3ab,{{%SESSION_ID%},Chrome,,,,,,,,,,,,,,,,,,,,,,,,,,,,,,-1.0,,,,,,,,10.0,,,,,,,,,conditions/conds_121.csv,3.0,1.0,,,,,,,,,2681.2008,2685.6679,"[0.0033000000121319317,0.016699999988304626,0.03380000001197914,0.050199999988308264,0.06700000000000728,0.0833999999763364,0.09999999999990905,0.11700000000018917,0.13409999996429178,0.14980000001196458,0.1665999999640917,0.18330000001196822,0.19989999997642371,0.21669999998812273,0.233199999988301,0.24989999997615087,0.26650000000017826,0.283099999964179,0.29989999997633277,0.31659999996418264,0.3333999999763364,0.35059999996428814,0.36719999998831554,0.3838999999761654,0.40000000000009095,0.41669999998794083,0.4331999999881191,0.4498000000121465,0.46649999999999636,0.48309999996445185,0.5,0.5165999999644555,0.5331999999880281,0.5498000000120555,0.5664999999999054,0.5833000000120592,0.5998000000117827,0.6171999999883155,0.6330999999640881,0.6498999999762418,0.6673999999761691,0.6831999999881191,0.6998999999764237,0.7165999999642736,0.7333000000121501,0.7498999999761509,0.7665999999644555,0.7838999999762564,0.8005999999641062,0.8165999999641826,0.8333000000120592,0.8498999999760599,0.8665000000000873,0.8833999999760636,0.8998999999762418,0.91680000001179,0.9333999999762455,0.9506999999880463,0.9664999999999964,0.9830999999644519,1,1.0165999999644555,1.0333000000118773,1.0498999999763328,1.0664999999999054,1.0835000000001855,1.09989999997606,1.1166999999882137,1.133099999964088,1.15059999996447,1.1673000000118918,1.183199999988119,1.1998000000121465,1.2166999999881227,1.233199999988301,1.2498000000118736,1.2665000000001783,1.2831999999880281,1.2998999999763328,1.3164999999999054,1.333099999964361,1.34989999997606,1.3665999999643645,1.383099999964088,1.3998000000119646,1.4165999999640917,1.433199999988119,1.4498999999764237,1.4665999999642736,1.483199999988301,1.4998000000118736,1.5173000000118009,1.5331999999880281,1.5498999999763328,1.5665999999641826,1.5833000000120592,1.5995999999640844,1.6165000000000873,1.6331999999879372,1.6500999999643682,1.667399999976169,1.683199999988119,1.70049999999992,1.7165999999642736,1.7330999999644519,1.7498999999761509,1.7665000000001783,1.7828999999760526,1.7998000000120555,1.8166999999880318,1.8333000000120592,1.8503000000118845,1.8673000000121647,1.8831999999879372,1.900000000000091,1.9165999999640917,1.9333000000119682,1.9506999999880463,1.9664999999999964,1.9833000000121501,1.9998999999761509,2.016399999976329,2.033199999988028,2.0498999999763328,2.0664999999999054,2.083099999964361,2.0998000000117827,2.1165999999643645,2.133800000011888,2.1498000000119646,2.166500000000269,2.1833000000119682,2.2003000000117936,2.2164999999999964,2.23330000001215,2.2498000000118736,2.2665999999644555,2.2833999999761545,2.2998000000120555,2.3163999999760563,2.3328999999762345,2.34989999997606,2.3666999999882137,2.383199999987937,2.400500000000193,2.4170999999641936,2.433199999988119,2.4498999999764237,2.4664999999999964,2.483099999964452,2.499899999976151,2.5165000000001783,2.533199999988028,2.5498999999763328,2.5664999999999054,2.583800000012161,2.599999999999909,2.6165999999643645,2.633199999987937,2.6501999999882173,2.6665999999640917,2.6840999999644737,2.6998999999764237,2.7165999999642736,2.733199999988301,2.7498000000118736,2.7665999999644555,2.783199999988028,2.7998999999763328,2.8165999999641826,2.83319999998821,2.84989999997606,2.866399999976238,2.8833000000117863,2.899899999976242,2.917300000011892,2.9338999999763473,2.9498999999764237,2.9665999999642736,2.983099999964452,3.0010000000002037,3.016899999976431,3.0328999999760526,3.0498000000120555,3.0664999999999054,3.083099999964361,3.0998000000117827,3.1165000000000873,3.1328999999764164,3.1498000000119646,3.166500000000269,3.1840999999644737,3.1998000000121465,3.2165999999642736,3.23330000001215,3.2498000000118736,3.267300000011801,3.28369999998813,3.2998000000120555,3.3170999999642845,3.33319999998821,3.34989999997606,3.3671999999883155,3.3833000000117863,3.399899999976242,3.4165999999640917,3.433199999988119,3.4498999999764237,3.4665999999642736,3.483099999964452,3.4998000000118736,3.5165000000001783,3.533099999964179,3.5498000000120555,3.5673000000119828,3.5838999999764383,3.6003000000118845,3.6165000000000873,3.633199999987937,3.65059999996447,3.666699999987941,3.68309999996427,3.700599999964197,3.7165999999642736,3.733099999964452,3.749899999976151,3.7665000000001783,3.783099999964179,3.7998000000120555,3.8164999999999054,3.83319999998821,3.850399999976162,3.8665000000000873,3.883099999964088,3.8998000000119646,3.916500000000269,3.933199999988119,3.9498000000121465,3.9663999999761472,3.983199999988301,4.000599999964379,4.0165999999644555,4.034199999988232,4.050199999988308,4.066399999976056,4.083099999964361,4.09989999997606,4.117099999964466,4.133300000011786,4.149800000011965,4.166500000000269,4.183199999988119,4.1998000000121465,4.216499999999996,4.233199999988301,4.249899999976151,4.2665999999644555,4.283099999964179,4.2998000000120555,4.316499999999905,4.33319999998821,4.350500000000011,4.366699999988214,4.383099999964088,4.3996999999881155,4.416199999988294,4.434199999988323,4.450300000011794,4.466899999976249]",0.016655224,0.000423043,269.0,left,1.0,,,,,,1.0,0.0,12.0,0.5,1.378176377,1.0,1.052418147,-0.860757697,99.0,-0.003490659,0.442500629,0.032492338,0.059723416,0.160754516,4.0,3.081365672,0.120162894,30.0,-0.009599311,0.375182725,0.031494597,0.070464671,0.19533995,5.0,1.600883988,0.060139012,68.0,0.009599311,0.399449425,0.031951263,0.065393928,0.165147664,5.0,2.528988326,0.940876541,77.0,0.006108652,0.406238369,0.034151794,0.067462161,0.265706452,7.0,2.933914979,0.40351509,59.0,0.006981317,0.393731017,0.031135395,0.06163787,0.205460115,5.0,1.968184868,0.713707482,55.0,-0.003490659,0.391280598,0.028194872,0.063513844,0.18961797,6.0,0.231194979,-0.446088365,84.0,-0.002617994,0.412727296,0.032139903,0.078825818,0.191863964,5.0,0.277800452,-0.527453913,45.0,0.006108652,0.385245638,0.032702855,0.065559913,0.166419284,5.0,2.701186487,0.771256204,29.0,-0.000872665,0.374372435,0.035828607,0.080766738,0.158410304,4.0,1.738367888,0.328904333,10.0,-0.004363323,0.356575755,0.034939804,0.084929929,0.233599272,6.0,1.270299235,-0.56546273,84.0,-0.002617994,0.412727296,0.032139903,0.078825818,0.191863964,5.0,2.914139848,0.439377526,54.0,-0.000872665,0.390632361,0.034931933,0.073298853,0.195852464,4.0,,,,,,,0.7152,,0.0,3.0,3.0,3.0,1.0,,,,,,,,,,,,,,,,,,,,,,,,,,,,0
S070,2,2024-11-21_13h14.36.924,MotivatedInference,2024.1.5,Win32,60.24096386,668be8e87e83611e680fb3ab,{{%SESSION_ID%},Chrome,,,,,,,,,,,,,,,,,,,,,,,,,,,,,,-1.0,,,,,,,,11.0,,,,,,,,,conditions/conds_121.csv,3.0,1.0,,,,,,,,,2687.3843,2691.8849,"[0.0038000000117790478,0.016300000012051896,0.033099999964179005,0.049599999964357266,0.06630000001177905,0.08300000000008367,0.09959999996408442,0.11639999997623818,0.1328999999759617,0.14959999996426632,0.1665999999640917,0.1828999999761436,0.1996999999878426,0.21639999997614723,0.23380000001179724,0.24980000001187364,0.2663000000120519,0.28289999997605264,0.29950000000008004,0.31630000001177905,0.3330000000000837,0.3495999999640844,0.36630000001196095,0.3829999999998108,0.3995999999642663,0.4173000000118918,0.4329999999999927,0.44959999996399347,0.46709999996437546,0.4828999999763255,0.5005000000001019,0.516800000011699,0.5329999999999018,0.5496999999882064,0.5664999999999054,0.5828999999762345,0.5995999999640844,0.6161999999881118,0.6329999999998108,0.6495999999642663,0.666199999987839,0.6828999999761436,0.6995999999639935,0.7163999999761472,0.7330000000001746,0.7495999999641754,0.7663000000120519,0.7828999999760526,0.7996999999882064,0.8161999999879299,0.8330000000000837,0.8495999999640844,0.8661999999881118,0.8829999999998108,0.9001999999882173,0.9166999999879408,0.9329999999999927,0.9495999999639935,0.96630000001187,0.9833000000116954,1.0003000000119755,1.016300000012052,1.0329999999999018,1.04950000000008,1.066300000011779,1.0836999999878572,1.1000999999641863,1.116300000011961,1.1328999999759617,1.1495999999642663,1.166199999987839,1.1828999999761436,1.1995999999639935,1.2163999999761472,1.2338000000117972,1.250599999964379,1.2663999999763291,1.28369999998813,1.2998000000120555,1.316300000011779,1.3330000000000837,1.3494999999998072,1.366300000011961,1.38359999996419,1.3995999999642663,1.416300000011688,1.433199999988119,1.4495999999639935,1.4670000000000982,1.4831999999878462,1.4994999999998981,1.516300000012052,1.5335999999642809,1.5495999999643573,1.5663999999760563,1.5830000000000837,1.5995999999640844,1.616300000011961,1.6326999999878353,1.6495999999642663,1.666300000011688,1.6828999999761436,1.699500000000171,1.71630000001187,1.733099999963997,1.7503000000119755,1.766300000012052,1.7828999999760526,1.7995999999643573,1.81619999998793,1.8328999999762345,1.8494999999998072,1.8661999999881118,1.8828999999759617,1.8996999999881155,1.9173000000118918,1.93309999996427,1.949500000000171,1.9661999999880209,1.9828999999763255,1.9994999999998981,2.016300000012052,2.0333999999761545,2.0495999999643573,2.066300000011779,2.0828999999762345,2.1000999999641863,2.116300000011961,2.1328999999759617,2.1495999999642663,2.166199999987839,2.1828999999761436,2.2003000000117936,2.2170000000000982,2.2328999999763255,2.2495999999641754,2.2661999999882028,2.2828999999760526,2.30039999997598,2.3165999999641826,2.3328000000119573,2.3495999999640844,2.3660999999642627,2.3828999999759617,2.399499999999989,2.416199999987839,2.4329999999999927,2.4495999999639935,2.466199999988021,2.4830000000001746,2.4995999999641754,2.5161999999882028,2.5328999999760526,2.54950000000008,2.56619999998793,2.5828000000119573,2.6006999999881373,2.616199999988112,2.6328000000116845,2.6495999999642663,2.6660000000001673,2.6826999999880172,2.6993000000120446,2.716899999976249,2.7328999999763255,2.7495999999641754,2.7660999999643536,2.7828999999760526,2.79950000000008,2.81619999998793,2.8330000000000837,2.849300000011681,2.866399999976238,2.8826999999878353,2.8995999999642663,2.917399999976169,2.9328999999761436,2.9495999999639935,2.96630000001187,2.9828999999763255,3.000500000000102,3.0161999999882028,3.0329999999999018,3.0498000000120555,3.06619999998793,3.0828999999762345,3.0995999999640844,3.116300000011961,3.132999999999811,3.149499999999989,3.166199999987839,3.1828999999761436,3.199500000000171,3.2173000000120737,3.2345000000000255,3.250599999964379,3.2665000000001783,3.283800000011979,3.2995999999643573,3.316300000011779,3.3328000000119573,3.349499999999807,3.366199999988112,3.3828000000116845,3.3995999999642663,3.416300000011688,3.4328999999761436,3.449500000000171,3.46630000001187,3.4828999999763255,3.4995999999641754,3.5161999999882028,3.5328000000117754,3.54950000000008,3.5663999999760563,3.5830000000000837,3.599399999975958,3.616800000012063,3.6326999999878353,3.6495999999642663,3.666300000011688,3.6828999999761436,3.699500000000171,3.716199999988021,3.7328999999763255,3.749499999999898,3.7661999999882028,3.7828000000117754,3.79950000000008,3.81619999998793,3.8328999999762345,3.8495999999640844,3.866300000011961,3.8828999999759617,3.899499999999989,3.9163999999759653,3.93309999996427,3.9495999999639935,3.966199999988021,3.9838000000117972,3.999499999999898,4.016199999988203,4.033500000000004,4.049599999964357,4.06619999998793,4.083800000011706,4.099599999964084,4.116300000011961,4.132899999975962,4.149499999999989,4.16609999996399,4.182899999976144,4.1995999999639935,4.21630000001187,4.2328999999763255,4.250199999988126,4.267399999976078,4.282899999976053,4.2998000000120555,4.316599999964183,4.332800000011957,4.349599999964084,4.365899999976136,4.3828000000116845,4.399499999999989,4.416199999987839,4.432899999976144,4.449500000000171,4.466199999988021,4.4828999999763255,4.5003000000119755]",0.016653704,0.000465201,271.0,left,0.0,,,,,,2.0,0.0,12.0,0.5,-0.410209908,1.0,0.396602173,-0.712604986,11.0,-0.013089969,0.357861323,0.044486954,0.075207378,0.243622836,5.0,2.960662994,0.354013754,98.0,-0.003490659,0.436582054,0.033239272,0.083554428,0.196244723,5.0,1.229431061,-0.630913864,49.0,-0.003490659,0.387690152,0.036925942,0.073283012,0.194967171,5.0,0.80875129,-0.998909461,82.0,0.004363323,0.410673221,0.022643594,0.062174001,0.106425045,4.0,0.907661611,-0.970251971,31.0,0.004363323,0.375872077,0.0344646,0.07529372,0.228193104,6.0,0.671295169,-0.974073822,85.0,0.003490659,0.413672168,0.024690997,0.064801949,0.114487367,4.0,1.935422602,0.666312468,18.0,-0.008726646,0.365457086,0.031782524,0.075683607,0.153768306,4.0,2.036678866,0.802673915,41.0,0.013089969,0.382506884,0.032100804,0.075836611,0.218324429,6.0,1.873668029,0.56937337,96.0,0.002617994,0.429744758,0.028375272,0.064697354,0.217313714,7.0,1.405641352,-0.324336239,95.0,-0.003490659,0.427246221,0.028411926,0.064304978,0.203029515,6.0,2.59914806,0.884251669,91.0,0.001745329,0.420659204,0.046109782,0.086244352,0.261967492,5.0,2.552052539,0.924255258,10.0,-0.004363323,0.356575755,0.034939804,0.084929929,0.233599272,6.0,,,,,,,0.7259,,0.0,4.0,4.0,4.0,1.0,,,,,,,,,,,,,,,,,,,,,,,,,,,,0
S070,2,2024-11-21_13h14.36.924,MotivatedInference,2024.1.5,Win32,60.24096386,668be8e87e83611e680fb3ab,{{%SESSION_ID%},Chrome,,,,,,,,,,,,,,,,,,,,,,,,,,,,,,-1.0,,,,,,,,5.0,,,,,,,,,conditions/conds_121.csv,3.0,1.0,,,,,,,,,2693.6184,2696.7173,"[0.003100000024005567,0.015600000023823668,0.03270000004749818,0.048700000047574576,0.0654000000358792,0.08270000004768008,0.09960000002365632,0.11540000003560635,0.1322000000477601,0.14910000002373636,0.16540000003578825,0.18280000001186636,0.19870000004766553,0.21540000003597015,0.23210000002382003,0.24880000001212466,0.26549999999997453,0.2824999999997999,0.2988000000118518,0.3154000000358792,0.3321000000237291,0.3488000000120337,0.36540000003560635,0.38290000003598834,0.39890000003561,0.41540000003578825,0.4323000000117645,0.44880000001194276,0.46540000003597015,0.48210000002382003,0.49880000001212466,0.5154000000356973,0.5321000000240019,0.5487000000475746,0.5654000000358792,0.5828000000119573,0.5987000000477565,0.6154999999998836,0.6328000000121392,0.64890000003561,0.6654000000357883,0.6824999999998909,0.6997000000478693,0.7154000000359702,0.7319999999999709,0.7488000000121247,0.7654000000356973,0.7829000000356245,0.7991000000238273,0.8155000000001564,0.8322000000475782,0.8487000000477565,0.8654000000356064,0.882100000023911,0.8996000000238382,0.9155000000000655,0.9321000000236381,0.9497000000478693,0.9659000000356173,0.9819999999999709,0.9985000000001492,1.0154000000356973,1.0320000000001528,1.0488000000118518,1.06530000001203,1.08199999999988,1.0987000000477565,1.1154000000356064,1.1320000000000618,1.1487000000474836,1.1660000000001673,1.1821000000236381,1.1994000000358938,1.2154000000359702,1.2323000000119464,1.2494999999998981,1.26580000001195,1.2828000000117754,1.2989999999999782,1.3154000000358792,1.33199999999988,1.3486000000239073,1.3653000000117572,1.3820000000000618,1.3996000000238382,1.4155000000000655,1.4321000000236381,1.4486000000238164,1.465300000012121,1.4828000000120483,1.4997000000475964,1.5153000000118482,1.5327000000474982,1.5496000000239292,1.56530000001203,1.582100000023729,1.5988000000120337,1.6154000000356064,1.6320000000000618,1.6487000000474836,1.6654000000357883,1.6821000000236381,1.6994000000358938,1.7159999999998945,1.73210000002382,1.7488000000121247,1.7662000000477747,1.782600000023649,1.7984999999998763,1.8154000000358792,1.832100000023729,1.8488000000120337,1.8654000000356064,1.882100000023911,1.8987000000474836,1.9154000000357883,1.931999999999789,1.9494000000358938,1.9656000000236418,1.981999999999971,1.9987000000478474,2.0154000000356973,2.0329000000356245,2.048900000035701,2.06530000001203,2.0823000000118554,2.0986000000239073,2.115300000011757,2.132000000000062,2.1487000000474836,2.1661000000240165,2.182499999999891,2.1987000000476655,2.21540000003597,2.231999999999971,2.2487000000478474,2.2654999999999745,2.2829000000356245,2.29950000000008,2.31530000001203,2.33199999999988,2.3487000000477565,2.365800000011859,2.38220000004776,2.398400000035963,2.4154000000357883,2.4322000000474873,2.4487000000476655,2.4662000000475928,2.4824000000357955,2.4988000000121247,2.5154000000356973,2.532000000000153,2.5487000000475746,2.5661000000236527,2.5829000000358064,2.5996000000236563,2.6154999999998836,2.632000000000062,2.649400000035712,2.6656000000239146,2.681999999999789,2.6986000000238164,2.71540000003597,2.7328000000120483,2.749400000035621,2.7654000000356973,2.782100000024002,2.798800000011852,2.815400000035879,2.83199999999988,2.8488000000120337,2.865300000011757,2.88310000002366,2.8987000000474836,2.9154000000357883,2.9319000000359665,2.9487000000476655,2.965200000047844,2.981999999999971,2.9986000000239983,3.015300000011848,3.032000000000153,3.0487000000475746,3.065400000035879,3.082100000023729,3.0987000000477565]",0.016643011,0.000519387,187.0,left,1.0,,,,,,1.0,0.0,8.0,0.5,4.402607407,1.0,0.166029314,-0.325989891,81.0,-0.006981317,0.409724184,0.034267936,0.062711279,0.215248408,5.0,2.586959261,0.895372412,81.0,-0.006981317,0.409724184,0.034267936,0.062711279,0.215248408,5.0,2.721915904,0.744211449,3.0,0.001745329,0.342027877,0.030569748,0.094119191,0.219456558,8.0,1.958994026,0.700712295,1.0,-0.007853982,0.332308035,0.049961894,0.10302439,0.316973442,6.0,2.929706274,0.411202407,2.0,0.008726646,0.338473989,0.032964075,0.086271212,0.185208292,4.0,1.796053009,0.435427734,99.0,-0.003490659,0.442500629,0.032492338,0.059723416,0.160754516,4.0,1.995322964,0.750655245,40.0,0.001745329,0.381763748,0.031902579,0.075140032,0.211660484,6.0,2.685358902,0.791015755,5.0,-0.004363323,0.3477587,0.034233339,0.078408596,0.194188261,5.0,0.0,0.0,0.0,0.0,0.0,0.0,0.0,0.0,0.0,0.0,0.0,0.0,0.0,0.0,0.0,0.0,0.0,0.0,0.0,0.0,0.0,0.0,0.0,0.0,0.0,0.0,0.0,0.0,0.0,0.0,0.0,0.0,0.0,0.0,0.0,0.0,,,,,,,1.0666,,0.0,5.0,5.0,5.0,1.0,,,,,,,,,,,,,,,,,,,,,,,,,,,,0
S070,2,2024-11-21_13h14.36.924,MotivatedInference,2024.1.5,Win32,60.24096386,668be8e87e83611e680fb3ab,{{%SESSION_ID%},Chrome,,,,,,,,,,,,,,,,,,,,,,,,,,,,,,1.0,,,,,,,,9.0,,,,,,,,,conditions/conds_121.csv,3.0,1.0,,,,,,,,,2699.7348,2704.1845,"[0.005599999964033486,0.015499999999974534,0.032300000011673546,0.049899999976332765,0.0830999999643609,0.09900000000016007,0.11589999997613631,0.13309999996408806,0.15019999998821731,0.16649999999981446,0.1825999999641681,0.19909999996434635,0.21609999996417173,0.2333999999759726,0.24930000001177177,0.2653999999761254,0.2833999999761545,0.29919999998810454,0.3158000000116772,0.3334999999997308,0.3500999999641863,0.3660999999642627,0.3826999999878353,0.3993000000118627,0.4155000000000655,0.43209999996406623,0.44889999997622,0.46559999996406987,0.4828999999763255,0.49930000001177177,0.5156999999881009,0.5321999999878244,0.5496999999882064,0.5661999999879299,0.5830000000000837,0.5988000000120337,0.6155999999641608,0.6320999999643391,0.6496999999881155,0.6660000000001673,0.6820999999640662,0.6990000000000691,0.7155999999640699,0.7321999999880973,0.7488999999759471,0.7655999999642518,0.7823000000116735,0.7988000000118518,0.816300000011779,0.8323000000118554,0.8488000000120337,0.8663999999762382,0.8821999999881882,0.8988999999760381,0.9155000000000655,0.9321999999879154,0.949500000000171,0.96630000001187,0.9833999999759726,0.999399999976049,1.0155999999642518,1.0323000000116735,1.0498000000120555,1.066300000011779,1.0823000000118554,1.098899999976311,1.1154999999998836,1.1323000000120373,1.148899999976038,1.1655999999643427,1.1829999999999927,1.1988000000119428,1.2160999999641717,1.2326999999881991,1.24880000001167,1.2654999999999745,1.2828000000117754,1.2993000000119537,1.315599999963979,1.3321999999880063,1.348899999976311,1.3654999999998836,1.3828999999759617,1.398899999976038,1.4156999999881918,1.4321999999879154,1.4496999999878426,1.4661999999880209,1.4823000000119464,1.4988999999759471,1.5155999999642518,1.5321999999878244,1.548899999976129,1.5655000000001564,1.5828999999762345,1.5986999999881846,1.6154999999998836,1.6321999999881882,1.649499999999989,1.6655999999643427,1.6821999999879154,1.6995999999639935,1.7154999999997926,1.7320999999642481,1.7489999999997963,1.7654999999999745,1.7820999999639753,1.7988000000118518,1.8155000000001564,1.8321999999880063,1.848899999976311,1.8661999999881118,1.8821999999881882,1.898899999976038,1.9155000000000655,1.9321999999879154,1.94889999997622,1.9654999999997926,1.9821999999880973,1.9988999999759471,2.0154999999999745,2.0321999999878244,2.048899999976129,2.065599999963979,2.0823000000118554,2.0988000000120337,2.115599999964161,2.132099999964339,2.148800000011761,2.1655999999643427,2.1823000000117645,2.1988000000119428,2.2154999999997926,2.232099999964248,2.24880000001167,2.266300000012052,2.283099999964179,2.298999999999978,2.3155000000001564,2.333099999964361,2.349300000011681,2.3653999999760345,2.3823000000120373,2.398800000011761,2.416699999987941,2.4323999999760417,2.4488000000119428,2.46559999996407,2.4823999999762236,2.4985999999639716,2.5160000000000764,2.5323000000116735,2.548800000011852,2.5655000000001564,2.5821999999880063,2.5988000000120337,2.6153999999760345,2.632999999999811,2.648899999976038,2.6655000000000655,2.68309999996427,2.69889999997622,2.71559999996407,2.73259999996435,2.7491999999879226,2.7654999999999745,2.783800000011979,2.798800000011852,2.815599999963979,2.8321999999880063,2.8488000000120337,2.865300000011757,2.882199999988188,2.898899999976038,2.9155000000000655,2.9320999999640662,2.94889999997622,2.96559999996407,2.9823000000119464,2.999399999976049,3.0154999999999745,3.0328000000117754,3.0518000000120082,3.066300000011779,3.0823000000118554,3.098500000000058,3.1154999999998836,3.1328999999759617,3.1484999999997854,3.1655999999643427,3.1821999999879154,3.1993000000120446,3.2154999999997926,3.2321999999880973,3.24880000001167,3.2655999999642518,3.2823000000116735,3.298800000011852,3.3155000000001564,3.3330000000000837,3.3495999999640844,3.3654999999998836,3.382099999964339,3.398899999976038,3.415800000012041,3.4328999999761436,3.449500000000171,3.4658999999760454,3.481999999999971,3.498899999975947,3.5154999999999745,3.532000000000153,3.548800000011852,3.565599999963979,3.5821999999880063,3.5988000000120337,3.6153999999760345,3.632099999964339,3.6495999999642663,3.666300000011688,3.6820999999640662,3.6988000000119428,3.7154999999997926,3.7321999999880973,3.74880000001167,3.7658999999762273,3.782599999964077,3.7984999999998763,3.815099999964332,3.8328000000119573,3.8495999999640844,3.865599999964161,3.882199999988188,3.898800000011761,3.9155000000000655,3.9321999999879154,3.9488000000119428,3.9654999999997926,3.9828999999763255,3.998899999975947,4.015599999964252,4.032999999999902,4.048800000011852,4.068800000011834,4.082199999988006,4.098800000012034,4.115499999999884,4.132099999964339,4.148699999987912,4.165399999976216,4.181999999999789,4.198699999988094,4.216399999976147,4.232500000000073,4.24880000001167,4.2654999999999745,4.282199999987824,4.298800000011852,4.315399999976307,4.332199999988006,4.348800000012034,4.3653999999760345,4.382000000000062,4.399800000011965,4.416399999975965,4.432099999964066,4.449399999976322]",0.016706015,0.001238739,267.0,right,1.0,,,,,,1.0,0.0,12.0,0.5,4.859915625,-1.0,2.341844994,0.999588212,52.0,0.004363323,0.389522306,0.03388387,0.067083277,0.213395069,6.0,1.840384968,0.513430165,9.0,0.01134464,0.355140301,0.038458273,0.073668072,0.274720221,7.0,2.745625514,0.711713376,71.0,0.013962634,0.401673071,0.031502829,0.073976735,0.151529972,4.0,2.592966331,0.889957809,83.0,0.005235988,0.41175896,0.032251087,0.065012348,0.244231929,6.0,1.04741006,-0.865812817,88.0,0.001745329,0.416906428,0.03407937,0.068935353,0.194962658,5.0,1.245800149,-0.605180319,87.0,0.006108652,0.415699595,0.038834066,0.066745096,0.25903141,5.0,2.737321359,0.723281523,5.0,-0.004363323,0.3477587,0.034233339,0.078408596,0.194188261,5.0,1.597316568,0.053015615,24.0,-0.000872665,0.370951047,0.044446314,0.068882508,0.271498611,5.0,3.032321991,0.216805874,34.0,-0.01134464,0.377900669,0.035623555,0.066078969,0.222301383,5.0,2.040749282,0.807502604,34.0,-0.01134464,0.377900669,0.035623555,0.066078969,0.222301383,5.0,2.926475969,0.417082915,70.0,0.007853982,0.401012824,0.032375196,0.060909739,0.168550131,4.0,2.329086444,0.998530668,69.0,-0.001745329,0.400311091,0.03773135,0.078132351,0.241087639,6.0,,,,,,,0.432,,0.0,6.0,6.0,6.0,1.0,,,,,,,,,,,,,,,,,,,,,,,,,,,,0
S070,2,2024-11-21_13h14.36.924,MotivatedInference,2024.1.5,Win32,60.24096386,668be8e87e83611e680fb3ab,{{%SESSION_ID%},Chrome,,,,,,,,,,,,,,,,,,,,,,,,,,,,,,1.0,,,,,,,,2.0,,,,,,,,,conditions/conds_121.csv,3.0,1.0,,,,,,,,,2705.6174,2707.3181,"[0.001600000024154724,0.016200000047774665,0.03280000001223016,0.0503000000121574,0.06720000004770554,0.08290000003580644,0.09950000000026193,0.11710000002403831,0.1328000000121392,0.15030000001206645,0.16660000002411834,0.1828000000123211,0.20020000004797112,0.21670000004769463,0.2329000000358974,0.24960000002420202,0.26620000004777467,0.2830000000003565,0.30050000000028376,0.31640000003608293,0.33290000003580644,0.34950000000026193,0.3662000000476837,0.38290000003598834,0.3998000000119646,0.41630000001214285,0.43290000003617024,0.45030000001224835,0.466900000035821,0.4833000000121501,0.499600000024202,0.5162000000477747,0.5329000000360793,0.54950000000008,0.5669000000361848,0.583800000012161,0.5995000000002619,0.6170000000001892,0.6329000000359883,0.6494999999999891,0.6665000000002692,0.683200000047691,0.6994000000358938,0.7162000000480475,0.732700000047771,0.7495000000003529,0.7670000000002801,0.7832000000480548,0.79950000000008,0.8162000000479566,0.8328000000119573,0.8495000000002619,0.8662000000476837,0.8829000000359883,0.8994999999999891,0.9170000000003711,0.9329999999999927,0.9499000000359956,0.9662000000480475,0.9828000000120483,1.0008000000120774,1.0165000000001783,1.0328000000122302,1.04950000000008,1.0662000000479566,1.0829000000358064,1.0999000000360866,1.1171000000240383,1.1330000000002656,1.1502000000477892,1.1671000000242202,1.1829000000361702,1.1994000000358938,1.2174000000359229,1.232700000047771,1.2498000000123284,1.2665000000001783,1.2828000000122302,1.3005000000002838,1.3169000000361848,1.3331000000239328,1.3497000000479602,1.366900000035912,1.383300000012241,1.399499999999989,1.4169000000360938,1.4329000000361702,1.449500000000171,1.4662000000480475,1.4829000000358974,1.5003000000119755,1.5171000000241293,1.533300000012332,1.54950000000008,1.5662000000479566,1.5837000000478838,1.5999000000360866,1.6162000000476837,1.6328000000121392,1.6504000000359156,1.6665000000002692,1.682800000012321,1.7004000000360975]",0.016654902,0.000572683,103.0,left,1.0,,,,,,1.0,0.0,4.0,0.5,2.385765962,1.0,1.846253913,0.523467218,40.0,0.001745329,0.381763748,0.031902579,0.075140032,0.211660484,6.0,1.646401099,0.150633986,26.0,-8.92894e-14,0.37233788,0.03804093,0.07765862,0.260457405,6.0,2.52655431,0.942514431,75.0,-0.006981317,0.404601252,0.036318328,0.07284169,0.209916045,6.0,2.702837385,0.769150328,78.0,0.004363323,0.407032945,0.030231373,0.057417546,0.211999481,6.0,0.0,0.0,0.0,0.0,0.0,0.0,0.0,0.0,0.0,0.0,0.0,0.0,0.0,0.0,0.0,0.0,0.0,0.0,0.0,0.0,0.0,0.0,0.0,0.0,0.0,0.0,0.0,0.0,0.0,0.0,0.0,0.0,0.0,0.0,0.0,0.0,0.0,0.0,0.0,0.0,0.0,0.0,0.0,0.0,0.0,0.0,0.0,0.0,0.0,0.0,0.0,0.0,0.0,0.0,0.0,0.0,0.0,0.0,0.0,0.0,0.0,0.0,0.0,0.0,0.0,0.0,0.0,0.0,0.0,0.0,0.0,0.0,,,,,,,0.6168,,0.0,7.0,7.0,7.0,1.0,,,,,,,,,,,,,,,,,,,,,,,,,,,,0
S070,2,2024-11-21_13h14.36.924,MotivatedInference,2024.1.5,Win32,60.24096386,668be8e87e83611e680fb3ab,{{%SESSION_ID%},Chrome,,,,,,,,,,,,,,,,,,,,,,,,,,,,,,1.0,,,,,,,,7.0,,,,,,,,,conditions/conds_121.csv,3.0,1.0,,,,,,,,,2708.9349,2712.0168,"[0.003000000000156433,0.015800000011950033,0.032700000047952926,0.04930000001195367,0.06550000000015643,0.08210000002372908,0.09870000004775648,0.11530000001221197,0.13270000004786198,0.14940000003571186,0.16610000002401648,0.18200000000024374,0.19940000003589375,0.21560000002409652,0.23310000002402376,0.24880000001212466,0.26530000001184817,0.28190000003587556,0.2994000000358028,0.31580000001213193,0.33199999999987995,0.3487000000477565,0.36530000001221197,0.3828000000121392,0.39940000003571186,0.4153000000119391,0.4329000000357155,0.4496000000240201,0.46620000004759277,0.48210000002382003,0.49910000002410015,0.5153000000118482,0.5319000000358756,0.5486000000237254,0.5652000000477528,0.5833000000120592,0.5990000000001601,0.615300000012212,0.6320000000000618,0.6486000000240892,0.6653000000119391,0.6820000000002437,0.6986000000238164,0.715300000012121,0.7328000000120483,0.749000000000251,0.7651000000237218,0.7817000000477492,0.7986000000237254,0.8153000000120301,0.8330000000000837,0.8489000000358828,0.8654000000360611,0.882100000023911,0.8987000000479384,0.9152000000476619,0.9327000000475891,0.9486000000238164,0.9656000000240965,0.982700000047771,0.9994000000360757,1.0154000000356973,1.0332000000476,1.048900000035701,1.06530000001203,1.08199999999988,1.0986000000239073,1.115300000012212,1.132700000047862,1.1491000000237364,1.1652000000476619,1.1820000000002437,1.1987000000476655,1.215300000012121,1.2319000000356937,1.2494000000360757,1.2661000000239255,1.2826000000241038,1.2991000000238273,1.315800000012132,1.3323000000118554,1.3485000000000582,1.3659999999999854,1.3823000000120373,1.3987000000479384,1.4154000000357883,1.4320000000002437,1.4496000000240201,1.4654000000359702,1.481999999999971,1.4987000000478474,1.515200000047571,1.5319000000358756,1.5494000000358028,1.5664999999999054,1.5824000000357046,1.5986000000239073,1.6152000000479347,1.6320000000000618,1.6486000000240892,1.6662000000478656,1.6824000000360684,1.6986000000238164,1.715900000036072,1.731999999999971,1.7487000000478474,1.7653000000118482,1.782700000047953,1.7993000000119537,1.8152000000477528,1.8319000000360575,1.849600000024111,1.8656000000237327,1.8823000000120373,1.89850000000024,1.9160000000001673,1.9323000000122192,1.9484999999999673,1.9659999999998945,1.9823000000119464,1.9986000000239983,2.015300000011848,2.032000000000153,2.0486000000237254,2.06530000001203,2.0829000000358064,2.0994000000359847,2.1159999999999854,2.1319000000357846,2.149499999999989,2.165800000012041,2.1820000000002437,2.1988000000119428,2.215300000012121,2.2319000000356937,2.2486000000239983,2.2662000000477747,2.282000000000153,2.2987000000475746,2.31530000001203,2.331600000024082,2.3486000000239073,2.365300000012212,2.382600000024013,2.399400000035712,2.416300000012143,2.432700000047589,2.449000000000069,2.465300000012121,2.4818000000118445,2.4986000000239983,2.5167000000478765,2.5324000000359774,2.5486000000237254,2.565200000047753,2.58199999999988,2.5986000000239073,2.6159999999999854,2.632100000023911,2.6486000000240892,2.665200000047662,2.684800000011819,2.69960000002402,2.7161000000237436,2.732200000047669,2.748300000012023,2.765100000023722,2.7818000000120264,2.7986000000237254,2.8151000000239037,2.8318000000122083,2.848400000035781,2.8651000000240856,2.88220000004776,2.898400000035963,2.9151000000238128,2.93260000002374,2.9494000000358938,2.965300000012121,2.981999999999971,2.998500000000149,3.0160000000000764,3.03280000001223,3.048800000011852,3.065200000047753,3.081700000047931]",0.016641622,0.000623025,186.0,left,1.0,,,,,,2.0,0.0,8.0,0.5,-2.366298596,-1.0,1.584506234,0.027416379,86.0,-0.01134464,0.414570186,0.03611148,0.064685839,0.099529567,3.0,2.667961309,0.811820212,22.0,-0.006108652,0.369173441,0.034771665,0.081264392,0.215269419,6.0,0.317458606,-0.593110862,4.0,0.001745329,0.345391377,0.044661649,0.086491224,0.292502374,6.0,1.611146047,0.080611877,60.0,0.008726646,0.394321176,0.024708435,0.063628191,0.162696287,6.0,1.582052793,0.022511031,34.0,-0.01134464,0.377900669,0.035623555,0.066078969,0.222301383,5.0,1.00095433,-0.908501488,11.0,-0.013089969,0.357861323,0.044486954,0.075207378,0.243622836,5.0,0.642437187,-0.959402031,36.0,0.002617994,0.379263044,0.03913601,0.077664539,0.168574417,3.0,1.065032163,-0.847643713,4.0,0.001745329,0.345391377,0.044661649,0.086491224,0.292502374,6.0,0.0,0.0,0.0,0.0,0.0,0.0,0.0,0.0,0.0,0.0,0.0,0.0,0.0,0.0,0.0,0.0,0.0,0.0,0.0,0.0,0.0,0.0,0.0,0.0,0.0,0.0,0.0,0.0,0.0,0.0,0.0,0.0,0.0,0.0,0.0,0.0,,,,,,,0.5177,,0.0,8.0,8.0,8.0,1.0,,,,,,,,,,,,,,,,,,,,,,,,,,,,0
S070,2,2024-11-21_13h14.36.924,MotivatedInference,2024.1.5,Win32,60.24096386,668be8e87e83611e680fb3ab,{{%SESSION_ID%},Chrome,,,,,,,,,,,,,,,,,,,,,,,,,,,,,,1.0,,,,,,,,12.0,,,,,,,,,conditions/conds_121.csv,3.0,1.0,,,,,,,,,2713.5346,2718.0002,"[0.0038999999760562787,0.015499999999974534,0.03219999998782441,0.048799999952279904,0.06549999999970169,0.08269999998810817,0.09959999996408442,0.11549999999988358,0.13209999996388433,0.1488999999760381,0.1653999999757616,0.18219999998791536,0.19889999997576524,0.2162999999522981,0.23289999997587074,0.24899999999979627,0.26559999996425177,0.2821999999878244,0.2987999999522799,0.3154999999997017,0.3321999999880063,0.34969999998793355,0.3662999999519343,0.38219999998773346,0.39879999995218895,0.41609999996398983,0.43219999998791536,0.44889999997576524,0.46549999999979264,0.4820999999642481,0.498799999952098,0.5154999999999745,0.5320999999639753,0.549299999951927,0.5653999999758526,0.5821999999880063,0.5997999999522108,0.6162999999519343,0.6320999999638843,0.648799999952189,0.666199999987839,0.6828999999761436,0.6986999999880936,0.7155999999640699,0.7322999999519197,0.748799999952098,0.7655999999642518,0.7818999999758489,0.798899999976129,0.8151999999877262,0.8320999999641572,0.8489999999997053,0.8653999999760345,0.882499999999709,0.898799999952189,0.9154999999996107,0.9320999999640662,0.9493999999758671,0.9654999999997926,0.9820999999642481,0.9996999999880245,1.015199999987999,1.0321999999878244,1.0489999999999782,1.0654999999997017,1.08199999999988,1.0995999999640844,1.1154999999998836,1.1329999999998108,1.148899999976038,1.1652999999519125,1.1827999999522945,1.199299999952018,1.2153999999759435,1.2320999999642481,1.248799999952098,1.2653999999761254,1.2822999999521016,1.29879999995228,1.3154999999997017,1.332999999999629,1.3495999999640844,1.3653999999760345,1.3821999999877335,1.398899999976038,1.4160999999639898,1.4321999999879154,1.4488999999757652,1.4654999999997926,1.4820999999642481,1.498799999952098,1.5154999999999745,1.5321999999878244,1.54879999995228,1.5654999999997017,1.582999999999629,1.599399999975958,1.6154999999998836,1.6321999999877335,1.648799999952189,1.6654999999996107,1.6820999999640662,1.6988999999757652,1.7159999999998945,1.7320999999642481,1.748799999952098,1.7662999999520252,1.7820999999639753,1.7985999999641535,1.815599999963979,1.8320999999641572,1.8486999999877298,1.8661999999881118,1.8821999999877335,1.898899999976038,1.9162999999521162,1.9320999999640662,1.948799999951916,1.966299999952298,1.983099999963997,1.9986999999878208,2.0154999999999745,2.032599999964077,2.049799999952029,2.0665999999641826,2.08199999999988,2.098799999952007,2.1153999999760345,2.1321999999877335,2.148799999952189,2.1659999999997126,2.1821999999879154,2.198799999951916,2.2153999999759435,2.232099999964248,2.248799999952098,2.2654999999999745,2.2821999999878244,2.2991999999881045,2.316299999952207,2.332099999964157,2.348899999975856,2.3662999999519343,2.3821999999877335,2.3989999999998872,2.4158999999758635,2.431999999999789,2.449399999975867,2.4654999999997926,2.482099999964248,2.498799999952098,2.5154999999999745,2.5321999999878244,2.5486999999880027,2.5654999999997017,2.5821999999880063,2.598799999952007,2.6154999999998836,2.6320999999638843,2.6495999999642663,2.6654999999996107,2.6820999999640662,2.6986999999880936,2.716299999952298,2.732099999964248,2.7485999999639716,2.7653999999761254,2.781799999952,2.798899999976129,2.8154999999997017,2.832499999999982,2.8496999999879336,2.8654999999998836,2.8822999999520107,2.898799999952189,2.9154999999996107,2.9320999999640662,2.9486999999880936,2.9653999999759435,2.9821999999880973,2.998799999952098,3.0154999999999745,3.031999999999698,3.049799999952029,3.0658999999759544,3.0832999999520325,3.0985999999638807,3.1153999999760345,3.1320999999638843,3.148799999952189,3.1653999999757616,3.1821999999879154,3.1988999999757652,3.2153999999759435,3.2321999999880973,3.2486999999878208,3.2653999999761254,3.2820999999639753,3.298899999976129,3.3153999999758526,3.332099999964157,3.34869999998773,3.3653999999760345,3.381999999999607,3.398799999952189,3.4153999999757616,3.4320999999640662,3.448799999951916,3.4652999999520944,3.481999999999971,3.4985999999639716,3.5152999999522763,3.5320999999639753,3.548399999976027,3.5652999999520034,3.5821999999880063,3.598799999952007,3.6160999999642627,3.6320999999638843,3.648799999952189,3.6653999999757616,3.683199999988119,3.7002999999522217,3.7153999999759435,3.7326999999877444,3.7492999999522,3.7653999999761254,3.781799999952,3.798899999976129,3.8154999999997017,3.832099999964157,3.848799999952007,3.8653999999760345,3.8821999999877335,3.898799999952189,3.9153999999757616,3.9320999999640662,3.9486999999880936,3.9653999999759435,3.982099999964248,3.998799999952098,4.0154999999999745,4.031999999999698,4.0491999999881045,4.0659999999998035,4.081799999952182,4.098799999952007,4.115499999999884,4.132999999999811,4.148799999952189,4.165999999999713,4.181999999999789,4.198799999951916,4.215499999999793,4.232099999964248,4.248799999952098,4.2654999999999745,4.282299999952102,4.299499999999625,4.316399999976056,4.332099999964157,4.348799999952007,4.3653999999760345,4.3821999999877335,4.398799999952189,4.415399999975762,4.432099999964066,4.448499999999967,4.465499999999793]",0.016647761,0.000534722,269.0,right,1.0,,,,,,2.0,0.0,12.0,0.5,-3.669902254,1.0,2.709969722,0.759956289,14.0,-0.004363323,0.361562951,0.033827978,0.08680928,0.200727788,5.0,1.667267885,0.191748225,60.0,0.008726646,0.394321176,0.024708435,0.063628191,0.162696287,6.0,0.995137876,-0.913301087,80.0,0.000872665,0.408817555,0.034279956,0.069360427,0.160822937,4.0,0.43558462,-0.765082372,16.0,0.017453293,0.363466057,0.031192723,0.069909496,0.180964939,5.0,0.547359516,-0.888799517,50.0,-0.003490659,0.388365859,0.031859869,0.061653869,0.235670302,6.0,1.192543977,-0.686383722,54.0,-0.000872665,0.390632361,0.034931933,0.073298853,0.195852464,4.0,0.244907054,-0.470461861,54.0,-0.000872665,0.390632361,0.034931933,0.073298853,0.195852464,4.0,1.227859719,-0.633349005,35.0,0.01134464,0.378665605,0.034694997,0.068673497,0.233172687,6.0,1.475610082,-0.189224667,56.0,0.002617994,0.391878159,0.037400891,0.06461151,0.256914973,6.0,1.383825296,-0.365287905,49.0,-0.003490659,0.387690152,0.036925942,0.073283012,0.194967171,5.0,2.629797908,0.853981145,45.0,0.006108652,0.385245638,0.032702855,0.065559913,0.166419284,5.0,1.271368413,-0.563697778,34.0,-0.01134464,0.377900669,0.035623555,0.066078969,0.222301383,5.0,,,,,,,0.4676,,0.0,9.0,9.0,9.0,1.0,,,,,,,,,,,,,,,,,,,,,,,,,,,,0
S070,2,2024-11-21_13h14.36.924,MotivatedInference,2024.1.5,Win32,60.24096386,668be8e87e83611e680fb3ab,{{%SESSION_ID%},Chrome,,,,,,,,,,,,,,,,,,,,,,,,,,,,,,1.0,,,,,,,,5.0,,,,,,,,,conditions/conds_121.csv,3.0,1.0,,,,,,,,,2719.4671,2722.5668,"[0.0029999999997016857,0.016299999952025246,0.03279999995220351,0.049599999964357266,0.06629999995220714,0.08319999998821004,0.09969999998793355,0.11619999998811181,0.1328999999759617,0.14939999997613995,0.1662999999521162,0.18359999996437182,0.1996999999878426,0.2162999999522981,0.23389999997607447,0.25050000000010186,0.26629999995202525,0.28359999996428087,0.29959999996435727,0.31629999995220714,0.33289999997623454,0.3495999999640844,0.3669999999997344,0.38369999998803905,0.3994999999999891,0.4162999999521162,0.4329999999999927,0.4496999999878426,0.46639999997614723,0.4829999999997199,0.49959999996417537,0.5162999999520252,0.5325999999640771,0.5495999999643573,0.5661999999879299,0.5828999999762345,0.5995999999640844,0.6161999999881118,0.6327999999521126,0.6495999999642663,0.6660999999639898,0.6827999999522945,0.6994999999997162,0.7161999999880209,0.7328999999758707,0.7495999999641754,0.7661999999882028,0.7828999999760526,0.7996999999882064,0.8162999999522071,0.8328999999762345,0.8495999999640844,0.866299999952389,0.8827999999521126,0.9002999999520398,0.9167999999522181,0.9329999999999927,0.9495999999639935,0.9663999999761472,0.9827999999520216,0.9996999999880245,1.0161999999882028,1.0338999999762564,1.0495999999643573,1.0662999999522071,1.0836999999878572,1.1001999999880354,1.1170999999640117,1.13359999996419,1.14939999997614,1.166199999987839,1.1828999999761436,1.1995999999639935,1.2161999999880209,1.2328999999758707,1.2495999999641754,1.2660999999643536,1.2828999999760526,1.3002999999521307,1.3166999999880318,1.3327999999523854,1.3495999999640844,1.3661999999881118,1.383699999988039,1.4002999999520398,1.4162999999521162,1.4328999999761436,1.4496999999878426,1.466299999952298,1.4829999999997199,1.4995999999641754,1.5161999999882028,1.5328999999760526,1.5496999999882064,1.56619999998793,1.5828999999762345,1.5995999999640844,1.6161999999881118,1.6327999999521126,1.6502999999520398,1.666199999987839,1.6828999999761436,1.6995999999639935,1.7161999999880209,1.7338999999760745,1.7502999999524036,1.7662999999520252,1.7828999999760526,1.799399999976231,1.81619999998793,1.833599999964008,1.8495999999640844,1.866299999952389,1.8828999999759617,1.9001999999882173,1.916799999952218,1.9328999999761436,1.9495999999639935,1.966299999952298,1.9828999999758707,1.9995999999641754,2.0161999999882028,2.0329999999999018,2.04950000000008,2.066299999952207,2.083099999964361,2.09989999997606,2.116199999988112,2.1327999999521126,2.1495999999642663,2.166199999987839,2.1828999999761436,2.1995999999639935,2.216199999988021,2.2327999999520216,2.249499999999898,2.26669999998785,2.2827999999522035,2.2995999999643573,2.31619999998793,2.3328999999762345,2.3496999999879336,2.3670999999640117,2.3828999999759617,2.399499999999989,2.416899999976067,2.433199999988119,2.449299999952018,2.466299999952298,2.4837999999522253,2.499899999976151,2.5161999999882028,2.53369999998813,2.5507999999522326,2.56619999998793,2.5828999999762345,2.6002999999523126,2.6170999999640117,2.63359999996419,2.6495999999642663,2.666199999987839,2.6827999999522945,2.6996999999878426,2.717399999975896,2.7331999999878462,2.7492999999522,2.7661999999882028,2.7828999999760526,2.79950000000008,2.81619999998793,2.8327999999523854,2.8495999999640844,2.866199999988112,2.8827999999521126,2.900399999975889,2.916899999976067,2.9338999999758926,2.9502999999522217,2.967399999975896,2.9831999999878462,3,3.0162999999520252,3.0328999999760526,3.0500999999640044,3.06619999998793,3.0828999999762345,3.0995999999640844]",0.016648387,0.000468953,187.0,left,1.0,,,,,,1.0,0.0,8.0,0.5,4.402607407,1.0,0.166029314,-0.325989891,81.0,-0.006981317,0.409724184,0.034267936,0.062711279,0.215248408,5.0,2.586959261,0.895372412,81.0,-0.006981317,0.409724184,0.034267936,0.062711279,0.215248408,5.0,2.721915904,0.744211449,3.0,0.001745329,0.342027877,0.030569748,0.094119191,0.219456558,8.0,1.958994026,0.700712295,1.0,-0.007853982,0.332308035,0.049961894,0.10302439,0.316973442,6.0,2.929706274,0.411202407,2.0,0.008726646,0.338473989,0.032964075,0.086271212,0.185208292,4.0,1.796053009,0.435427734,99.0,-0.003490659,0.442500629,0.032492338,0.059723416,0.160754516,4.0,1.995322964,0.750655245,40.0,0.001745329,0.381763748,0.031902579,0.075140032,0.211660484,6.0,2.685358902,0.791015755,5.0,-0.004363323,0.3477587,0.034233339,0.078408596,0.194188261,5.0,0.0,0.0,0.0,0.0,0.0,0.0,0.0,0.0,0.0,0.0,0.0,0.0,0.0,0.0,0.0,0.0,0.0,0.0,0.0,0.0,0.0,0.0,0.0,0.0,0.0,0.0,0.0,0.0,0.0,0.0,0.0,0.0,0.0,0.0,0.0,0.0,,,,,,,0.519,,0.0,10.0,10.0,10.0,1.0,,,,,,,,,,,,,,,,,,,,,,,,,,,,0
S070,2,2024-11-21_13h14.36.924,MotivatedInference,2024.1.5,Win32,60.24096386,668be8e87e83611e680fb3ab,{{%SESSION_ID%},Chrome,,,,,,,,,,,,,,,,,,,,,,,,,,,,,,1.0,,,,,,,,3.0,,,,,,,,,conditions/conds_121.csv,3.0,1.0,,,,,,,,,2724.0849,2725.8168,"[0.001400000035573612,0.015600000023823668,0.03220000004785106,0.048300000011749944,0.0651000000239037,0.08170000004747635,0.09900000000016007,0.11499999999978172,0.13170000004765825,0.14840000003596288,0.16580000001204098,0.18249999999989086,0.19970000004786925,0.2152000000478438,0.2326000000239219,0.2491000000236454,0.2657000000476728,0.2823000000121283,0.29899999999997817,0.31530000001203007,0.3319000000356027,0.3482000000476546,0.3659000000357082,0.382100000023911,0.3989999999998872,0.41510000002381275,0.431600000023991,0.44840000003569,0.4650000000001455,0.4817000000475673,0.4984000000358719,0.5149999999998727,0.5324000000359774,0.54950000000008,0.5658000000121319,0.5819000000356027,0.5985000000000582,0.6148000000121101,0.6324000000358865,0.6487000000474836,0.6651000000238128,0.6824000000356136,0.6987000000476655,0.7150000000001455,0.7318000000118445,0.7483000000120228,0.7649999999998727,0.7817000000477492,0.7996000000239292,0.8157000000478547,0.8324999999999818,0.8485000000000582,0.8654000000356064,0.8819000000357846,0.8984000000359629,0.9149999999999636,0.9323000000117645,0.9488000000119428,0.9651000000239947,0.9813000000117427,0.9984000000358719,1.0151000000237218,1.0318000000120264,1.0482000000474727,1.065800000012132,1.0824000000357046,1.09900000000016,1.1159000000357082,1.1318000000119355,1.1488000000117609,1.1649999999999636,1.1817000000478401,1.19840000003569,1.2156000000236418,1.2323000000119464,1.2485000000001492,1.2651000000237218,1.2823000000121283,1.2989999999999782,1.3150000000000546,1.3317000000474764,1.3485000000000582,1.3649999999997817,1.3825000000001637,1.3983000000121137,1.4149999999999636,1.4321000000236381,1.4484999999999673,1.4650000000001455,1.4817000000475673,1.4983000000120228,1.5149999999998727,1.5317000000477492,1.548400000035599,1.5657000000478547,1.5818000000117536,1.5983000000119318,1.61520000004748,1.6317000000476582,1.6483000000121137,1.665800000012041,1.6824000000356136,1.69840000003569,1.7150000000001455,1.7316000000237182]",0.016636538,0.000494014,105.0,right,1.0,,,,,,2.0,0.0,4.0,0.5,-1.555878208,1.0,3.040264234,0.201272506,96.0,0.002617994,0.429744758,0.028375272,0.064697354,0.217313714,7.0,0.04900547,-0.097854098,63.0,0.002617994,0.396190386,0.03208284,0.060740902,0.237954322,6.0,0.863886106,-0.987704565,89.0,0.014835299,0.418022232,0.039220845,0.067729576,0.134251055,3.0,0.368177723,-0.67159205,23.0,0.001745329,0.370048297,0.033576258,0.089212406,0.165879093,5.0,0.0,0.0,0.0,0.0,0.0,0.0,0.0,0.0,0.0,0.0,0.0,0.0,0.0,0.0,0.0,0.0,0.0,0.0,0.0,0.0,0.0,0.0,0.0,0.0,0.0,0.0,0.0,0.0,0.0,0.0,0.0,0.0,0.0,0.0,0.0,0.0,0.0,0.0,0.0,0.0,0.0,0.0,0.0,0.0,0.0,0.0,0.0,0.0,0.0,0.0,0.0,0.0,0.0,0.0,0.0,0.0,0.0,0.0,0.0,0.0,0.0,0.0,0.0,0.0,0.0,0.0,0.0,0.0,0.0,0.0,0.0,0.0,,,,,,,0.7358,,0.0,11.0,11.0,11.0,1.0,,,,,,,,,,,,,,,,,,,,,,,,,,,,0
S070,2,2024-11-21_13h14.36.924,MotivatedInference,2024.1.5,Win32,60.24096386,668be8e87e83611e680fb3ab,{{%SESSION_ID%},Chrome,,,,,,,,,,,,,,,,,,,,,,,,,,,,,,0.0,,,,,,,,9.0,,,,,,,,,conditions/conds_121.csv,3.0,1.0,,,,,,,,,2728.6836,2733.1505,"[0.0039999999999054126,0.01639999997587438,0.03319999998802814,0.050599999964106246,0.06629999995220714,0.08289999997623454,0.09959999996408442,0.11619999998811181,0.1325999999639862,0.14959999996426632,0.16619999998783896,0.18379999995204344,0.2002999999522217,0.2165999999642736,0.2327999999520216,0.2502999999524036,0.26659999996400074,0.28289999997605264,0.29959999996435727,0.3161999999879299,0.33289999997623454,0.3495999999640844,0.3663999999762382,0.38279999995211256,0.40039999997588893,0.41609999996398983,0.4332999999523963,0.44949999999971624,0.4670000000000982,0.48289999997587074,0.49949999999989814,0.5162999999520252,0.5329999999999018,0.5496999999882064,0.5662999999522071,0.5827999999523854,0.5994999999998072,0.616299999952389,0.6335999999641899,0.6502999999520398,0.6669999999999163,0.6837999999520434,0.6999999999998181,0.7163999999761472,0.7329999999997199,0.7497999999523017,0.7662999999520252,0.7828999999760526,0.7995999999643573,0.8161999999879299,0.8330000000000837,0.8494999999998072,0.866299999952389,0.8828999999759617,0.8995999999642663,0.916199999987839,0.9335999999643718,0.9495999999639935,0.9660999999641717,0.9828999999758707,0.9995999999641754,1.016799999952127,1.0328999999760526,1.04950000000008,1.06619999998793,1.0830000000000837,1.0995999999640844,1.1166999999882137,1.1327999999521126,1.149499999999989,1.166199999987839,1.183699999988221,1.2001999999879445,1.216299999952298,1.2327999999520216,1.2495999999641754,1.2664999999997235,1.2827999999522035,1.2996999999882064,1.3162999999522071,1.3326999999881082,1.35109999996439,1.3670999999640117,1.383099999964088,1.399499999999989,1.416199999987839,1.43309999996427,1.4494999999997162,1.4661999999880209,1.4828999999758707,1.4994999999998981,1.5161999999882028,1.5329999999999018,1.5495999999643573,1.56619999998793,1.5827999999523854,1.5996999999879336,1.6161999999881118,1.6328999999759617,1.6497999999523927,1.6663999999759653,1.6832999999523963,1.6996999999878426,1.716899999976249,1.7328999999758707,1.749399999976049,1.7662999999520252,1.7828999999760526,1.7995999999643573,1.81619999998793,1.8333999999758817,1.8494999999998072,1.8661999999881118,1.8828999999759617,1.89939999997614,1.9160999999639898,1.9337999999520434,1.9503999999760708,1.9660999999641717,1.9829999999997199,1.9995999999641754,2.0162999999520252,2.0327999999522035,2.0502999999521307,2.0664999999999054,2.0828999999762345,2.0995999999640844,2.116299999952389,2.1328999999759617,2.1495999999642663,2.166199999987839,2.1828999999761436,2.2002999999522217,2.2160999999641717,2.2328999999758707,2.2495999999641754,2.2662999999520252,2.2828999999760526,2.29950000000008,2.31619999998793,2.3328999999762345,2.3495999999640844,2.366299999952389,2.3828999999759617,2.399499999999989,2.416299999952116,2.4328999999761436,2.4494999999997162,2.466199999988021,2.483699999987948,2.499499999999898,2.5161999999882028,2.5328999999760526,2.5500999999640044,2.566299999952207,2.583699999987857,2.5995999999640844,2.616199999988112,2.632999999999811,2.6496999999881155,2.666199999987839,2.6828999999761436,2.6994999999997162,2.716899999976249,2.733599999964099,2.7496999999880245,2.7662999999520252,2.7828999999760526,2.7996999999882064,2.81619999998793,2.8328999999762345,2.849499999999807,2.866199999988112,2.8828999999759617,2.899499999999989,2.916899999976067,2.9329999999999927,2.9495999999639935,2.966199999988021,2.9828999999758707,2.999499999999898,3.0161999999882028,3.0328999999760526,3.04950000000008,3.066799999952309,3.083599999964008,3.0995999999640844,3.116199999988112,3.132599999963986,3.149299999952291,3.166199999987839,3.1828999999761436,3.1994999999997162,3.216199999988021,3.2332999999521235,3.249399999976049,3.266799999952127,3.2828999999760526,3.29950000000008,3.31619999998793,3.3327999999523854,3.3495999999640844,3.366199999988112,3.3834999999999127,3.40029999995204,3.4163999999759653,3.4329999999999927,3.44979999995212,3.4670000000000982,3.4831999999878462,3.5003999999762527,3.5165999999640007,3.5328999999760526,3.5492999999523818,3.56619999998793,3.5827999999523854,3.599499999999807,3.616199999988112,3.6328999999759617,3.650000000000091,3.666899999976067,3.683699999988221,3.6994999999997162,3.716899999976249,3.7327999999520216,3.749499999999898,3.7662999999520252,3.7828999999760526,3.7995999999643573,3.816299999952207,3.832599999964259,3.849499999999807,3.866299999952389,3.882599999963986,3.8995999999642663,3.916199999987839,3.9327999999522945,3.9494999999997162,3.9666999999881227,3.983599999964099,3.999399999976049,4.016099999964354,4.0327999999522035,4.049599999964357,4.066099999964081,4.082799999952385,4.099499999999807,4.1165999999643645,4.133299999952214,4.1496999999881155,4.166199999987839,4.1827999999522945,4.200399999976071,4.216199999988021,4.232899999975871,4.249499999999898,4.267099999964103,4.282699999987926,4.29950000000008,4.316599999964183,4.332799999952385,4.349499999999807,4.366899999975885,4.38359999996419,4.3996999999881155,4.416199999987839,4.4327999999522945,4.4495999999639935,4.466599999964274]",0.016651493,0.000469397,269.0,right,1.0,,,,,,1.0,0.0,12.0,0.5,4.859915625,-1.0,2.341844994,0.999588212,52.0,0.004363323,0.389522306,0.03388387,0.067083277,0.213395069,6.0,1.840384968,0.513430165,9.0,0.01134464,0.355140301,0.038458273,0.073668072,0.274720221,7.0,2.745625514,0.711713376,71.0,0.013962634,0.401673071,0.031502829,0.073976735,0.151529972,4.0,2.592966331,0.889957809,83.0,0.005235988,0.41175896,0.032251087,0.065012348,0.244231929,6.0,1.04741006,-0.865812817,88.0,0.001745329,0.416906428,0.03407937,0.068935353,0.194962658,5.0,1.245800149,-0.605180319,87.0,0.006108652,0.415699595,0.038834066,0.066745096,0.25903141,5.0,2.737321359,0.723281523,5.0,-0.004363323,0.3477587,0.034233339,0.078408596,0.194188261,5.0,1.597316568,0.053015615,24.0,-0.000872665,0.370951047,0.044446314,0.068882508,0.271498611,5.0,3.032321991,0.216805874,34.0,-0.01134464,0.377900669,0.035623555,0.066078969,0.222301383,5.0,2.040749282,0.807502604,34.0,-0.01134464,0.377900669,0.035623555,0.066078969,0.222301383,5.0,2.926475969,0.417082915,70.0,0.007853982,0.401012824,0.032375196,0.060909739,0.168550131,4.0,2.329086444,0.998530668,69.0,-0.001745329,0.400311091,0.03773135,0.078132351,0.241087639,6.0,,,,,,,0.5493,,0.0,12.0,12.0,12.0,1.0,,,,,,,,,,,,,,,,,,,,,,,,,,,,0
S070,2,2024-11-21_13h14.36.924,MotivatedInference,2024.1.5,Win32,60.24096386,668be8e87e83611e680fb3ab,{{%SESSION_ID%},Chrome,,,,,,,,,,,,,,,,,,,,,,,,,,,,,,0.0,,,,,,,,10.0,,,,,,,,,conditions/conds_121.csv,3.0,1.0,,,,,,,,,2734.7167,2739.1999,"[0.003499999999803549,0.01640000003590103,0.032999999999901775,0.049800000012055534,0.06719999998813364,0.08310000002393281,0.09960000002365632,0.11640000003581008,0.1331999999879372,0.15030000001206645,0.1663000000116881,0.1829000000357155,0.1996999999878426,0.21640000003571913,0.23300000000017462,0.24960000002374727,0.26650000000017826,0.2831000000237509,0.30060000002367815,0.3164000000356282,0.3330000000000837,0.34969999998793355,0.3671000000240383,0.3839000000357373,0.3998000000119646,0.41649999999981446,0.43440000003556634,0.44990000003554087,0.46630000001187,0.4830000000001746,0.49960000002374727,0.516400000035901,0.5329999999999018,0.5496999999882064,0.566300000011779,0.5830000000000837,0.5996999999879336,0.6165000000000873,0.6329999999998108,0.6496999999881155,0.6663000000116881,0.6829999999999927,0.6996999999878426,0.7166000000238455,0.7330000000001746,0.7505000000001019,0.7669000000355481,0.7831000000237509,0.7996999999882064,0.8164000000356282,0.8330000000000837,0.8496999999879336,0.8664000000358101,0.88310000002366,0.8996999999881155,0.9163000000116881,0.9329999999999927,0.9496999999878426,0.9664999999999964,0.9830000000001746,0.9996999999880245,1.016400000035901,1.0329999999999018,1.0496999999882064,1.0664000000356282,1.0831000000239328,1.0998000000117827,1.116300000011961,1.13310000002366,1.1496999999881155,1.166300000011688,1.1839000000359192,1.1996999999878426,1.21630000001187,1.2333000000116954,1.2496999999880245,1.266400000035901,1.2829999999999018,1.2998000000120555,1.3164000000356282,1.33319999998821,1.3496999999879336,1.3666999999882137,1.3836000000237618,1.3998000000119646,1.4164000000355372,1.4326999999880172,1.4501999999879445,1.4664000000357191,1.4831999999878462,1.4996999999880245,1.516300000012052,1.5329999999999018,1.5496999999882064,1.56619999998793,1.5830000000000837,1.5996999999879336,1.616300000011961,1.6329999999998108,1.6505000000001928,1.6664999999998145,1.68380000001207,1.699999999999818,1.7164000000357191,1.7331000000240238,1.7496999999880245,1.766300000012052,1.7829999999999018,1.7998000000120555,1.8164000000356282,1.8331000000239328,1.8496000000236563,1.866300000011961,1.8829999999998108,1.8996999999881155,1.916300000011688,1.933699999988221,1.9496999999878426,1.96630000001187,1.9830000000001746,1.9996999999880245,2.0169999999998254,2.0335000000000036,2.0498000000120555,2.066400000035628,2.0830000000000837,2.0996000000236563,2.116300000011961,2.132999999999811,2.1496999999881155,2.1671999999880427,2.183100000023842,2.1998000000116917,2.2173000000120737,2.2339999999999236,2.2496999999880245,2.266300000012052,2.2829999999999018,2.299600000023929,2.316400000035628,2.33319999998821,2.350100000023758,2.3666000000239364,2.382999999999811,2.399499999999989,2.4164000000355372,2.4329999999999927,2.4496999999878426,2.466199999988021,2.4839000000356464,2.4996000000237473,2.516300000012052,2.5329999999999018,2.550400000035552,2.5666999999880318,2.5830000000000837,2.5996000000236563,2.616300000011961,2.6329000000355336,2.6504000000359156,2.6664000000355372,2.6834000000358174,2.6994000000358938,2.716400000035719,2.7330000000001746,2.7496999999880245,2.766300000012052,2.7829999999999018,2.7996999999882064,2.816300000011779,2.8329000000358064,2.8496999999879336,2.86640000003581,2.882999999999811,2.9003000000120664,2.9164000000355372,2.9329999999999927,2.9496999999878426,2.966199999988021,2.9830000000001746,2.9998000000118736,3.017300000011801,3.033100000023751,3.0499000000359047,3.06619999998793,3.0830000000000837,3.0996999999879336,3.11640000003581,3.133699999988039,3.1508000000117136,3.1671000000237655,3.1829000000357155,3.19960000002402,3.2166999999881227,3.2331000000240238,3.2496000000237473,3.266300000012052,3.2829000000356245,3.2996999999882064,3.316300000011779,3.33319999998821,3.3496000000236563,3.366199999988112,3.3829000000355336,3.3993000000118627,3.4164000000355372,3.4329999999999927,3.44960000002402,3.466400000035719,3.4830000000001746,3.4996000000237473,3.516400000035901,3.5335000000000036,3.549400000035803,3.566800000011881,3.5828000000119573,3.5996999999879336,3.616300000011961,3.632999999999811,3.649600000023838,3.6661999999882937,3.68380000001207,3.6996999999878426,3.71630000001187,3.7334000000355445,3.7501999999881264,3.766400000035901,3.7829999999999018,3.7998000000120555,3.8186000000237073,3.832699999988108,3.8496000000236563,3.866300000011961,3.882999999999811,3.9001999999882173,3.9164000000355372,3.9329999999999927,3.9496999999878426,3.966400000035719,3.9830000000001746,3.9996999999880245,4.016199999988203,4.032999999999902,4.049600000023929,4.067000000000007,4.084300000011808,4.0996999999879336,4.116300000011961,4.132900000035534,4.149600000023838,4.166300000011688,4.182800000011866,4.19960000002402,4.216400000035719,4.233699999987948,4.2496999999880245,4.266999999999825,4.2829000000356245,4.300000000000182,4.316300000011779,4.333000000000084,4.351100000023962,4.367000000000189,4.382999999999811,4.399800000011965,4.416900000035639,4.4329000000357155,4.44960000002402,4.4659999999998945,4.483000000000175]",0.016652416,0.000497469,270.0,right,0.0,,,,,,1.0,0.0,12.0,0.5,1.378176377,1.0,1.052418147,-0.860757697,99.0,-0.003490659,0.442500629,0.032492338,0.059723416,0.160754516,4.0,3.081365672,0.120162894,30.0,-0.009599311,0.375182725,0.031494597,0.070464671,0.19533995,5.0,1.600883988,0.060139012,68.0,0.009599311,0.399449425,0.031951263,0.065393928,0.165147664,5.0,2.528988326,0.940876541,77.0,0.006108652,0.406238369,0.034151794,0.067462161,0.265706452,7.0,2.933914979,0.40351509,59.0,0.006981317,0.393731017,0.031135395,0.06163787,0.205460115,5.0,1.968184868,0.713707482,55.0,-0.003490659,0.391280598,0.028194872,0.063513844,0.18961797,6.0,0.231194979,-0.446088365,84.0,-0.002617994,0.412727296,0.032139903,0.078825818,0.191863964,5.0,0.277800452,-0.527453913,45.0,0.006108652,0.385245638,0.032702855,0.065559913,0.166419284,5.0,2.701186487,0.771256204,29.0,-0.000872665,0.374372435,0.035828607,0.080766738,0.158410304,4.0,1.738367888,0.328904333,10.0,-0.004363323,0.356575755,0.034939804,0.084929929,0.233599272,6.0,1.270299235,-0.56546273,84.0,-0.002617994,0.412727296,0.032139903,0.078825818,0.191863964,5.0,2.914139848,0.439377526,54.0,-0.000872665,0.390632361,0.034931933,0.073298853,0.195852464,4.0,,,,,,,0.4678,,0.0,13.0,13.0,13.0,1.0,,,,,,,,,,,,,,,,,,,,,,,,,,,,0
S070,2,2024-11-21_13h14.36.924,MotivatedInference,2024.1.5,Win32,60.24096386,668be8e87e83611e680fb3ab,{{%SESSION_ID%},Chrome,,,,,,,,,,,,,,,,,,,,,,,,,,,,,,0.0,,,,,,,,8.0,,,,,,,,,conditions/conds_121.csv,3.0,1.0,,,,,,,,,2740.6678,2743.7665,"[0.0028999999763072992,0.01530000001184817,0.03189999997630366,0.04849999999987631,0.06619999998792991,0.08280000001195731,0.09930000001168082,0.11559999996416082,0.13180000001193548,0.14839999997593623,0.16550000000006548,0.18239999997604173,0.1991999999881955,0.21559999996406987,0.2316999999879954,0.24850000000014916,0.26519999998799904,0.2816999999881773,0.29919999998810454,0.3164999999999054,0.33169999998790445,0.3483999999762091,0.3654999999998836,0.3818000000119355,0.3989999999998872,0.41639999997596533,0.43219999998791536,0.44819999998799176,0.4653999999759435,0.48180000001184453,0.49919999998792264,0.5153000000118482,0.5329999999999018,0.5481999999879008,0.5651999999881809,0.5816999999879044,0.5983999999762091,0.6178000000118118,0.6318000000119355,0.6484999999997854,0.66519999998809,0.6818000000116626,0.6983999999761181,0.71630000001187,0.7318999999761218,0.7485000000001492,0.765199999987999,0.7815000000000509,0.7983999999760272,0.8160999999640808,0.8320999999641572,0.8483999999762091,0.865099999964059,0.8818999999762127,0.8985999999640626,0.915800000012041,0.9324999999998909,0.9493000000120446,0.9660999999641717,0.9818999999761218,0.9993000000117718,1.0153999999761254,1.0318000000120264,1.0481999999879008,1.0650999999643318,1.0824999999999818,1.0988000000120337,1.1148999999759326,1.1318000000119355,1.1485999999640626,1.1650999999642409,1.1818999999759399,1.1984999999999673,1.2163999999761472,1.2325000000000728,1.2485000000001492,1.265199999987999,1.2818000000120264,1.2991999999881045,1.315699999987828,1.3318999999760308,1.3483000000119318,1.3648999999759326,1.3818999999762127,1.3984999999997854,1.4156999999881918,1.4324999999998909,1.4481999999879918,1.4651999999878171,1.4818999999761218,1.4985999999639716,1.5158999999762273,1.5318000000120264,1.5485999999641535,1.5650000000000546,1.5818999999760308,1.5985000000000582,1.615099999964059,1.6318000000119355,1.6485999999640626,1.66519999998809,1.6824999999998909,1.69889999997622,1.7153999999759435,1.7318999999761218,1.7485000000001492,1.76509999996415,1.7818000000120264,1.7983999999760272,1.815699999987828,1.8316999999879044,1.8485000000000582,1.865199999987908,1.8818000000119355,1.8984999999997854,1.9150999999642409,1.9323999999760417,1.9484999999999673,1.9651999999878171,1.9818000000118445,1.9985000000001492,2.01509999996415,2.0318000000120264,2.048800000011852,2.0655000000001564,2.0818000000117536,2.0985999999643354,2.115199999987908,2.1318999999762127,2.1484999999997854,2.16519999998809,2.1818000000116626,2.199399999976322,2.2159999999998945,2.2318000000118445,2.248500000000149,2.26509999996415,2.2818999999763037,2.2985999999641535,2.3150000000000546,2.332499999999982,2.3491999999878317,2.3653999999760345,2.3818000000119355,2.3984999999997854,2.4148999999761145,2.4318000000116626,2.448300000011841,2.4650999999644228,2.4823999999762236,2.498500000000149,2.51509999996415,2.5318000000120264,2.5484999999998763,2.565099999964332,2.581899999976031,2.598399999976209,2.615099999964059,2.6323999999763146,2.6490999999641645,2.665099999964241,2.682599999964168,2.69889999997622,2.7150999999644228,2.7316999999879954,2.7486999999878208,2.76509999996415,2.7818000000120264,2.7984999999998763,2.815099999964332,2.8318000000117536,2.848399999976209,2.865099999964059,2.8818000000119355,2.8983999999759362,2.915099999964241,2.9316999999878135,2.9484999999999673,2.9650999999644228,2.9825000000000728,2.9983999999763,3.015199999987999,3.0318999999763037,3.0484999999998763,3.065099999964332,3.0816999999879044,3.098500000000058]",0.016643011,0.000604446,187.0,left,1.0,,,,,,2.0,0.0,8.0,0.5,-0.3564058,-1.0,1.320369617,-0.480174311,23.0,0.001745329,0.370048297,0.033576258,0.089212406,0.165879093,5.0,0.414996788,-0.737927036,77.0,0.006108652,0.406238369,0.034151794,0.067462161,0.265706452,7.0,2.368474256,0.99969843,55.0,-0.003490659,0.391280598,0.028194872,0.063513844,0.18961797,6.0,2.687883584,0.787916504,8.0,-0.008726646,0.353798062,0.040824325,0.088208322,0.256820315,6.0,1.877880498,0.576279047,12.0,0.006981317,0.359228273,0.039160557,0.080955667,0.284615847,7.0,0.401951122,-0.720069341,67.0,0.000872665,0.398829923,0.040120187,0.066830121,0.198372452,4.0,1.553754371,-0.034077312,92.0,-0.000872665,0.422008311,0.023140698,0.057298337,0.164165775,6.0,0.422560774,-0.748051782,29.0,-0.000872665,0.374372435,0.035828607,0.080766738,0.158410304,4.0,0.0,0.0,0.0,0.0,0.0,0.0,0.0,0.0,0.0,0.0,0.0,0.0,0.0,0.0,0.0,0.0,0.0,0.0,0.0,0.0,0.0,0.0,0.0,0.0,0.0,0.0,0.0,0.0,0.0,0.0,0.0,0.0,0.0,0.0,0.0,0.0,,,,,,,0.6058,,0.0,14.0,14.0,14.0,1.0,,,,,,,,,,,,,,,,,,,,,,,,,,,,0
S070,2,2024-11-21_13h14.36.924,MotivatedInference,2024.1.5,Win32,60.24096386,668be8e87e83611e680fb3ab,{{%SESSION_ID%},Chrome,,,,,,,,,,,,,,,,,,,,,,,,,,,,,,0.0,,,,,,,,3.0,,,,,,,,,conditions/conds_121.csv,3.0,1.0,,,,,,,,,2745.3663,2747.0662,"[0.0015999999641280738,0.016599999964455492,0.034199999988231866,0.049899999976332765,0.06659999996418264,0.08319999998821004,0.09999999999990905,0.11730000001170993,0.1331999999879372,0.14989999997624182,0.16669999998794083,0.18400000000019645,0.2005999999641972,0.2168999999762491,0.23409999996420083,0.24989999997615087,0.266800000011699,0.2833000000118773,0.29989999997633277,0.31659999996418264,0.3333999999763364,0.34969999998793355,0.3665000000000873,0.3831999999879372,0.3998000000119646,0.41649999999981446,0.4331999999881191,0.4499999999998181,0.4665999999642736,0.4833000000116954,0.49989999997615087,0.5166999999878499,0.5331999999880281,0.5498999999763328,0.5665999999641826,0.5833999999763364,0.60109999996439,0.6170000000001892,0.6333000000117863,0.6500999999643682,0.6665999999640917,0.6831999999881191,0.6999999999998181,0.7165999999642736,0.7333000000116954,0.7505999999643791,0.7665000000001783,0.783099999964179,0.7998999999763328,0.8165999999641826,0.8333000000120592,0.8498999999760599,0.8665999999643645,0.8833000000117863,0.8998000000119646,0.9164999999998145,0.9331999999881191,0.9508000000118955,0.9668999999762491,0.9836999999879481,1.0003999999762527,1.0165999999644555,1.0331999999880281,1.050000000000182,1.0664999999999054,1.0838999999759835,1.1006999999881373,1.1165999999643645,1.1340000000000146,1.1498999999762418,1.1664999999998145,1.183199999988119,1.199899999975969,1.2175000000002,1.2340999999642008,1.2498999999761509,1.2665999999644555,1.2831999999880281,1.300000000000182,1.3164999999999054,1.3328999999762345,1.3496999999879336,1.3663999999762382,1.3831999999879372,1.4000999999643682,1.4165999999640917,1.43309999996427,1.449999999999818,1.4664999999999964,1.4831999999878462,1.500599999964379,1.5165999999644555,1.5340999999643827,1.5505999999641062,1.5664999999999054,1.5833000000120592,1.6006999999881373,1.6171999999878608,1.6333999999760636,1.650000000000091,1.6665999999640917,1.6833000000119682,1.6998000000116917]",0.01664902,0.000434932,103.0,right,1.0,,,,,,2.0,0.0,4.0,0.5,-1.555878208,1.0,3.040264234,0.201272506,96.0,0.002617994,0.429744758,0.028375272,0.064697354,0.217313714,7.0,0.04900547,-0.097854098,63.0,0.002617994,0.396190386,0.03208284,0.060740902,0.237954322,6.0,0.863886106,-0.987704565,89.0,0.014835299,0.418022232,0.039220845,0.067729576,0.134251055,3.0,0.368177723,-0.67159205,23.0,0.001745329,0.370048297,0.033576258,0.089212406,0.165879093,5.0,0.0,0.0,0.0,0.0,0.0,0.0,0.0,0.0,0.0,0.0,0.0,0.0,0.0,0.0,0.0,0.0,0.0,0.0,0.0,0.0,0.0,0.0,0.0,0.0,0.0,0.0,0.0,0.0,0.0,0.0,0.0,0.0,0.0,0.0,0.0,0.0,0.0,0.0,0.0,0.0,0.0,0.0,0.0,0.0,0.0,0.0,0.0,0.0,0.0,0.0,0.0,0.0,0.0,0.0,0.0,0.0,0.0,0.0,0.0,0.0,0.0,0.0,0.0,0.0,0.0,0.0,0.0,0.0,0.0,0.0,0.0,0.0,,,,,,,0.6012,,0.0,15.0,15.0,15.0,1.0,,,,,,,,,,,,,,,,,,,,,,,,,,,,0
S070,2,2024-11-21_13h14.36.924,MotivatedInference,2024.1.5,Win32,60.24096386,668be8e87e83611e680fb3ab,{{%SESSION_ID%},Chrome,,,,,,,,,,,,,,,,,,,,,,,,,,,,,,0.0,,,,,,,,1.0,,,,,,,,,conditions/conds_121.csv,3.0,1.0,,,,,,,,,2748.6666,2750.401,"[0.0017999999527091859,0.016199999988202762,0.03300000000035652,0.050299999952585495,0.06629999995266189,0.08289999997623454,0.09959999996453917,0.11619999998811181,0.13300000000026557,0.15039999997634368,0.16629999995257094,0.1827999999527492,0.19969999998829735,0.21709999996437546,0.2328999999763255,0.24959999996463011,0.2670000000002801,0.2828999999765074,0.29950000000008004,0.31619999998838466,0.3330000000000837,0.34959999996453917,0.3660999999642627,0.38289999997641644,0.3995999999642663,0.41739999997616906,0.4327999999527492,0.4495999999644482,0.4661999999884756,0.48369999998840285,0.4995999999646301,0.5161999999882028,0.5327999999526583,0.5495999999643573,0.566799999952309,0.5828999999762345,0.5995000000002619,0.6160999999642627,0.6328999999764164,0.6495999999642663,0.6661999999882937,0.6828999999761436,0.6995999999644482,0.7161999999884756,0.7327999999524764,0.7505000000001019,0.7670000000002801,0.7828999999765074,0.7995999999643573,0.8168999999761581,0.8328999999762345,0.8495000000002619,0.8663999999762382,0.8828999999764164,0.8992999999527456,0.9162999999525709,0.93309999996427,0.9505000000003747,0.9661999999884756,0.9828999999763255,0.9993999999765038,1.0160999999643536,1.0328999999765074,1.0495999999643573,1.0661999999883847,1.0827999999523854,1.1005999999642881,1.116299999952389,1.1328999999764164,1.1505000000001928,1.1665999999645464,1.1829999999999927,1.1995999999644482,1.2161999999884756,1.2328999999763255,1.2495000000003529,1.2661999999882028,1.2831999999884829,1.299399999976231,1.3161999999883847,1.3327999999523854,1.3495999999645392,1.366299999952389,1.3835999999646447,1.399499999999989,1.416899999976522,1.4340999999644737,1.449500000000171,1.4660000000003492,1.4827999999524764,1.4995999999646301,1.5158999999762273,1.5328999999765074,1.5495999999643573,1.5661999999883847,1.5827999999523854,1.6001999999884902,1.6170000000001892,1.6335000000003674,1.6495999999642663,1.6660999999644446,1.6828999999761436,1.699500000000171,1.7160999999646265,1.7340999999646556]",0.016656731,0.000530559,105.0,left,0.0,,,,,,1.0,0.0,4.0,0.5,0.591837133,-1.0,2.648811023,0.833583364,53.0,-0.003490659,0.390095866,0.043303837,0.083823939,0.349451294,6.0,1.697334574,0.250383637,70.0,0.007853982,0.401012824,0.032375196,0.060909739,0.168550131,4.0,0.443436827,-0.775100193,18.0,-0.008726646,0.365457086,0.031782524,0.075683607,0.153768306,4.0,2.998147853,0.282970325,92.0,-0.000872665,0.422008311,0.023140698,0.057298337,0.164165775,6.0,0.0,0.0,0.0,0.0,0.0,0.0,0.0,0.0,0.0,0.0,0.0,0.0,0.0,0.0,0.0,0.0,0.0,0.0,0.0,0.0,0.0,0.0,0.0,0.0,0.0,0.0,0.0,0.0,0.0,0.0,0.0,0.0,0.0,0.0,0.0,0.0,0.0,0.0,0.0,0.0,0.0,0.0,0.0,0.0,0.0,0.0,0.0,0.0,0.0,0.0,0.0,0.0,0.0,0.0,0.0,0.0,0.0,0.0,0.0,0.0,0.0,0.0,0.0,0.0,0.0,0.0,0.0,0.0,0.0,0.0,0.0,0.0,,,,,,,0.7322,,0.0,16.0,16.0,16.0,1.0,,,,,,,,,,,,,,,,,,,,,,,,,,,,0
S070,2,2024-11-21_13h14.36.924,MotivatedInference,2024.1.5,Win32,60.24096386,668be8e87e83611e680fb3ab,{{%SESSION_ID%},Chrome,,,,,,,,,,,,,,,,,,,,,,,,,,,,,,0.0,,,,,,,,2.0,,,,,,,,,conditions/conds_121.csv,3.0,1.0,,,,,,,,,2752.1332,2753.8496,"[0.00210000002380184,0.016300000012051896,0.03290000003607929,0.0503000000121574,0.06650000000036016,0.08290000003580644,0.09980000001223743,0.11619999998811181,0.13269999998829007,0.14949999999998909,0.16700000000037107,0.1831999999881191,0.19990000003599562,0.21730000001207372,0.2329000000358974,0.24960000002420202,0.2663000000120519,0.2830000000003565,0.29960000002392917,0.31640000003608293,0.3328000000119573,0.35030000001188455,0.3671000000240383,0.3830000000002656,0.39940000003571186,0.4161999999882937,0.4329000000357155,0.4496000000240201,0.4666999999881227,0.4826000000239219,0.499600000024202,0.5163000000120519,0.532699999988381,0.54950000000008,0.5670000000000073,0.5833000000120592,0.5994000000359847,0.6164000000358101,0.6328000000121392,0.6496999999881155,0.667400000035741,0.6829000000357155,0.699500000000171,0.716900000035821,0.73419999998805,0.750600000023951,0.7671000000241293,0.7828000000122302,0.79950000000008,0.8161000000241074,0.8324999999999818,0.8495000000002619,0.8669000000359119,0.8834000000360902,0.8994999999999891,0.9161999999882937,0.9328000000123211,0.950100000024122,0.9660000000003492,0.9831000000240238,1.0003000000119755,1.0161999999882028,1.034300000012081,1.050000000000182,1.065800000012132,1.0826999999881082,1.099600000024111,1.116300000011961,1.1326000000240128,1.1496000000238382,1.1661999999882937,1.1829999999999927,1.199500000000171,1.2161999999884756,1.2330000000001746,1.2501999999881264,1.266300000012052,1.2829000000360793,1.3003000000121574,1.3161999999883847,1.3333000000120592,1.3493000000121356,1.365900000036163,1.3826000000240128,1.3994000000357119,1.4161999999882937,1.4329000000357155,1.449500000000171,1.4661999999884756,1.4830000000001746,1.4995000000003529,1.5170000000002801,1.5329000000360793,1.54950000000008,1.5661999999883847,1.5835000000001855,1.599600000024111,1.6161999999881118,1.6331000000241147,1.649499999999989,1.6661000000240165,1.682699999988472,1.699500000000171,1.7161999999884756]",0.016641748,0.000537799,104.0,left,1.0,,,,,,1.0,0.0,4.0,0.5,2.385765962,1.0,1.846253913,0.523467218,40.0,0.001745329,0.381763748,0.031902579,0.075140032,0.211660484,6.0,1.646401099,0.150633986,26.0,-8.92894e-14,0.37233788,0.03804093,0.07765862,0.260457405,6.0,2.52655431,0.942514431,75.0,-0.006981317,0.404601252,0.036318328,0.07284169,0.209916045,6.0,2.702837385,0.769150328,78.0,0.004363323,0.407032945,0.030231373,0.057417546,0.211999481,6.0,0.0,0.0,0.0,0.0,0.0,0.0,0.0,0.0,0.0,0.0,0.0,0.0,0.0,0.0,0.0,0.0,0.0,0.0,0.0,0.0,0.0,0.0,0.0,0.0,0.0,0.0,0.0,0.0,0.0,0.0,0.0,0.0,0.0,0.0,0.0,0.0,0.0,0.0,0.0,0.0,0.0,0.0,0.0,0.0,0.0,0.0,0.0,0.0,0.0,0.0,0.0,0.0,0.0,0.0,0.0,0.0,0.0,0.0,0.0,0.0,0.0,0.0,0.0,0.0,0.0,0.0,0.0,0.0,0.0,0.0,0.0,0.0,,,,,,,1.0191,,0.0,17.0,17.0,17.0,1.0,,,,,,,,,,,,,,,,,,,,,,,,,,,,0
S070,2,2024-11-21_13h14.36.924,MotivatedInference,2024.1.5,Win32,60.24096386,668be8e87e83611e680fb3ab,{{%SESSION_ID%},Chrome,,,,,,,,,,,,,,,,,,,,,,,,,,,,,,-1.0,,,,,,,,8.0,,,,,,,,,conditions/conds_121.csv,3.0,1.0,,,,,,,,,2756.8665,2759.9661,"[0.003100000024005567,0.016300000012051896,0.03289999997605264,0.049500000000080036,0.06689999997615814,0.08289999997623454,0.09949999999980719,0.11619999998811181,0.13269999998783533,0.14949999999998909,0.16619999998783896,0.18330000001196822,0.19960000002356537,0.21669999998812273,0.2328999999763255,0.24949999999989814,0.26719999998795174,0.28350000000000364,0.29950000000008004,0.3168000000118809,0.3326999999881082,0.34939999997595805,0.3661999999881118,0.38280000001168446,0.3994999999999891,0.41619999998783896,0.43280000001186636,0.44960000002356537,0.46619999998802086,0.4833999999759726,0.49989999997615087,0.5163999999763291,0.5333999999761545,0.5493999999762309,0.566300000011779,0.5826000000238309,0.599399999975958,0.6169999999997344,0.6333000000117863,0.64939999997614,0.6666000000236636,0.6828000000118664,0.699500000000171,0.7161999999880209,0.7326999999881991,0.7503000000119755,0.7661000000239255,0.7826999999879263,0.79950000000008,0.8161999999879299,0.8328999999762345,0.8494999999998072,0.8661000000238346,0.8828000000116845,0.8994999999999891,0.916199999987839,0.9328999999761436,0.9496999999878426,0.9661999999880209,0.9828999999763255,0.9994999999998981,1.0161000000239255,1.0333999999761545,1.0496000000239292,1.06619999998793,1.0831000000239328,1.0994999999998072,1.1161000000238346,1.1328000000116845,1.1496000000238382,1.166199999987839,1.1828000000118664,1.1991999999881955,1.2161000000237436,1.2328000000120483,1.2496000000237473,1.2661999999882028,1.2838000000119791,1.3008999999760817,1.31619999998793,1.3330000000000837,1.3494999999998072,1.3661000000238346,1.3828000000116845,1.3996000000238382,1.416199999987839,1.4328999999761436,1.4501999999879445,1.4661999999880209,1.4836000000236709,1.4994999999998981,1.5161999999882028,1.5326999999879263,1.54950000000008,1.5661000000236527,1.5828000000119573,1.6003000000118845,1.6166999999882137,1.6328000000116845,1.6496000000238382,1.666199999987839,1.6828000000118664,1.699500000000171,1.7161999999880209,1.7326999999881991,1.7494999999998981,1.7661999999882028,1.7838999999762564,1.79950000000008,1.8161000000236527,1.8328999999762345,1.8494999999998072,1.8661999999881118,1.8828000000116845,1.899499999999989,1.9161000000235617,1.9328000000118664,1.949500000000171,1.9661999999880209,1.9828000000120483,1.9994999999998981,2.016399999976329,2.0326999999879263,2.049399999976231,2.06619999998793,2.0828000000119573,2.0996000000236563,2.116199999988112,2.1328999999759617,2.149499999999989,2.1664999999998145,2.1828000000118664,2.1991999999881955,2.2161000000237436,2.2328999999763255,2.249499999999898,2.2661999999882028,2.2828000000117754,2.29950000000008,2.3161000000236527,2.3328000000119573,2.349499999999807,2.366300000011961,2.3828000000116845,2.399499999999989,2.4161000000235617,2.4335000000000946,2.4496000000235654,2.46630000001187,2.4828000000120483,2.499499999999898,2.5161000000239255,2.5333000000118773,2.5491999999881045,2.5661000000236527,2.5828000000119573,2.599399999975958,2.6168999999758853,2.63310000002366,2.649499999999989,2.666199999987839,2.6828000000118664,2.699399999976322,2.716199999988021,2.73299999999972,2.749499999999898,2.7661000000239255,2.7828000000117754,2.799999999999727,2.816300000011779,2.832699999988108,2.849300000011681,2.8659999999999854,2.8828000000116845,2.899499999999989,2.9161000000235617,2.9328000000118664,2.9496000000235654,2.966199999988021,2.9828000000120483,2.999499999999898,3.0161999999882028,3.033199999988028,3.0501999999878535,3.0670000000000073,3.0828000000119573,3.099399999975958]",0.016646774,0.000437386,187.0,right,0.0,,,,,,2.0,0.0,8.0,0.5,-0.3564058,-1.0,1.320369617,-0.480174311,23.0,0.001745329,0.370048297,0.033576258,0.089212406,0.165879093,5.0,0.414996788,-0.737927036,77.0,0.006108652,0.406238369,0.034151794,0.067462161,0.265706452,7.0,2.368474256,0.99969843,55.0,-0.003490659,0.391280598,0.028194872,0.063513844,0.18961797,6.0,2.687883584,0.787916504,8.0,-0.008726646,0.353798062,0.040824325,0.088208322,0.256820315,6.0,1.877880498,0.576279047,12.0,0.006981317,0.359228273,0.039160557,0.080955667,0.284615847,7.0,0.401951122,-0.720069341,67.0,0.000872665,0.398829923,0.040120187,0.066830121,0.198372452,4.0,1.553754371,-0.034077312,92.0,-0.000872665,0.422008311,0.023140698,0.057298337,0.164165775,6.0,0.422560774,-0.748051782,29.0,-0.000872665,0.374372435,0.035828607,0.080766738,0.158410304,4.0,0.0,0.0,0.0,0.0,0.0,0.0,0.0,0.0,0.0,0.0,0.0,0.0,0.0,0.0,0.0,0.0,0.0,0.0,0.0,0.0,0.0,0.0,0.0,0.0,0.0,0.0,0.0,0.0,0.0,0.0,0.0,0.0,0.0,0.0,0.0,0.0,,,,,,,0.4672,,0.0,18.0,18.0,18.0,1.0,,,,,,,,,,,,,,,,,,,,,,,,,,,,0
S070,2,2024-11-21_13h14.36.924,MotivatedInference,2024.1.5,Win32,60.24096386,668be8e87e83611e680fb3ab,{{%SESSION_ID%},Chrome,,,,,,,,,,,,,,,,,,,,,,,,,,,,,,-1.0,,,,,,,,7.0,,,,,,,,,conditions/conds_121.csv,3.0,1.0,,,,,,,,,2761.433,2764.5369,"[0.003000000000156433,0.016300000012051896,0.03289999997605264,0.04960000002392917,0.06619999998792991,0.08350000000018554,0.09960000002365632,0.11630000001196095,0.13300000000026557,0.15030000001206645,0.1668999999760672,0.1828999999761436,0.19969999998829735,0.21619999998802086,0.23300000000017462,0.24989999997615087,0.2663999999763291,0.2828000000117754,0.29960000002392917,0.3166999999880318,0.33289999997623454,0.3496000000236563,0.3661999999881118,0.3828000000121392,0.3996000000238382,0.4161999999882937,0.4328999999761436,0.45049999999991996,0.4670000000000982,0.4836999999879481,0.49960000002374727,0.5163999999763291,0.5328999999760526,0.5496999999882064,0.5661999999879299,0.5828000000119573,0.5996000000236563,0.6163999999762382,0.6330000000002656,0.650000000000091,0.6658999999763182,0.6828999999761436,0.6996000000240201,0.71630000001187,0.7336000000236709,0.7496000000237473,0.7661999999882028,0.7829999999999018,0.7996000000239292,0.816300000011779,0.8328999999762345,0.8495000000002619,0.8663999999762382,0.8828000000121392,0.8994999999999891,0.9161999999882937,0.9329999999999927,0.9496999999882973,0.9666000000238455,0.9838999999760745,1,1.0161999999882028,1.0328999999760526,1.0493000000119537,1.066300000011779,1.0828999999762345,1.0996000000236563,1.1161999999881118,1.1330000000002656,1.149499999999989,1.1661999999882937,1.1828999999761436,1.1996999999882973,1.2161999999880209,1.2328000000120483,1.2496000000237473,1.2661000000239255,1.2833999999761545,1.300000000000182,1.316300000011779,1.332600000023831,1.349500000000262,1.3661999999881118,1.3828000000121392,1.3996999999881155,1.4161999999882937,1.4328000000118664,1.4503999999760708,1.466899999976249,1.4831000000240238,1.4996000000237473,1.5161999999882028,1.5328999999760526,1.54950000000008,1.56619999998793,1.5828999999762345,1.5998000000117827,1.616300000011961,1.6331999999879372,1.6493000000118627,1.6661999999882937,1.6828999999761436,1.699500000000171,1.7161000000237436,1.7328000000120483,1.7494999999998981,1.766300000012052,1.7833999999761545,1.7996000000239292,1.816300000011779,1.8328999999762345,1.849500000000262,1.86689999997634,1.8830000000002656,1.89939999997614,1.9168999999760672,1.933699999988221,1.9496999999882973,1.9671000000239474,1.9830000000001746,1.9996999999880245,2.0161999999882028,2.0345000000002074,2.0616999999879226,2.0721000000239655,2.106600000023718,2.1258999999763546,2.1616999999882864,2.165800000012041,2.1681999999882464,2.1843999999759944,2.199399999976322,2.2159999999998945,2.2328999999763255,2.2498000000118736,2.2668999999759762,2.2833999999761545,2.29950000000008,2.3173000000119828,2.3335000000001855,2.349999999999909,2.366300000011961,2.383699999988039,2.4003000000120664,2.41680000001179,2.43380000001207,2.45049999999992,2.4666999999881227,2.4838000000117972,2.500100000023849,2.5166000000240274,2.5328000000117754,2.5498999999763328,2.5671999999881336,2.583699999988312,2.5996000000236563,2.617000000000189,2.6333000000117863,2.650500000000193,2.666899999976067,2.6826999999880172,2.699500000000171,2.716199999988021,2.7328999999763255,2.7496000000237473,2.768500000000131,2.78369999998813,2.8093999999759944,2.8205000000002656,2.8366999999880136,2.853300000012041,2.8703999999761436,2.885899999976118,2.90219999998817,2.9191999999879954,2.9358999999763,2.9601000000238855,2.9703000000117754,2.9873999999763328,3.0038999999760563,3.020600000023933,3.0371999999879336,3.0536000000238346,3.0709999999999127,3.088000000000193,3.103800000012143]",0.016761081,0.002809347,186.0,left,1.0,,,,,,2.0,0.0,8.0,0.5,-2.366298596,-1.0,1.584506234,0.027416379,86.0,-0.01134464,0.414570186,0.03611148,0.064685839,0.099529567,3.0,2.667961309,0.811820212,22.0,-0.006108652,0.369173441,0.034771665,0.081264392,0.215269419,6.0,0.317458606,-0.593110862,4.0,0.001745329,0.345391377,0.044661649,0.086491224,0.292502374,6.0,1.611146047,0.080611877,60.0,0.008726646,0.394321176,0.024708435,0.063628191,0.162696287,6.0,1.582052793,0.022511031,34.0,-0.01134464,0.377900669,0.035623555,0.066078969,0.222301383,5.0,1.00095433,-0.908501488,11.0,-0.013089969,0.357861323,0.044486954,0.075207378,0.243622836,5.0,0.642437187,-0.959402031,36.0,0.002617994,0.379263044,0.03913601,0.077664539,0.168574417,3.0,1.065032163,-0.847643713,4.0,0.001745329,0.345391377,0.044661649,0.086491224,0.292502374,6.0,0.0,0.0,0.0,0.0,0.0,0.0,0.0,0.0,0.0,0.0,0.0,0.0,0.0,0.0,0.0,0.0,0.0,0.0,0.0,0.0,0.0,0.0,0.0,0.0,0.0,0.0,0.0,0.0,0.0,0.0,0.0,0.0,0.0,0.0,0.0,0.0,,,,,,,0.4672,,0.0,19.0,19.0,19.0,1.0,,,,,,,,,,,,,,,,,,,,,,,,,,,,0
S070,2,2024-11-21_13h14.36.924,MotivatedInference,2024.1.5,Win32,60.24096386,668be8e87e83611e680fb3ab,{{%SESSION_ID%},Chrome,,,,,,,,,,,,,,,,,,,,,,,,,,,,,,-1.0,,,,,,,,1.0,,,,,,,,,conditions/conds_121.csv,3.0,1.0,,,,,,,,,2766.0033,2767.7197,"[0.0014999999998508429,0.015899999975772516,0.033399999976154504,0.0490999999642554,0.06580000001167718,0.08280000001195731,0.10069999998768253,0.11589999997613631,0.1323000000115826,0.14869999998791172,0.16530000001193912,0.18180000001166263,0.1999999999998181,0.2173999999758962,0.2339999999999236,0.24869999998782077,0.26559999996425177,0.2818999999758489,0.2986999999880027,0.31539999997585255,0.3318999999760308,0.34880000001157896,0.3665999999639098,0.3831999999879372,0.39939999997613995,0.41519999998809,0.43249999999989086,0.4513999999758198,0.46639999997614723,0.4820999999642481,0.4983999999758453,0.5153000000118482,0.5323000000116735,0.5484999999998763,0.5653999999758526,0.5821999999880063,0.5985999999638807,0.6168999999758853,0.6328000000116845,0.6485999999640626,0.6653999999757616,0.6823999999760417,0.6994999999997162,0.7155999999640699,0.7329999999997199,0.7501999999881264,0.76580000001195,0.7818999999758489,0.7986999999880027,0.815699999987828,0.8318000000117536,0.8506999999876825,0.8673000000117099,0.8840000000000146,0.9013000000118154,0.9153999999757616,0.931999999999789,0.9486999999880936,0.9651999999878171,0.9819999999999709,1.0005999999639243,1.0158999999757725,1.0321999999878244,1.0484999999998763,1.0653000000115753,1.0821999999880063,1.0984999999996035,1.116800000011608,1.1328000000116845,1.1486999999879117,1.166300000011688,1.1828000000118664,1.1985999999642445,1.2154999999997926,1.2318000000118445,1.2501999999881264,1.2658999999757725,1.2818000000115717,1.2986999999880027,1.3168999999761581,1.3323999999761327,1.3486999999877298,1.3669999999997344,1.3833999999760636,1.3998000000119646,1.4159999999997126,1.4320999999640662,1.4495999999639935,1.4659999999998945,1.481999999999971,1.498300000011568,1.5153999999761254,1.5320999999639753,1.5483999999760272,1.5651999999877262,1.5820999999641572,1.5984999999996035,1.6154999999998836,1.6333999999760636,1.6495999999642663,1.6653000000119391,1.683199999988119,1.6989999999996144,1.7161999999880209]",0.016647573,0.000879745,104.0,right,1.0,,,,,,1.0,0.0,4.0,0.5,0.591837133,-1.0,2.648811023,0.833583364,53.0,-0.003490659,0.390095866,0.043303837,0.083823939,0.349451294,6.0,1.697334574,0.250383637,70.0,0.007853982,0.401012824,0.032375196,0.060909739,0.168550131,4.0,0.443436827,-0.775100193,18.0,-0.008726646,0.365457086,0.031782524,0.075683607,0.153768306,4.0,2.998147853,0.282970325,92.0,-0.000872665,0.422008311,0.023140698,0.057298337,0.164165775,6.0,0.0,0.0,0.0,0.0,0.0,0.0,0.0,0.0,0.0,0.0,0.0,0.0,0.0,0.0,0.0,0.0,0.0,0.0,0.0,0.0,0.0,0.0,0.0,0.0,0.0,0.0,0.0,0.0,0.0,0.0,0.0,0.0,0.0,0.0,0.0,0.0,0.0,0.0,0.0,0.0,0.0,0.0,0.0,0.0,0.0,0.0,0.0,0.0,0.0,0.0,0.0,0.0,0.0,0.0,0.0,0.0,0.0,0.0,0.0,0.0,0.0,0.0,0.0,0.0,0.0,0.0,0.0,0.0,0.0,0.0,0.0,0.0,,,,,,,0.8674,,0.0,20.0,20.0,20.0,1.0,,,,,,,,,,,,,,,,,,,,,,,,,,,,0
S070,2,2024-11-21_13h14.36.924,MotivatedInference,2024.1.5,Win32,60.24096386,668be8e87e83611e680fb3ab,{{%SESSION_ID%},Chrome,,,,,,,,,,,,,,,,,,,,,,,,,,,,,,-1.0,,,,,,,,3.0,,,,,,,,,conditions/conds_121.csv,3.0,1.0,,,,,,,,,2769.5876,2771.3199,"[0.001399999976001709,0.016199999988202762,0.0310999999642263,0.04769999998779895,0.06529999995245817,0.08109999996395345,0.09839999997620907,0.11619999998811181,0.13149999999995998,0.14750000000003638,0.1642999999521635,0.18119999998816638,0.19729999995206526,0.2142999999523454,0.23129999995217077,0.24759999996422266,0.2643999999759217,0.2824999999997999,0.29999999999972715,0.3153999999763073,0.3317999999521817,0.3486999999881846,0.3645999999639571,0.38149999999996,0.3992999999522908,0.41509999996424085,0.4308999999761909,0.4477999999521671,0.4645999999643209,0.48089999997591804,0.497799999952349,0.5140999999639462,0.5329999999999018,0.5477999999520762,0.5651999999881809,0.582599999964259,0.5978999999761072,0.6141999999881591,0.6327999999521126,0.648799999952189,0.6650999999642409,0.6811999999881664,0.6977999999521671,0.7145000000000437,0.7310999999640444,0.7475999999642227,0.7644999999997708,0.7821999999878244,0.798899999976129,0.815699999987828,0.8323999999761327,0.8475999999641317,0.8643999999762855,0.882499999999709,0.8988999999760381,0.9143999999760126,0.9320999999640662,0.9490999999643464,0.965099999963968,0.9826999999881991,0.9992999999521999,1.0141999999877953,1.030999999999949,1.048899999976129,1.0653999999763073,1.0808999999762818,1.0976999999879808,1.1149999999997817,1.1318999999762127,1.148299999952087,1.1643999999760126,1.1810999999643172,1.1974999999997635,1.2142999999523454,1.2311999999878935,1.2474999999999454,1.2643999999759217,1.2827999999522035,1.2991999999881045,1.3159999999998035,1.3322999999522835,1.3486999999881846,1.3648999999759326,1.3807999999521599,1.3976999999881627,1.4160999999639898,1.4318999999759399,1.4486999999880936,1.4652999999520944,1.480799999952069,1.4976999999880718,1.5147999999521744,1.5321999999878244,1.5490999999642554,1.5663999999760563,1.5818999999760308,1.5978999999761072,1.6148999999759326,1.63149999999996,1.647899999976289,1.665799999952469,1.6816999999878135,1.6973999999759144,1.7142999999523454,1.7320999999642481]",0.016641346,0.000825741,105.0,right,1.0,,,,,,2.0,0.0,4.0,0.5,-1.555878208,1.0,3.040264234,0.201272506,96.0,0.002617994,0.429744758,0.028375272,0.064697354,0.217313714,7.0,0.04900547,-0.097854098,63.0,0.002617994,0.396190386,0.03208284,0.060740902,0.237954322,6.0,0.863886106,-0.987704565,89.0,0.014835299,0.418022232,0.039220845,0.067729576,0.134251055,3.0,0.368177723,-0.67159205,23.0,0.001745329,0.370048297,0.033576258,0.089212406,0.165879093,5.0,0.0,0.0,0.0,0.0,0.0,0.0,0.0,0.0,0.0,0.0,0.0,0.0,0.0,0.0,0.0,0.0,0.0,0.0,0.0,0.0,0.0,0.0,0.0,0.0,0.0,0.0,0.0,0.0,0.0,0.0,0.0,0.0,0.0,0.0,0.0,0.0,0.0,0.0,0.0,0.0,0.0,0.0,0.0,0.0,0.0,0.0,0.0,0.0,0.0,0.0,0.0,0.0,0.0,0.0,0.0,0.0,0.0,0.0,0.0,0.0,0.0,0.0,0.0,0.0,0.0,0.0,0.0,0.0,0.0,0.0,0.0,0.0,,,,,,,0.4762,,0.0,21.0,21.0,21.0,1.0,,,,,,,,,,,,,,,,,,,,,,,,,,,,0
S070,2,2024-11-21_13h14.36.924,MotivatedInference,2024.1.5,Win32,60.24096386,668be8e87e83611e680fb3ab,{{%SESSION_ID%},Chrome,,,,,,,,,,,,,,,,,,,,,,,,,,,,,,-1.0,,,,,,,,6.0,,,,,,,,,conditions/conds_121.csv,3.0,1.0,,,,,,,,,2772.7995,2775.8829,"[0.0031999999878280505,0.016999999999825377,0.03289999997605264,0.05039999997597988,0.06689999997615814,0.08289999997623454,0.09960000002365632,0.11630000001196095,0.1328999999759617,0.14949999999998909,0.16619999998783896,0.1828999999761436,0.19960000002402012,0.2171999999882246,0.23380000001179724,0.24949999999989814,0.26610000002392553,0.28380000001197914,0.29980000001205553,0.31719999998813364,0.3328000000119573,0.3491999999878317,0.3661999999881118,0.38280000001168446,0.39969999998811545,0.4171999999880427,0.43369999998822095,0.44980000001169174,0.46619999998802086,0.48280000001204826,0.49949999999989814,0.5171000000236745,0.5335000000000036,0.54950000000008,0.5661999999879299,0.5828999999762345,0.6001000000237582,0.6158999999761363,0.6328999999759617,0.6496000000238382,0.666199999987839,0.6828000000118664,0.6999999999998181,0.7161999999880209,0.7328999999763255,0.7494999999998981,0.7661999999882028,0.7833999999761545,0.8003999999759799,0.8161999999879299,0.8336000000235799,0.8505000000000109,0.8668000000120628,0.8836000000237618,0.8996000000238382,0.916199999987839,0.9324999999998909,0.9496000000240201,0.9661999999880209,0.9828999999763255,0.9996000000237473,1.0161999999882028,1.0328999999760526,1.0496000000239292,1.06619999998793,1.0828999999762345,1.1003999999761618,1.1169999999997344,1.1329999999998108,1.1496999999881155,1.166199999987839,1.1833000000119682,1.1996000000240201,1.21630000001187,1.2328999999763255,1.2496000000237473,1.2661000000239255,1.2838000000119791,1.300499999999829,1.3163999999760563,1.3328999999762345,1.3503999999761618,1.3661000000238346,1.3828999999759617,1.400399999975889,1.416199999987839,1.4328999999761436,1.449500000000171,1.4661999999880209,1.4831999999878462,1.499399999976049,1.5161999999882028,1.533100000023751,1.54950000000008,1.56619999998793,1.5828999999762345,1.599399999975958,1.61730000001171,1.6328000000116845,1.649499999999989,1.666199999987839,1.6828000000118664,1.699500000000171,1.71630000001187,1.7328999999763255,1.7494999999998981,1.7661999999882028,1.7829999999999018,1.7996000000239292,1.816300000011779,1.8328000000119573,1.8494999999998072,1.8661999999881118,1.8828999999759617,1.8996000000238382,1.916199999987839,1.9328000000118664,1.949500000000171,1.9661999999880209,1.9828999999763255,1.9994999999998981,2.016300000012052,2.0328000000117754,2.04950000000008,2.06619999998793,2.0828000000119573,2.099499999999807,2.1171000000235836,2.1333999999760636,2.149499999999989,2.1661000000240165,2.1828999999761436,2.19960000002402,2.216199999988021,2.2328000000120483,2.249499999999898,2.2661000000239255,2.2828000000117754,2.29950000000008,2.31619999998793,2.3328999999762345,2.349499999999807,2.366199999988112,2.3828000000116845,2.399899999976242,2.4171000000237655,2.4328000000118664,2.4496999999878426,2.46630000001187,2.4828000000120483,2.4996000000237473,2.5161000000239255,2.5328999999760526,2.54950000000008,2.56619999998793,2.5828000000119573,2.599499999999807,2.6168999999758853,2.6334999999999127,2.6491999999880136,2.6661000000240165,2.6828000000118664,2.69960000002402,2.7161000000237436,2.7328999999763255,2.7496000000237473,2.7666000000235726,2.7828000000117754,2.799399999976231,2.8166999999880318,2.8328000000119573,2.8496000000236563,2.866199999988112,2.8828999999759617,2.899499999999989,2.916199999987839,2.9328999999761436,2.949500000000171,2.966199999988021,2.9828000000120483,2.999499999999898,3.0169999999998254,3.033199999988028,3.04950000000008,3.06619999998793,3.08319999998821]",0.016648649,0.000457267,186.0,left,0.0,,,,,,1.0,0.0,8.0,0.5,1.208725868,-1.0,2.554187598,0.922616612,35.0,0.01134464,0.378665605,0.034694997,0.068673497,0.233172687,6.0,0.937425934,-0.954130142,54.0,-0.000872665,0.390632361,0.034931933,0.073298853,0.195852464,4.0,0.011221631,-0.022441377,19.0,-8.92894e-14,0.366380653,0.037711395,0.069882825,0.280007013,7.0,1.265944603,-0.572624366,96.0,0.002617994,0.429744758,0.028375272,0.064697354,0.217313714,7.0,3.091179749,0.100655066,56.0,0.002617994,0.391878159,0.037400891,0.06461151,0.256914973,6.0,2.369500864,0.999645902,8.0,-0.008726646,0.353798062,0.040824325,0.088208322,0.256820315,6.0,1.560611389,-0.020368467,25.0,0.001745329,0.371739039,0.031180836,0.079221418,0.176784845,4.0,2.713481357,0.75537264,46.0,-8.92894e-14,0.385892478,0.022689461,0.062794509,0.135276835,6.0,0.0,0.0,0.0,0.0,0.0,0.0,0.0,0.0,0.0,0.0,0.0,0.0,0.0,0.0,0.0,0.0,0.0,0.0,0.0,0.0,0.0,0.0,0.0,0.0,0.0,0.0,0.0,0.0,0.0,0.0,0.0,0.0,0.0,0.0,0.0,0.0,,,,,,,0.5998,,0.0,22.0,22.0,22.0,1.0,,,,,,,,,,,,,,,,,,,,,,,,,,,,0
S070,2,2024-11-21_13h14.36.924,MotivatedInference,2024.1.5,Win32,60.24096386,668be8e87e83611e680fb3ab,{{%SESSION_ID%},Chrome,,,,,,,,,,,,,,,,,,,,,,,,,,,,,,-1.0,,,,,,,,12.0,,,,,,,,,conditions/conds_121.csv,3.0,1.0,,,,,,,,,2777.4994,2781.9658,"[0.0036000000241074304,0.016300000012051896,0.03300000000035652,0.04960000002392917,0.0663000000122338,0.08280000001195731,0.0997000000479602,0.11620000004768372,0.13290000003598834,0.14960000002383822,0.16590000003589012,0.18260000002419474,0.19960000002402012,0.21630000001187,0.23280000001204826,0.24960000002420202,0.2663000000120519,0.2829000000360793,0.29960000002392917,0.3163000000122338,0.33350000000018554,0.34950000000026193,0.36630000001196095,0.38290000003598834,0.3996000000238382,0.41630000001214285,0.4329000000357155,0.44940000003589375,0.46600000000034925,0.4829000000358974,0.4995000000003529,0.5162000000477747,0.5332000000476,0.5504000000360065,0.5664000000360829,0.5829000000358064,0.5995000000002619,0.616300000011961,0.6329000000359883,0.6496000000238382,0.6662000000478656,0.6829000000357155,0.699500000000171,0.7162000000480475,0.7331000000240238,0.7510000000002037,0.7677000000476255,0.7834000000357264,0.7996000000239292,0.8161000000241074,0.8328000000119573,0.8495000000002619,0.8662000000476837,0.8829000000359883,0.8994999999999891,0.9162000000478656,0.9329000000357155,0.9496000000240201,0.9662000000480475,0.9830000000001746,0.999600000024202,1.0162000000477747,1.0338000000119791,1.0497000000477783,1.0662000000479566,1.08270000004768,1.0991000000240092,1.1177000000479893,1.1328000000121392,1.1492000000480402,1.1659000000358901,1.1831000000238419,1.1994000000358938,1.2158000000122229,1.2331000000240238,1.2495000000003529,1.2667000000478765,1.2829000000360793,1.2996000000239292,1.3162000000479566,1.3328000000119573,1.349500000000262,1.366300000011961,1.3829000000359883,1.3996000000238382,1.4160000000001673,1.4328000000118664,1.4496000000240201,1.4662000000480475,1.4829000000358974,1.499600000024202,1.5166000000240274,1.5329000000360793,1.550600000024133,1.5662000000479566,1.5833000000120592,1.599500000000262,1.616900000035912,1.6326000000240128,1.649499999999989,1.6663000000121428,1.6827000000480439,1.700100000024122,1.7162000000480475,1.7329000000358974,1.7495000000003529,1.7662000000477747,1.7829000000360793,1.7996000000239292,1.8162000000479566,1.8330000000000837,1.849600000024111,1.8659000000357082,1.8829000000359883,1.9004000000359156,1.9162000000478656,1.9329000000357155,1.9496000000240201,1.9670000000000982,1.9829000000358974,1.9995000000003529,2.0162000000477747,2.03280000001223,2.049600000023929,2.066300000012234,2.0829000000358064,2.099500000000262,2.1162000000476837,2.133600000023762,2.1503000000120664,2.1662000000478656,2.1829000000357155,2.19960000002402,2.2162000000480475,2.2337000000479748,2.2504000000358246,2.2662000000477747,2.2829000000360793,2.2997000000477783,2.3162000000479566,2.3330000000000837,2.349500000000262,2.3662000000476837,2.3829000000359883,2.399600000023838,2.416300000012143,2.4329000000357155,2.449500000000171,2.4662000000480475,2.4836000000241256,2.5004000000358246,2.5162000000477747,2.5329000000360793,2.54950000000008,2.5662000000479566,2.5829000000358064,2.599500000000262,2.6162000000476837,2.6329000000359883,2.65010000002394,2.6662000000478656,2.6828000000118664,2.69960000002402,2.71630000001187,2.7330000000001746,2.749500000000353,2.7662000000477747,2.7829000000360793,2.7999000000359047,2.8162000000479566,2.8329000000358064,2.849600000024111,2.866300000011961,2.883600000023762,2.8999000000358137,2.9162000000478656,2.9326000000241947,2.949500000000171,2.9662000000480475,2.9829000000358974,2.999600000024202,3.0162000000477747,3.0329000000360793,3.049600000023929,3.0662000000479566,3.0829000000358064,3.099500000000262,3.1162000000476837,3.1329000000359883,3.149499999999989,3.166300000012143,3.1828000000118664,3.199500000000171,3.21630000001187,3.2329000000358974,3.2494000000360757,3.2662000000477747,3.28280000001223,3.2993000000119537,3.3162000000479566,3.3329000000358064,3.349500000000262,3.3662000000476837,3.3829000000359883,3.400600000024042,3.4169999999999163,3.4328000000118664,3.44960000002402,3.4661000000241984,3.4829000000358974,3.499500000000353,3.51700000000028,3.5329000000360793,3.549600000023929,3.5661000000241074,3.583800000012161,3.6003000000118845,3.6165000000000873,3.632600000024013,3.649499999999989,3.666900000036094,3.6828000000118664,3.700200000047971,3.7164999999999964,3.7329000000358974,3.749500000000353,3.7673000000122556,3.7833000000118773,3.79950000000008,3.816300000012234,3.8328000000119573,3.849600000024111,3.8662000000476837,3.883600000023762,3.9003000000120664,3.9171000000237655,3.9329000000357155,3.949500000000171,3.9661000000241984,3.9828000000120483,3.999500000000353,4.016200000047775,4.032900000036079,4.04950000000008,4.066200000047957,4.082900000035806,4.099500000000262,4.116700000047786,4.13340000003609,4.149499999999989,4.166800000012245,4.183600000023944,4.199500000000171,4.216100000024198,4.232900000035897,4.249600000024202,4.2661000000239255,4.282600000024104,4.29950000000008,4.315900000035981,4.332800000011957,4.349500000000262,4.366200000047684,4.383600000023762,4.40010000002394,4.416200000047866,4.432700000048044,4.449400000035894,4.46630000001187]",0.016651866,0.000462428,269.0,right,1.0,,,,,,2.0,0.0,12.0,0.5,-3.669902254,1.0,2.709969722,0.759956289,14.0,-0.004363323,0.361562951,0.033827978,0.08680928,0.200727788,5.0,1.667267885,0.191748225,60.0,0.008726646,0.394321176,0.024708435,0.063628191,0.162696287,6.0,0.995137876,-0.913301087,80.0,0.000872665,0.408817555,0.034279956,0.069360427,0.160822937,4.0,0.43558462,-0.765082372,16.0,0.017453293,0.363466057,0.031192723,0.069909496,0.180964939,5.0,0.547359516,-0.888799517,50.0,-0.003490659,0.388365859,0.031859869,0.061653869,0.235670302,6.0,1.192543977,-0.686383722,54.0,-0.000872665,0.390632361,0.034931933,0.073298853,0.195852464,4.0,0.244907054,-0.470461861,54.0,-0.000872665,0.390632361,0.034931933,0.073298853,0.195852464,4.0,1.227859719,-0.633349005,35.0,0.01134464,0.378665605,0.034694997,0.068673497,0.233172687,6.0,1.475610082,-0.189224667,56.0,0.002617994,0.391878159,0.037400891,0.06461151,0.256914973,6.0,1.383825296,-0.365287905,49.0,-0.003490659,0.387690152,0.036925942,0.073283012,0.194967171,5.0,2.629797908,0.853981145,45.0,0.006108652,0.385245638,0.032702855,0.065559913,0.166419284,5.0,1.271368413,-0.563697778,34.0,-0.01134464,0.377900669,0.035623555,0.066078969,0.222301383,5.0,,,,,,,0.5418,,0.0,23.0,23.0,23.0,1.0,,,,,,,,,,,,,,,,,,,,,,,,,,,,0
S070,2,2024-11-21_13h14.36.924,MotivatedInference,2024.1.5,Win32,60.24096386,668be8e87e83611e680fb3ab,{{%SESSION_ID%},Chrome,,,,,,,,,,,,,,,,,,,,,,,,,,,,,,1.0,,,,,,,,10.0,,,,,,,,,conditions/conds_121.csv,3.0,1.0,,,,,,,,,2784.7829,2789.2324,"[0.0035999999645355274,0.01609999996435363,0.03269999998838102,0.0493999999762309,0.06700000000000728,0.08289999997623454,0.0993999999764128,0.11669999998821368,0.13359999996418992,0.15019999998821731,0.16630000001214285,0.1828000000123211,0.19980000001214648,0.2161999999884756,0.23259999996435,0.24939999997650375,0.26680000001215376,0.28309999996463375,0.29950000000008004,0.3170999999642845,0.3333999999763364,0.34950000000026193,0.3661999999881118,0.3828000000121392,0.3994999999999891,0.4160999999644446,0.432699999988472,0.4500999999645501,0.4660999999646265,0.4826999999881991,0.5005999999643791,0.5163999999763291,0.5325999999645319,0.5503999999764346,0.5663000000122338,0.5826999999881082,0.5995000000002619,0.6168000000120628,0.6335999999641899,0.6496999999881155,0.6668999999765219,0.6829999999999927,0.6993999999763219,0.7168999999762491,0.7335999999645537,0.7495000000003529,0.7660999999643536,0.7833999999761545,0.7993000000119537,0.8168999999761581,0.8328000000119573,0.8495999999645392,0.8670000000001892,0.8830000000002656,0.8994999999999891,0.9160999999644446,0.932699999988472,0.949500000000171,0.9668000000119719,0.9835999999645537,0.9995000000003529,1.0160999999643536,1.0333999999761545,1.04950000000008,1.0661999999883847,1.08319999998821,1.1000000000003638,1.1163999999762382,1.1328000000121392,1.14939999997614,1.1665999999645464,1.183699999988221,1.1995999999644482,1.2170000000000982,1.2326999999881991,1.2493999999765038,1.2668000000121538,1.2835000000000036,1.3001999999883083,1.3160999999645355,1.3326999999881082,1.3493999999764128,1.366300000011961,1.383199999988392,1.3998999999762418,1.4160999999644446,1.4325000000003456,1.4493999999763219,1.4661999999884756,1.4826999999881991,1.4993000000122265,1.5160000000000764,1.5335000000000036,1.5498000000120555,1.5660999999645355,1.5828000000119573,1.5993000000121356,1.6159999999999854,1.6333999999765183,1.6500999999643682,1.6658999999763182,1.6835000000000946,1.70009999996455,1.7170000000000982,1.7330999999644519,1.7493000000122265,1.7660000000000764,1.782599999964532,1.7991999999881045,1.8158999999764092,1.832599999964259,1.8491999999882864,1.86689999997634,1.882599999964441,1.8993000000123175,1.9161999999882937,1.932800000012321,1.9493999999763219,1.9666999999881227,1.9835000000002765,1.9993999999765038,2.0168000000121538,2.033599999964281,2.049399999976231,2.0655999999644337,2.082499999999982,2.099599999964539,2.1159999999999854,2.13359999996419,2.1491999999884683,2.1660000000001673,2.182699999988472,2.199399999976322,2.216800000011972,2.233199999988301,2.2493999999765038,2.2660999999643536,2.28280000001223,2.299399999976231,2.31739999997626,2.333300000012059,2.350399999976162,2.3660999999642627,2.3835000000003674,2.3996999999881155,2.4160999999644446,2.4323999999764965,2.4493000000120446,2.4660999999646265,2.482699999988199,2.4993000000122265,2.5160000000000764,2.53280000001223,2.5493000000119537,2.5660000000002583,2.5835999999644628,2.599399999976413,2.6160999999642627,2.633699999988039,2.65130000001227,2.666500000000269,2.684199999988323,2.699399999976322,2.7160000000003492,2.7335999999645537,2.749899999976151,2.7660999999643536,2.782699999988381,2.7993000000119537,2.815899999976409,2.832699999988108,2.8493000000121356,2.8656999999884647,2.88269999998829,2.89939999997614,2.9160999999644446,2.932699999988472,2.949399999976322,2.9670000000000982,2.983699999988403,2.9993999999765038,3.0160000000000764,3.0330000000003565,3.04950000000008,3.065899999976409,3.083099999964361,3.0993000000121356,3.1160999999642627,3.132800000012139,3.149499999999989,3.1660000000001673,3.182699999988472,3.199399999976322,3.2160000000003492,3.2328000000120483,3.2493999999765038,3.2660999999643536,3.282699999988381,3.299399999976231,3.316800000011881,3.3335999999644628,3.350500000000011,3.366199999988112,3.38269999998829,3.3995999999642663,3.4160999999644446,3.432699999988472,3.449599999964448,3.4661999999884756,3.482699999988199,3.4993000000122265,3.5161999999882028,3.532599999964532,3.5491999999881045,3.5660000000002583,3.5828000000119573,3.599399999976413,3.6181999999880645,3.63269999998829,3.6496999999881155,3.6660000000001673,3.683599999964372,3.699399999976322,3.7158999999765,3.7333999999764274,3.7503000000119755,3.7660999999643536,3.782699999988381,3.800000000000182,3.8170000000000073,3.833699999988312,3.849399999976413,3.8660999999642627,3.88269999998829,3.8993000000123175,3.9160000000001673,3.932699999988472,3.9493000000120446,3.9658999999765,3.982699999988199,4.000099999964277,4.016099999964354,4.033599999964281,4.050199999988308,4.066699999988032,4.083300000012059,4.100199999988035,4.117099999964466,4.133399999976518,4.1496999999881155,4.166599999964546,4.1823999999764965,4.199300000012045,4.2160999999646265,4.232699999988199,4.2493000000122265,4.266099999964354,4.282599999964532,4.299399999976231,4.316000000000258,4.332800000011957,4.349399999976413,4.3659999999999854,4.383800000011888,4.39939999997614,4.416000000000167,4.432699999988472,4.449300000012045]",0.016650562,0.000581382,268.0,left,1.0,,,,,,1.0,0.0,12.0,0.5,1.378176377,1.0,1.052418147,-0.860757697,99.0,-0.003490659,0.442500629,0.032492338,0.059723416,0.160754516,4.0,3.081365672,0.120162894,30.0,-0.009599311,0.375182725,0.031494597,0.070464671,0.19533995,5.0,1.600883988,0.060139012,68.0,0.009599311,0.399449425,0.031951263,0.065393928,0.165147664,5.0,2.528988326,0.940876541,77.0,0.006108652,0.406238369,0.034151794,0.067462161,0.265706452,7.0,2.933914979,0.40351509,59.0,0.006981317,0.393731017,0.031135395,0.06163787,0.205460115,5.0,1.968184868,0.713707482,55.0,-0.003490659,0.391280598,0.028194872,0.063513844,0.18961797,6.0,0.231194979,-0.446088365,84.0,-0.002617994,0.412727296,0.032139903,0.078825818,0.191863964,5.0,0.277800452,-0.527453913,45.0,0.006108652,0.385245638,0.032702855,0.065559913,0.166419284,5.0,2.701186487,0.771256204,29.0,-0.000872665,0.374372435,0.035828607,0.080766738,0.158410304,4.0,1.738367888,0.328904333,10.0,-0.004363323,0.356575755,0.034939804,0.084929929,0.233599272,6.0,1.270299235,-0.56546273,84.0,-0.002617994,0.412727296,0.032139903,0.078825818,0.191863964,5.0,2.914139848,0.439377526,54.0,-0.000872665,0.390632361,0.034931933,0.073298853,0.195852464,4.0,,,,,,,0.6016,,0.0,24.0,24.0,24.0,1.0,,,,,,,,,,,,,,,,,,,,,,,,,,,,0
S070,2,2024-11-21_13h14.36.924,MotivatedInference,2024.1.5,Win32,60.24096386,668be8e87e83611e680fb3ab,{{%SESSION_ID%},Chrome,,,,,,,,,,,,,,,,,,,,,,,,,,,,,,1.0,,,,,,,,8.0,,,,,,,,,conditions/conds_121.csv,3.0,1.0,,,,,,,,,2790.833,2793.9497,"[0.00210000002380184,0.0156999999881009,0.03249999999979991,0.049899999976332765,0.06669999998803178,0.08260000002383094,0.09919999998783169,0.11650000000008731,0.13239999997631458,0.14960000002383822,0.16580000001204098,0.1823000000117645,0.19910000002391826,0.21580000001176813,0.2326000000239219,0.2488000000116699,0.26580000001195003,0.2826999999879263,0.29960000002392917,0.3158999999759544,0.3331000000239328,0.3494999999998072,0.36569999998800995,0.3825000000001637,0.39910000002373636,0.41600000000016735,0.4323999999760417,0.44910000002391826,0.46580000001176813,0.4826000000239219,0.4991000000236454,0.51580000001195,0.5323999999759508,0.5498999999763328,0.5664999999999054,0.5823999999761327,0.5991000000240092,0.6153999999760345,0.6325000000001637,0.6491000000237364,0.665800000012041,0.6821999999879154,0.6991000000239183,0.7161000000237436,0.7323000000119464,0.7491000000236454,0.7656999999881009,0.7823999999759508,0.7991000000238273,0.8164999999999054,0.8333000000120592,0.8491000000240092,0.8658000000118591,0.8823999999763146,0.8991000000237364,0.9166000000236636,0.9331999999881191,0.9491999999881955,0.9658000000117681,0.9823999999762236,0.9991000000236454,1.0158999999762273,1.0324999999998,1.0491999999881045,1.0658000000116772,1.0824999999999818,1.0991999999878317,1.115800000011859,1.1323999999763146,1.1498000000119646,1.165800000012041,1.1824999999998909,1.1993000000120446,1.2158000000117681,1.2323999999762236,1.2491000000236454,1.2666000000235726,1.2829999999999018,1.2998999999763328,1.315699999987828,1.33199999999988,1.34900000000016,1.365800000011859,1.3826000000240128,1.3991000000237364,1.4160000000001673,1.4338999999758926,1.4496000000235654,1.4656000000236418,1.4825000000000728,1.4991000000236454,1.515699999988101,1.5331999999880281,1.5491000000238273,1.5658999999759544,1.5833000000120592,1.5993000000116808,1.61569999998801,1.6323999999763146,1.6496000000238382,1.6656999999881918,1.6823000000117645,1.6991000000239183,1.7158000000117681,1.732600000023922,1.7491000000236454,1.7656000000238237,1.7823999999759508,1.7991000000238273,1.815699999987828,1.8323999999761327,1.8491000000240092,1.86569999998801,1.8823999999763146,1.8991000000237364,1.915800000012041,1.9343000000117172,1.9493000000120446,1.9658999999760454,1.9821999999880973,1.9991000000236454,2.0164999999997235,2.0329999999999018,2.048800000011852,2.065800000011677,2.082600000023831,2.099100000024009,2.115800000011859,2.1323999999763146,2.1491000000237364,2.1661000000240165,2.1823999999760417,2.1991000000239183,2.215800000011768,2.2325000000000728,2.2491999999879226,2.266300000012052,2.283100000023751,2.2996999999882064,2.315699999987828,2.3323000000118554,2.348899999976311,2.3656000000237327,2.3823999999763146,2.3991000000237364,2.415699999988192,2.432499999999891,2.4491000000239183,2.465800000011768,2.4828999999763255,2.4991000000236454,2.5156000000238237,2.5323999999759508,2.5498999999763328,2.5663999999760563,2.5833999999758817,2.59989999997606,2.6161000000238346,2.6323999999763146,2.6489999999998872,2.6653999999762163,2.6823999999760417,2.699000000000069,2.715800000011768,2.7333000000116954,2.7496999999880245,2.7658999999762273,2.7823999999759508,2.7991999999881045,2.8166000000237545,2.832499999999982,2.8498000000117827,2.8658999999761363,2.8823999999763146,2.8998000000119646,2.915800000012041,2.9323999999760417,2.9491000000239183,2.96630000001187,2.9823000000119464,2.9991000000236454,3.015699999988101,3.0323999999759508,3.0496999999882064,3.065800000011677,3.08319999998821,3.099100000024009,3.1165000000000873]",0.016654545,0.000489153,188.0,right,0.0,,,,,,2.0,0.0,8.0,0.5,-0.3564058,-1.0,1.320369617,-0.480174311,23.0,0.001745329,0.370048297,0.033576258,0.089212406,0.165879093,5.0,0.414996788,-0.737927036,77.0,0.006108652,0.406238369,0.034151794,0.067462161,0.265706452,7.0,2.368474256,0.99969843,55.0,-0.003490659,0.391280598,0.028194872,0.063513844,0.18961797,6.0,2.687883584,0.787916504,8.0,-0.008726646,0.353798062,0.040824325,0.088208322,0.256820315,6.0,1.877880498,0.576279047,12.0,0.006981317,0.359228273,0.039160557,0.080955667,0.284615847,7.0,0.401951122,-0.720069341,67.0,0.000872665,0.398829923,0.040120187,0.066830121,0.198372452,4.0,1.553754371,-0.034077312,92.0,-0.000872665,0.422008311,0.023140698,0.057298337,0.164165775,6.0,0.422560774,-0.748051782,29.0,-0.000872665,0.374372435,0.035828607,0.080766738,0.158410304,4.0,0.0,0.0,0.0,0.0,0.0,0.0,0.0,0.0,0.0,0.0,0.0,0.0,0.0,0.0,0.0,0.0,0.0,0.0,0.0,0.0,0.0,0.0,0.0,0.0,0.0,0.0,0.0,0.0,0.0,0.0,0.0,0.0,0.0,0.0,0.0,0.0,,,,,,,0.5525,,0.0,25.0,25.0,25.0,1.0,,,,,,,,,,,,,,,,,,,,,,,,,,,,0
S070,2,2024-11-21_13h14.36.924,MotivatedInference,2024.1.5,Win32,60.24096386,668be8e87e83611e680fb3ab,{{%SESSION_ID%},Chrome,,,,,,,,,,,,,,,,,,,,,,,,,,,,,,1.0,,,,,,,,1.0,,,,,,,,,conditions/conds_121.csv,3.0,1.0,,,,,,,,,2795.4999,2797.1995,"[0.00210000002380184,0.018800000012106466,0.03270000004749818,0.052999999999883585,0.06620000004750182,0.08710000002383822,0.09950000000026193,0.11860000002388915,0.1328000000121392,0.14910000002373636,0.16620000004786561,0.1861000000239983,0.20049999999991996,0.2195000000001528,0.23570000004792746,0.24840000003587193,0.26850000000013097,0.2820000000001528,0.2988000000118518,0.3154000000358792,0.33199999999987995,0.34950000000026193,0.36990000003561363,0.38290000003598834,0.4022000000477419,0.4161000000240165,0.43510000002379456,0.4487000000476655,0.4676000000240492,0.4862000000475746,0.49930000001177177,0.5187000000478292,0.5324000000359774,0.5529999999998836,0.566300000011779,0.5855000000001382,0.5991000000240092,0.6187000000477383,0.6320000000000618,0.6524000000358683,0.6662000000478656,0.6860000000001492,0.7029999999999745,0.7154000000359702,0.735400000035952,0.749000000000251,0.7701000000238309,0.7821000000240019,0.8016000000238819,0.8198000000120373,0.8329000000358064,0.8524999999999636,0.8662000000476837,0.8850000000002183,0.8997000000476874,0.9194000000356937,0.9359000000358719,0.9486000000238164,0.9650000000001455,0.9850000000001273,1.0019000000356755,1.0154000000356973,1.032100000024002,1.0527000000479347,1.0654000000358792,1.0849000000357591,1.0987000000477565,1.1154000000356064,1.1320000000000618,1.149499999999989,1.1703000000120483,1.1828000000118664,1.2016000000239728,1.2154000000359702,1.2363000000118518,1.2494999999998981,1.2705000000000837,1.282200000047851,1.30390000003581,1.3203000000121392,1.3318000000117536,1.3516000000240638,1.3657000000475819,1.3851000000240674,1.3986000000240892,1.420700000047873,1.4328000000118664,1.4519000000359483,1.4661000000237436,1.485900000035599,1.4994999999998981,1.52020000004768,1.532200000047851,1.5528000000117572,1.5654000000358792,1.5850000000000364,1.599500000000262,1.6202000000475891,1.632700000047862,1.6488000000117609,1.6652000000476619,1.6872000000475964,1.6994000000358938]",0.016640196,0.003142693,103.0,right,1.0,,,,,,1.0,0.0,4.0,0.5,0.591837133,-1.0,2.648811023,0.833583364,53.0,-0.003490659,0.390095866,0.043303837,0.083823939,0.349451294,6.0,1.697334574,0.250383637,70.0,0.007853982,0.401012824,0.032375196,0.060909739,0.168550131,4.0,0.443436827,-0.775100193,18.0,-0.008726646,0.365457086,0.031782524,0.075683607,0.153768306,4.0,2.998147853,0.282970325,92.0,-0.000872665,0.422008311,0.023140698,0.057298337,0.164165775,6.0,0.0,0.0,0.0,0.0,0.0,0.0,0.0,0.0,0.0,0.0,0.0,0.0,0.0,0.0,0.0,0.0,0.0,0.0,0.0,0.0,0.0,0.0,0.0,0.0,0.0,0.0,0.0,0.0,0.0,0.0,0.0,0.0,0.0,0.0,0.0,0.0,0.0,0.0,0.0,0.0,0.0,0.0,0.0,0.0,0.0,0.0,0.0,0.0,0.0,0.0,0.0,0.0,0.0,0.0,0.0,0.0,0.0,0.0,0.0,0.0,0.0,0.0,0.0,0.0,0.0,0.0,0.0,0.0,0.0,0.0,0.0,0.0,,,,,,,0.5175,,0.0,26.0,26.0,26.0,1.0,,,,,,,,,,,,,,,,,,,,,,,,,,,,0
S070,2,2024-11-21_13h14.36.924,MotivatedInference,2024.1.5,Win32,60.24096386,668be8e87e83611e680fb3ab,{{%SESSION_ID%},Chrome,,,,,,,,,,,,,,,,,,,,,,,,,,,,,,1.0,,,,,,,,11.0,,,,,,,,,conditions/conds_121.csv,3.0,1.0,,,,,,,,,2798.7167,2803.1679,"[0.004699999988133641,0.018400000035853736,0.031900000035875564,0.052300000012110104,0.06599999999980355,0.08480000001191002,0.09869999998818457,0.11790000003566092,0.13630000001194276,0.1491999999880136,0.1681000000239692,0.18269999998801723,0.20360000002392553,0.21590000003561727,0.2349000000358501,0.2489000000359738,0.26980000001185545,0.2823000000121283,0.3014000000357555,0.31599999999980355,0.3361999999879117,0.35119999998823914,0.3651999999879081,0.38499999999976353,0.3993000000118627,0.4186000000236163,0.4329000000357155,0.4531999999881009,0.46549999999979264,0.48669999998810454,0.4986000000239983,0.5205000000000837,0.5324000000359774,0.5531000000237327,0.5656000000240056,0.5861999999879117,0.5986999999881846,0.6176000000236854,0.6316999999880863,0.6516999999880682,0.6659000000358901,0.6851999999880718,0.7040000000001783,0.7159999999998945,0.7349000000358501,0.7493000000117718,0.7691000000236272,0.7863000000120337,0.7989000000357009,0.8196999999881882,0.8323000000118554,0.853300000012041,0.866300000011961,0.8854000000355882,0.8991999999880136,0.9183000000120956,0.9319000000359665,0.9493000000120446,0.9651999999882719,0.9818000000118445,1.0031999999882828,1.0156000000238237,1.034699999987879,1.0515000000000327,1.0683000000117318,1.0818000000117536,1.0985000000000582,1.115199999987908,1.1318000000119355,1.1494000000357119,1.1701999999881991,1.1824000000356136,1.20169999998825,1.2159999999998945,1.234800000012001,1.2485000000001492,1.265199999987999,1.2818000000120264,1.302699999987908,1.31530000001203,1.3359999999997854,1.34900000000016,1.36850000000004,1.3849999999997635,1.4031000000236418,1.4198000000119464,1.43260000002374,1.448300000011841,1.4701999999879263,1.482600000023922,1.5006999999882282,1.515699999988101,1.5318000000120264,1.5484999999998763,1.565199999988181,1.58199999999988,1.6028000000119391,1.6153000000117572,1.6349999999997635,1.6526999999882719,1.6659000000358901,1.6849000000356682,1.6993000000120446,1.7179999999998472,1.7364999999999782,1.7516999999879772,1.7703000000119573,1.7824999999998,1.8013000000119064,1.8159999999998035,1.8318000000117536,1.8536999999882937,1.8698000000117645,1.8825000000001637,1.901600000023791,1.916300000011688,1.9364000000359738,1.9493000000120446,1.9683000000118227,1.984300000011899,1.9985000000001492,2.0181000000238782,2.0326999999879263,2.0519000000358574,2.07019999998829,2.0819000000356027,2.1036999999882937,2.119499999999789,2.1319000000357846,2.151499999999942,2.1660000000001673,2.1856999999881737,2.1991999999881955,2.2194000000358756,2.231999999999971,2.25369999998793,2.2654999999999745,2.286400000035883,2.3020000000001346,2.315199999988181,2.3318000000117536,2.349100000024009,2.369499999999789,2.382600000024013,2.4014000000356646,2.418100000023969,2.4356999999881737,2.4494000000358938,2.46790000003557,2.4819000000356937,2.5013000000117245,2.515900000035799,2.535400000035679,2.548800000011852,2.5693000000119355,2.582100000023729,2.603199999988192,2.615199999987908,2.634699999988243,2.6493000000118627,2.6686999999878935,2.685900000035872,2.6994000000358938,2.715199999988272,2.7318000000118445,2.7486000000239983,2.76860000002398,2.7824999999998,2.8013000000119064,2.8161000000236527,2.8356999999882646,2.848500000000058,2.8719999999998436,2.887000000000171,2.8981999999882646,2.9181999999882464,2.9371000000237473,2.9494000000358938,2.965199999988272,2.9818000000118445,2.9991999999879226,3.0160000000000764,3.0345000000002074,3.049400000035803,3.070100000024013,3.08199999999988,3.1015000000002146,3.115100000023631,3.1318000000119355,3.1514000000356646,3.1660000000001673,3.1856000000238964,3.1994000000358938,3.2204000000356245,3.231999999999971,3.252699999988181,3.2654999999999745,3.28650000000016,3.2986999999880027,3.319500000000062,3.3319000000356027,3.353199999988192,3.365800000011859,3.385300000011739,3.3984999999997854,3.41800000000012,3.436400000035974,3.4493000000120446,3.4681999999879736,3.4831000000240238,3.498500000000149,3.515100000023722,3.5319000000358756,3.552699999987908,3.568499999999858,3.5818000000117536,3.5981000000238055,3.618400000035763,3.634800000012092,3.6491999999880136,3.670199999988199,3.682499999999891,3.702800000011848,3.7161000000237436,3.73490000003585,3.7491000000236454,3.7688000000121065,3.786400000035883,3.7986000000237254,3.819100000023809,3.8323000000118554,3.8519999999998618,3.865900000035708,3.886400000035792,3.9025000000001455,3.9151000000238128,3.9318000000121174,3.9491000000239183,3.9691999999881773,3.9823000000119464,4.001499999999851,4.014999999999873,4.031900000035876,4.0491999999881045,4.07019999998829,4.085500000000138,4.099100000024009,4.115100000023631,4.134699999988243,4.149300000011863,4.167900000035843,4.181699999988268,4.20049999999992,4.218800000011925,4.231900000035694,4.252500000000055,4.268900000035956,4.284500000000207,4.298100000023624,4.318000000000211,4.334699999988061,4.348400000035781,4.367900000035661,4.3818000000119355,4.398499999999785,4.417900000035843,4.432800000011866,4.451100000023871]",0.016653184,0.003009389,268.0,right,1.0,,,,,,2.0,0.0,12.0,0.5,-0.410209908,1.0,0.396602173,-0.712604986,11.0,-0.013089969,0.357861323,0.044486954,0.075207378,0.243622836,5.0,2.960662994,0.354013754,98.0,-0.003490659,0.436582054,0.033239272,0.083554428,0.196244723,5.0,1.229431061,-0.630913864,49.0,-0.003490659,0.387690152,0.036925942,0.073283012,0.194967171,5.0,0.80875129,-0.998909461,82.0,0.004363323,0.410673221,0.022643594,0.062174001,0.106425045,4.0,0.907661611,-0.970251971,31.0,0.004363323,0.375872077,0.0344646,0.07529372,0.228193104,6.0,0.671295169,-0.974073822,85.0,0.003490659,0.413672168,0.024690997,0.064801949,0.114487367,4.0,1.935422602,0.666312468,18.0,-0.008726646,0.365457086,0.031782524,0.075683607,0.153768306,4.0,2.036678866,0.802673915,41.0,0.013089969,0.382506884,0.032100804,0.075836611,0.218324429,6.0,1.873668029,0.56937337,96.0,0.002617994,0.429744758,0.028375272,0.064697354,0.217313714,7.0,1.405641352,-0.324336239,95.0,-0.003490659,0.427246221,0.028411926,0.064304978,0.203029515,6.0,2.59914806,0.884251669,91.0,0.001745329,0.420659204,0.046109782,0.086244352,0.261967492,5.0,2.552052539,0.924255258,10.0,-0.004363323,0.356575755,0.034939804,0.084929929,0.233599272,6.0,,,,,,,0.5346,,0.0,27.0,27.0,27.0,1.0,,,,,,,,,,,,,,,,,,,,,,,,,,,,0
S070,2,2024-11-21_13h14.36.924,MotivatedInference,2024.1.5,Win32,60.24096386,668be8e87e83611e680fb3ab,{{%SESSION_ID%},Chrome,,,,,,,,,,,,,,,,,,,,,,,,,,,,,,1.0,,,,,,,,4.0,,,,,,,,,conditions/conds_121.csv,3.0,1.0,,,,,,,,,2804.7157,2806.4357,"[0.0019000000361302227,0.01930000001220833,0.03280000001223016,0.0503000000121574,0.06910000002380912,0.08350000000018554,0.10400000000026921,0.11619999998811181,0.13550000000032014,0.14990000003581372,0.1694000000361484,0.18330000001196822,0.2035000000000764,0.21649999999999636,0.23730000001205553,0.2529000000358792,0.26880000001210647,0.282699999988381,0.3003000000121574,0.3213000000118882,0.3328000000119573,0.3536999999882937,0.3690000000001419,0.3856999999884465,0.3994000000361666,0.4190000000003238,0.4335000000000946,0.45290000003615205,0.46600000000034925,0.48569999998835556,0.5036999999883847,0.5173000000122556,0.5378000000123393,0.54950000000008,0.5691000000238091,0.5829000000358064,0.5993000000121356,0.6191999999882682,0.6328000000121392,0.6539000000361739,0.6666999999883956,0.6863000000121247,0.7003000000122483,0.7189000000357737,0.7335000000002765,0.7534000000359811,0.7669000000360029,0.7856999999880827,0.7994000000358028,0.81690000003573,0.8355000000001382,0.8495000000002619,0.8709000000358174,0.8836000000242166,0.9031000000240965,0.9203000000120483,0.9335000000000946,0.9540000000001783,0.966900000035821,0.9858000000122047,0.9994000000360757,1.0161000000239255,1.035500000000411,1.05230000001211,1.0688000000122884,1.0853000000120119,1.099500000000262,1.1161000000238346,1.1328000000121392,1.1494000000361666,1.1708000000121501,1.1866000000241002,1.1994000000358938,1.2206999999884829,1.2330000000001746,1.2545000000000073,1.2665000000001783,1.2858000000119318,1.2991000000238273,1.3161000000241074,1.3328000000119573,1.3501999999884902,1.37130000001207,1.3878000000122483,1.4003000000120664,1.4200000000000728,1.4335000000000946,1.452199999988352,1.4660000000003492,1.4858000000122047,1.4994000000360757,1.5190000000002328,1.5364000000358828,1.5494000000358028,1.5663000000122338,1.583699999988312,1.6041000000241183,1.6161000000238346,1.6355000000003201,1.6523000000120192,1.6711000000241256,1.6826000000241947,1.6994000000358938,1.7198000000121283]",0.016678641,0.002959062,104.0,right,0.0,,,,,,2.0,0.0,4.0,0.5,0.621158266,-1.0,1.659606271,0.176687411,32.0,0.007853982,0.376580194,0.027808234,0.064839678,0.152904525,6.0,0.907746086,-0.970211055,67.0,0.000872665,0.398829923,0.040120187,0.066830121,0.198372452,4.0,1.784908591,0.415256303,81.0,-0.006981317,0.409724184,0.034267936,0.062711279,0.215248408,5.0,2.339246811,0.999425607,82.0,0.004363323,0.410673221,0.022643594,0.062174001,0.106425045,4.0,0.0,0.0,0.0,0.0,0.0,0.0,0.0,0.0,0.0,0.0,0.0,0.0,0.0,0.0,0.0,0.0,0.0,0.0,0.0,0.0,0.0,0.0,0.0,0.0,0.0,0.0,0.0,0.0,0.0,0.0,0.0,0.0,0.0,0.0,0.0,0.0,0.0,0.0,0.0,0.0,0.0,0.0,0.0,0.0,0.0,0.0,0.0,0.0,0.0,0.0,0.0,0.0,0.0,0.0,0.0,0.0,0.0,0.0,0.0,0.0,0.0,0.0,0.0,0.0,0.0,0.0,0.0,0.0,0.0,0.0,0.0,0.0,,,,,,,0.8122,,0.0,28.0,28.0,28.0,1.0,,,,,,,,,,,,,,,,,,,,,,,,,,,,0
S070,2,2024-11-21_13h14.36.924,MotivatedInference,2024.1.5,Win32,60.24096386,668be8e87e83611e680fb3ab,{{%SESSION_ID%},Chrome,,,,,,,,,,,,,,,,,,,,,,,,,,,,,,1.0,,,,,,,,6.0,,,,,,,,,conditions/conds_121.csv,3.0,1.0,,,,,,,,,2808.2654,2811.3652,"[0.0028000000120300683,0.016300000012051896,0.03380000001197914,0.04990000003590467,0.06630000001177905,0.08310000002393281,0.10030000001188455,0.11710000002403831,0.1338000000118882,0.15040000003591558,0.16710000002376546,0.183200000047691,0.19970000004786925,0.21630000001187,0.23330000001215012,0.25040000003582463,0.26670000004787653,0.28320000004760004,0.3003000000121574,0.3171000000238564,0.3331000000239328,0.3505000000000109,0.3664000000358101,0.3830000000002656,0.4005000000001928,0.4169999999999163,0.4329000000357155,0.45000000000027285,0.4666000000238455,0.4829000000358974,0.49960000002374727,0.5171000000241293,0.5334000000357264,0.5496000000239292,0.5664000000356282,0.583800000012161,0.5997000000479602,0.616300000011961,0.633700000047611,0.6498000000119646,0.6663000000121428,0.6829000000357155,0.70049999999992,0.7170000000000982,0.7333000000121501,0.7504000000358246,0.7666000000240274,0.7829000000356245,0.7997000000477783,0.8170000000000073,0.833800000012161,0.8504000000357337,0.8664000000358101,0.8829000000359883,0.9005000000001928,0.9171000000237655,0.9329000000357155,0.9503000000117936,0.9671000000239474,0.9835000000002765,1.0003000000119755,1.0165000000001783,1.0329000000356245,1.0494000000358028,1.0664000000356282,1.0830000000000837,1.100500000000011,1.1167000000477856,1.1330000000002656,1.1496000000238382,1.1663000000121428,1.1829999999999927,1.1996000000240201,1.2170000000000982,1.2337000000479748,1.2496000000237473,1.266400000035901,1.2835000000000036,1.2999000000359047,1.3162000000479566,1.3329000000358064,1.3502000000476073,1.3667000000477856,1.3829000000359883,1.3997000000476874,1.4162000000478656,1.4337000000477929,1.4500000000002728,1.4664000000357191,1.4830000000001746,1.4997000000475964,1.5168000000121538,1.533700000047702,1.5496000000239292,1.5666000000237545,1.583800000012161,1.599999999999909,1.6162000000476837,1.6330000000002656,1.6496000000238382,1.6662000000478656,1.6836000000239437,1.6999000000359956,1.7168000000119719,1.7336000000241256,1.7497000000475964,1.766300000012052,1.7829000000356245,1.8005000000002838,1.8170000000000073,1.834200000047531,1.8497000000479602,1.8672000000478874,1.8833000000117863,1.8996000000238382,1.9163000000121428,1.9337000000477929,1.9500000000002728,1.9662000000475928,1.9830000000001746,2.0003000000119755,2.016400000035901,2.0336000000238528,2.0498000000120555,2.066400000035628,2.0829000000358064,2.09970000004796,2.1173000000121647,2.133600000023762,2.149600000023838,2.166300000012143,2.1829000000357155,2.2004000000356427,2.2166000000238455,2.2337000000479748,2.2504000000358246,2.2666000000240274,2.2829999999999018,2.3003000000121574,2.3170000000000073,2.3330000000000837,2.349500000000262,2.366300000011961,2.383800000011888,2.4003000000120664,2.416300000012143,2.433200000047691,2.4493000000120446,2.46630000001187,2.4829000000358974,2.500500000000102,2.5166000000240274,2.5329000000356245,2.5504000000360065,2.566400000035628,2.5829000000358064,2.6003000000118845,2.617000000000189,2.633700000047611,2.649600000023838,2.666300000012143,2.68380000001207,2.700000000000273,2.7161000000237436,2.7329000000358974,2.750100000023849,2.7666000000240274,2.7829999999999018,2.799600000023929,2.8162000000479566,2.8329000000358064,2.84970000004796,2.86640000003581,2.8829000000359883,2.899600000023838,2.916300000012143,2.9329000000357155,2.950100000024122,2.966900000035821,2.9829000000358974,2.9996000000237473,3.0162000000477747,3.0329000000356245,3.0493000000119537,3.0660000000002583,3.0829000000358064,3.099600000024111]",0.016649462,0.000509717,187.0,left,0.0,,,,,,1.0,0.0,8.0,0.5,1.208725868,-1.0,2.554187598,0.922616612,35.0,0.01134464,0.378665605,0.034694997,0.068673497,0.233172687,6.0,0.937425934,-0.954130142,54.0,-0.000872665,0.390632361,0.034931933,0.073298853,0.195852464,4.0,0.011221631,-0.022441377,19.0,-8.92894e-14,0.366380653,0.037711395,0.069882825,0.280007013,7.0,1.265944603,-0.572624366,96.0,0.002617994,0.429744758,0.028375272,0.064697354,0.217313714,7.0,3.091179749,0.100655066,56.0,0.002617994,0.391878159,0.037400891,0.06461151,0.256914973,6.0,2.369500864,0.999645902,8.0,-0.008726646,0.353798062,0.040824325,0.088208322,0.256820315,6.0,1.560611389,-0.020368467,25.0,0.001745329,0.371739039,0.031180836,0.079221418,0.176784845,4.0,2.713481357,0.75537264,46.0,-8.92894e-14,0.385892478,0.022689461,0.062794509,0.135276835,6.0,0.0,0.0,0.0,0.0,0.0,0.0,0.0,0.0,0.0,0.0,0.0,0.0,0.0,0.0,0.0,0.0,0.0,0.0,0.0,0.0,0.0,0.0,0.0,0.0,0.0,0.0,0.0,0.0,0.0,0.0,0.0,0.0,0.0,0.0,0.0,0.0,,,,,,,0.5509,,0.0,29.0,29.0,29.0,1.0,,,,,,,,,,,,,,,,,,,,,,,,,,,,0
S070,2,2024-11-21_13h14.36.924,MotivatedInference,2024.1.5,Win32,60.24096386,668be8e87e83611e680fb3ab,{{%SESSION_ID%},Chrome,,,,,,,,,,,,,,,,,,,,,,,,,,,,,,0.0,,,,,,,,6.0,,,,,,,,,conditions/conds_121.csv,3.0,1.0,,,,,,,,,2814.466,2817.565,"[0.002399999976205436,0.01610000002392553,0.032300000012128294,0.048699999988002673,0.06560000002400557,0.08219999998800631,0.0996999999883883,0.11580000001185908,0.13230000001203734,0.14889999997649284,0.16560000002391462,0.1821999999883701,0.19969999998829735,0.21560000002409652,0.23219999998809726,0.24900000000025102,0.2660000000000764,0.28219999998827916,0.2988000000118518,0.31560000002400557,0.3321999999880063,0.34889999997631094,0.36550000000033833,0.38230000001203734,0.39900000000034197,0.4163999999764201,0.4325000000003456,0.4490000000000691,0.4656000000240965,0.4823000000119464,0.49880000001212466,0.5156000000238237,0.5321999999882792,0.548899999976129,0.5663000000122338,0.5823000000118554,0.5988999999763109,0.6163999999762382,0.6323999999763146,0.6488000000122156,0.6656999999881918,0.6821999999883701,0.6990000000000691,0.7155000000002474,0.7326999999881991,0.749000000000251,0.7656000000238237,0.7821999999882792,0.798899999976129,0.8156000000240056,0.8330000000000837,0.8488999999763109,0.8656000000241875,0.8831000000241147,0.899000000000342,0.9156000000239146,0.9321999999883701,0.9488000000119428,0.9656999999883737,0.9826999999881991,0.9991999999883774,1.0156000000238237,1.0321999999882792,1.0488000000118518,1.0656000000240056,1.0823000000118554,1.09900000000016,1.1155000000003383,1.1323000000120373,1.1488999999764928,1.1656000000239146,1.18219999998837,1.1996000000240201,1.21630000001187,1.23210000002382,1.2488000000121247,1.266300000012052,1.282699999988381,1.2989999999999782,1.3171999999881336,1.3321999999880063,1.348899999976311,1.3655000000003383,1.3821999999881882,1.399000000000342,1.4155000000000655,1.4323000000122192,1.4496999999882973,1.4656000000240965,1.4821999999880973,1.499000000000251,1.5154999999999745,1.5321999999882792,1.548899999976129,1.5661000000241074,1.5821999999880063,1.598899999976311,1.6161000000238346,1.6325000000001637,1.6488000000122156,1.6656000000239146,1.6823000000122192,1.699500000000171,1.7156000000240965,1.7323000000119464,1.749000000000251,1.7653999999761254,1.7823000000121283,1.7988000000118518,1.8160000000002583,1.8323000000118554,1.848899999976311,1.8655000000003383,1.8821999999881882,1.8996000000238382,1.9163000000121428,1.9323999999764965,1.9490000000000691,1.9656000000240965,1.9828999999763255,1.9991999999883774,2.0154999999999745,2.032199999988279,2.0486999999880027,2.0656000000240056,2.0821999999880063,2.09900000000016,2.1155000000003383,2.132199999988188,2.1491999999880136,2.16639999997642,2.1823000000122192,2.19889999997622,2.2156000000240965,2.2321999999880973,2.249000000000251,2.2656000000238237,2.282199999988279,2.298800000011852,2.3161999999883847,2.332499999999982,2.348899999976311,2.3656000000241875,2.3830000000002656,2.3988000000122156,2.4155000000000655,2.43219999998837,2.44889999997622,2.4655000000002474,2.4821999999880973,2.498899999976402,2.5156000000238237,2.532199999988279,2.548899999976129,2.5656000000240056,2.582100000024184,2.598899999976311,2.6156000000241875,2.632199999988188,2.6498000000119646,2.6661999999882937,2.6823000000122192,2.6996999999882973,2.7156999999883737,2.73210000002382,2.7491000000241,2.7654999999999745,2.782100000024002,2.798899999976129,2.8153999999763073,2.8321999999880063,2.848899999976311,2.8655000000003383,2.8823000000120373,2.8988000000122156,2.9155000000000655,2.93219999998837,2.9488000000119428,2.9656000000240965,2.9823000000119464,2.999600000024202,3.0156000000238237,3.0328999999765074,3.04950000000008,3.0655000000001564,3.0821999999880063,3.0988000000120337]",0.016647312,0.000453799,187.0,left,0.0,,,,,,1.0,0.0,8.0,0.5,1.208725868,-1.0,2.554187598,0.922616612,35.0,0.01134464,0.378665605,0.034694997,0.068673497,0.233172687,6.0,0.937425934,-0.954130142,54.0,-0.000872665,0.390632361,0.034931933,0.073298853,0.195852464,4.0,0.011221631,-0.022441377,19.0,-8.92894e-14,0.366380653,0.037711395,0.069882825,0.280007013,7.0,1.265944603,-0.572624366,96.0,0.002617994,0.429744758,0.028375272,0.064697354,0.217313714,7.0,3.091179749,0.100655066,56.0,0.002617994,0.391878159,0.037400891,0.06461151,0.256914973,6.0,2.369500864,0.999645902,8.0,-0.008726646,0.353798062,0.040824325,0.088208322,0.256820315,6.0,1.560611389,-0.020368467,25.0,0.001745329,0.371739039,0.031180836,0.079221418,0.176784845,4.0,2.713481357,0.75537264,46.0,-8.92894e-14,0.385892478,0.022689461,0.062794509,0.135276835,6.0,0.0,0.0,0.0,0.0,0.0,0.0,0.0,0.0,0.0,0.0,0.0,0.0,0.0,0.0,0.0,0.0,0.0,0.0,0.0,0.0,0.0,0.0,0.0,0.0,0.0,0.0,0.0,0.0,0.0,0.0,0.0,0.0,0.0,0.0,0.0,0.0,,,,,,,0.9361,,0.0,30.0,30.0,30.0,1.0,,,,,,,,,,,,,,,,,,,,,,,,,,,,0
S070,2,2024-11-21_13h14.36.924,MotivatedInference,2024.1.5,Win32,60.24096386,668be8e87e83611e680fb3ab,{{%SESSION_ID%},Chrome,,,,,,,,,,,,,,,,,,,,,,,,,,,,,,0.0,,,,,,,,5.0,,,,,,,,,conditions/conds_121.csv,3.0,1.0,,,,,,,,,2819.5151,2822.5983,"[0.0028999999763072992,0.016699999988304626,0.03300000000035652,0.04979999995248363,0.06650000000036016,0.0830999999643609,0.09979999995266553,0.11639999997623818,0.13300000000026557,0.14969999998811545,0.16639999997642008,0.18309999996426995,0.19969999998829735,0.21639999997614723,0.23309999996445185,0.24979999995230173,0.26650000000017826,0.28350000000000364,0.30079999995268736,0.316399999976511,0.3330000000000837,0.3496999999883883,0.3663999999762382,0.3830000000002656,0.4030999999645246,0.41629999995257094,0.4329999999999927,0.4497999999525746,0.46639999997614723,0.48309999996445185,0.5003999999762527,0.5163999999763291,0.533099999964179,0.5496999999882064,0.5671999999881336,0.5837999999525891,0.6005999999642881,0.6165999999643645,0.6330000000002656,0.6498999999762418,0.6672999999523199,0.6835000000000946,0.6995999999644482,0.7164999999999964,0.7330999999644519,0.7496999999880245,0.7663999999763291,0.783099999964179,0.7997999999524836,0.816399999976511,0.8330999999643609,0.8505000000000109,0.8671999999883155,0.8835000000003674,0.8997999999523927,0.9163999999764201,0.9329999999999927,0.9496999999882973,0.9664999999999964,0.9830000000001746,0.9997999999523017,1.0173999999765329,1.0330000000003565,1.0496999999882064,1.0660999999645355,1.0830000000000837,1.1002999999523126,1.1170000000001892,1.133199999988392,1.1496999999881155,1.16639999997642,1.18309999996427,1.1997999999525746,1.216299999952298,1.2338999999765292,1.2497999999523017,1.26629999995248,1.2830000000003565,1.2996999999882064,1.316399999976511,1.333099999964361,1.3496999999883883,1.36689999997634,1.38359999996419,1.4002999999524945,1.416299999952571,1.4329999999999927,1.4505000000003747,1.4667999999524,1.4830000000001746,1.4996999999880245,1.51629999995248,1.533099999964179,1.5496999999882064,1.5665000000003602,1.583099999964361,1.5996999999883883,1.6163999999762382,1.6330999999645428,1.6496999999881155,1.66729999995232,1.6835000000000946,1.6995999999644482,1.7163999999761472,1.7328999999763255,1.7496999999880245,1.76629999995248,1.783099999964179,1.7996999999882064,1.816299999952662,1.833699999988312,1.8505999999642881,1.8670999999644664,1.883199999988392,1.9003999999763437,1.9171999999880427,1.9329999999999927,1.9505000000003747,1.9667999999524,1.9830000000001746,1.9995999999641754,2.016399999976329,2.0327999999526583,2.049399999976231,2.066299999952662,2.0830000000000837,2.0996999999883883,2.1165000000000873,2.1327999999525673,2.1495999999642663,2.166299999952571,2.18309999996427,2.1997999999525746,2.216299999952298,2.2330000000001746,2.2495999999641754,2.26629999995248,2.2830000000003565,2.2996999999882064,2.316399999976511,2.3330000000000837,2.3502999999523126,2.366399999976238,2.38269999998829,2.3996999999881155,2.416299999952571,2.4329999999999927,2.4492999999524727,2.466199999988021,2.4830000000001746,2.5003999999762527,2.51629999995248,2.5330000000003565,2.5496999999882064,2.566399999976511,2.583099999964361,2.599599999964539,2.6175999999645683,2.6330000000002656,2.6496999999881155,2.666500000000269,2.683599999964372,2.7005000000003747,2.7167999999524,2.733099999964452,2.749500000000353,2.76629999995248,2.7830000000003565,2.7995999999643573,2.816299999952662,2.8330000000000837,2.849599999964539,2.866399999976238,2.8838999999761654,2.9003999999763437,2.916299999952571,2.9328999999761436,2.9508999999761727,2.9671999999882246,2.9830000000001746,2.9996999999880245,3.01629999995248,3.0330000000003565,3.0501999999883083,3.066299999952662,3.0830000000000837]",0.016649189,0.000569696,186.0,left,1.0,,,,,,1.0,0.0,8.0,0.5,4.402607407,1.0,0.166029314,-0.325989891,81.0,-0.006981317,0.409724184,0.034267936,0.062711279,0.215248408,5.0,2.586959261,0.895372412,81.0,-0.006981317,0.409724184,0.034267936,0.062711279,0.215248408,5.0,2.721915904,0.744211449,3.0,0.001745329,0.342027877,0.030569748,0.094119191,0.219456558,8.0,1.958994026,0.700712295,1.0,-0.007853982,0.332308035,0.049961894,0.10302439,0.316973442,6.0,2.929706274,0.411202407,2.0,0.008726646,0.338473989,0.032964075,0.086271212,0.185208292,4.0,1.796053009,0.435427734,99.0,-0.003490659,0.442500629,0.032492338,0.059723416,0.160754516,4.0,1.995322964,0.750655245,40.0,0.001745329,0.381763748,0.031902579,0.075140032,0.211660484,6.0,2.685358902,0.791015755,5.0,-0.004363323,0.3477587,0.034233339,0.078408596,0.194188261,5.0,0.0,0.0,0.0,0.0,0.0,0.0,0.0,0.0,0.0,0.0,0.0,0.0,0.0,0.0,0.0,0.0,0.0,0.0,0.0,0.0,0.0,0.0,0.0,0.0,0.0,0.0,0.0,0.0,0.0,0.0,0.0,0.0,0.0,0.0,0.0,0.0,,,,,,,0.618,,0.0,31.0,31.0,31.0,1.0,,,,,,,,,,,,,,,,,,,,,,,,,,,,0
S070,2,2024-11-21_13h14.36.924,MotivatedInference,2024.1.5,Win32,60.24096386,668be8e87e83611e680fb3ab,{{%SESSION_ID%},Chrome,,,,,,,,,,,,,,,,,,,,,,,,,,,,,,0.0,,,,,,,,4.0,,,,,,,,,conditions/conds_121.csv,3.0,1.0,,,,,,,,,2824.2156,2825.9483,"[0.0018999999761035724,0.015599999963797018,0.03239999997595078,0.049099999963800656,0.06579999995210528,0.08249999999998181,0.09909999996398255,0.11579999995228718,0.13239999997585983,0.14979999995193793,0.16619999998783896,0.18239999997604173,0.19959999996399347,0.21699999999964348,0.232499999999618,0.24889999997594714,0.26569999998764615,0.2823999999759508,0.2991999999876498,0.3157999999521053,0.3328999999757798,0.3494999999998072,0.3657999999522872,0.38249999999970896,0.39909999996416445,0.4156999999877371,0.43419999998786807,0.4490999999638916,0.4659999999998945,0.482499999999618,0.5000999999638225,0.516199999987748,0.5335000000000036,0.5494999999996253,0.565699999987828,0.5824999999999818,0.5987999999520071,0.6157999999522872,0.632499999999709,0.6495999999638116,0.6658999999758635,0.6824999999998909,0.6997999999521198,0.7157999999521962,0.732499999999618,0.7498999999761509,0.7657999999519234,0.7824999999997999,0.7997999999520289,0.815699999987828,0.8324999999999818,0.8495999999640844,0.8655999999641608,0.8822999999520107,0.8991999999880136,0.9157999999520143,0.9324999999998909,0.9490999999638916,0.966699999987668,0.9823999999757689,0.9990999999640735,1.0157999999519234,1.0327999999522035,1.0490999999638007,1.065699999987828,1.0824999999999818,1.0990999999639826,1.1165999999639098,1.1331999999879372,1.149499999999989,1.1665999999640917,1.1823999999760417,1.1991999999877407,1.2164999999999964,1.233099999963997,1.2494999999998981,1.2657999999519234,1.283099999964179,1.2993999999757762,1.3158999999759544,1.3320999999641572,1.3489999999997053,1.36569999998801,1.3831999999879372,1.399799999951938,1.4157999999520143,1.4323999999760417,1.4490999999638916,1.4657999999521962,1.4832999999521235,1.4998999999761509,1.5157999999519234,1.5323999999759508,1.549299999951927,1.5662999999522071,1.5822999999522835,1.5990999999639826,1.61569999998801,1.6322999999520107,1.6490999999641645,1.6657999999520143,1.682599999964168,1.6997999999521198,1.7157999999521962,1.732499999999618]",0.016640385,0.000575713,105.0,right,0.0,,,,,,2.0,0.0,4.0,0.5,0.621158266,-1.0,1.659606271,0.176687411,32.0,0.007853982,0.376580194,0.027808234,0.064839678,0.152904525,6.0,0.907746086,-0.970211055,67.0,0.000872665,0.398829923,0.040120187,0.066830121,0.198372452,4.0,1.784908591,0.415256303,81.0,-0.006981317,0.409724184,0.034267936,0.062711279,0.215248408,5.0,2.339246811,0.999425607,82.0,0.004363323,0.410673221,0.022643594,0.062174001,0.106425045,4.0,0.0,0.0,0.0,0.0,0.0,0.0,0.0,0.0,0.0,0.0,0.0,0.0,0.0,0.0,0.0,0.0,0.0,0.0,0.0,0.0,0.0,0.0,0.0,0.0,0.0,0.0,0.0,0.0,0.0,0.0,0.0,0.0,0.0,0.0,0.0,0.0,0.0,0.0,0.0,0.0,0.0,0.0,0.0,0.0,0.0,0.0,0.0,0.0,0.0,0.0,0.0,0.0,0.0,0.0,0.0,0.0,0.0,0.0,0.0,0.0,0.0,0.0,0.0,0.0,0.0,0.0,0.0,0.0,0.0,0.0,0.0,0.0,,,,,,,0.5515,,0.0,32.0,32.0,32.0,1.0,,,,,,,,,,,,,,,,,,,,,,,,,,,,0
S070,2,2024-11-21_13h14.36.924,MotivatedInference,2024.1.5,Win32,60.24096386,668be8e87e83611e680fb3ab,{{%SESSION_ID%},Chrome,,,,,,,,,,,,,,,,,,,,,,,,,,,,,,0.0,,,,,,,,7.0,,,,,,,,,conditions/conds_121.csv,3.0,1.0,,,,,,,,,2827.4822,2830.5654,"[0.002900000035879202,0.015800000011950033,0.03249999999979991,0.04919999998810454,0.06660000002375455,0.08319999998821004,0.09999999999990905,0.11610000002383458,0.13260000002401284,0.15000000000009095,0.16580000001204098,0.18280000001186636,0.19969999998829735,0.21580000001176813,0.23280000001204826,0.24949999999989814,0.26580000001195003,0.2833000000118773,0.29950000000008004,0.31580000001213193,0.3334000000359083,0.34930000001213557,0.3658000000118591,0.3834999999999127,0.3999000000358137,0.4159000000358901,0.4331999999881191,0.4499000000359956,0.4659999999998945,0.48280000001204826,0.4991000000236454,0.51580000001195,0.5324000000359774,0.5491000000238273,0.5658000000121319,0.5824999999999818,0.5999000000356318,0.6161999999881118,0.6325000000001637,0.6491999999880136,0.6656999999881918,0.6831000000238419,0.6998000000121465,0.7166000000238455,0.7326000000239219,0.7493000000117718,0.7668000000121538,0.7829000000356245,0.7998000000120555,0.8161000000236527,0.8324000000357046,0.8491000000240092,0.8658000000118591,0.8824000000358865,0.9001000000239401,0.9164999999998145,0.9328000000118664,0.9491000000239183,0.9658000000117681,0.9824000000357955,0.9999000000357228,1.0166999999883046,1.0329000000356245,1.0489999999999782,1.065800000012132,1.0823000000118554,1.0991000000240092,1.115800000011859,1.1324000000358865,1.1491000000237364,1.1664999999998145,1.18260000002374,1.1991999999881955,1.2158000000117681,1.233199999988301,1.2501000000238491,1.2659000000357992,1.2824000000359774,1.2996000000239292,1.31619999998793,1.3323000000118554,1.3491000000240092,1.365800000011859,1.3825000000001637,1.3991999999880136,1.415800000012041,1.4333000000119682,1.449500000000171,1.465699999987919,1.4824000000357955,1.4991000000236454,1.5166999999883046,1.5331999999880281,1.5496999999882064,1.5656999999882828,1.5824000000357046,1.6001000000237582,1.6159999999999854,1.6324000000358865,1.649499999999989,1.665800000012041,1.6824000000356136,1.7001000000236672,1.715699999987919,1.7324000000357955,1.7491000000236454,1.765699999988101,1.7824999999998,1.7991999999881045,1.8156999999882828,1.8324999999999818,1.8499000000356318,1.865800000011859,1.8824000000358865,1.8996999999881155,1.916900000035639,1.93260000002374,1.9491999999881955,1.9664999999999964,1.9825000000000728,1.9991999999879226,2.01580000001195,2.033100000023751,2.049600000023929,2.065800000012132,2.082499999999982,2.0991999999882864,2.115800000011859,2.1324000000358865,2.1491999999880136,2.1664999999998145,2.182499999999891,2.1991000000239183,2.215699999987919,2.2324000000357955,2.2489999999997963,2.26580000001195,2.2824000000359774,2.2991000000238273,2.315800000012132,2.3324000000357046,2.34900000000016,2.36640000003581,2.3833000000117863,2.3999000000358137,2.415800000012041,2.432499999999891,2.4491000000239183,2.4659000000356173,2.4825000000000728,2.4991000000236454,2.51580000001195,2.5324000000359774,2.5498000000120555,2.565800000012132,2.5823000000118554,2.59900000000016,2.6156000000237327,2.6323000000120373,2.6491000000237364,2.6666000000236636,2.683199999988119,2.6991000000239183,2.715800000011768,2.7328000000120483,2.7498000000118736,2.765699999988101,2.7824999999998,2.7991000000238273,2.815800000012132,2.832499999999982,2.8493000000121356,2.86569999998801,2.8824000000358865,2.899400000035712,2.9161999999882937,2.93260000002374,2.9491000000239183,2.965699999987919,2.9825000000000728,2.999400000035621,3.015699999988101,3.0324999999998,3.0491000000238273,3.065699999988283,3.0830000000000837]",0.016649189,0.000510444,186.0,left,1.0,,,,,,2.0,0.0,8.0,0.5,-2.366298596,-1.0,1.584506234,0.027416379,86.0,-0.01134464,0.414570186,0.03611148,0.064685839,0.099529567,3.0,2.667961309,0.811820212,22.0,-0.006108652,0.369173441,0.034771665,0.081264392,0.215269419,6.0,0.317458606,-0.593110862,4.0,0.001745329,0.345391377,0.044661649,0.086491224,0.292502374,6.0,1.611146047,0.080611877,60.0,0.008726646,0.394321176,0.024708435,0.063628191,0.162696287,6.0,1.582052793,0.022511031,34.0,-0.01134464,0.377900669,0.035623555,0.066078969,0.222301383,5.0,1.00095433,-0.908501488,11.0,-0.013089969,0.357861323,0.044486954,0.075207378,0.243622836,5.0,0.642437187,-0.959402031,36.0,0.002617994,0.379263044,0.03913601,0.077664539,0.168574417,3.0,1.065032163,-0.847643713,4.0,0.001745329,0.345391377,0.044661649,0.086491224,0.292502374,6.0,0.0,0.0,0.0,0.0,0.0,0.0,0.0,0.0,0.0,0.0,0.0,0.0,0.0,0.0,0.0,0.0,0.0,0.0,0.0,0.0,0.0,0.0,0.0,0.0,0.0,0.0,0.0,0.0,0.0,0.0,0.0,0.0,0.0,0.0,0.0,0.0,,,,,,,0.4133,,0.0,33.0,33.0,33.0,1.0,,,,,,,,,,,,,,,,,,,,,,,,,,,,0
S070,2,2024-11-21_13h14.36.924,MotivatedInference,2024.1.5,Win32,60.24096386,668be8e87e83611e680fb3ab,{{%SESSION_ID%},Chrome,,,,,,,,,,,,,,,,,,,,,,,,,,,,,,0.0,,,,,,,,12.0,,,,,,,,,conditions/conds_121.csv,3.0,1.0,,,,,,,,,2831.9816,2836.4154,"[0.0035000000002582965,0.017099999964557355,0.033099999964179005,0.0500000000001819,0.06679999995230901,0.0827999999523854,0.0993999999764128,0.11729999995259277,0.13319999998839194,0.14969999998811545,0.16639999997642008,0.18299999999999272,0.19969999998829735,0.2162999999522981,0.23300000000017462,0.24959999996417537,0.2663999999763291,0.28369999998813,0.29989999997633277,0.3162999999526619,0.33359999996446277,0.34979999995266553,0.36629999995238904,0.3830000000002656,0.39969999998811545,0.4170000000003711,0.4329999999999927,0.4495999999644482,0.46709999996437546,0.4828999999763255,0.49959999996417537,0.51629999995248,0.5330000000003565,0.5495999999643573,0.5672999999524109,0.58319999998821,0.5995999999645392,0.616299999952389,0.6328999999764164,0.6500999999643682,0.6662999999525709,0.6829999999999927,0.7005000000003747,0.7162999999522981,0.7335999999645537,0.7495999999641754,0.76629999995248,0.7830000000003565,0.7996999999882064,0.8162999999526619,0.8330999999643609,0.8496999999883883,0.866299999952389,0.8828999999764164,0.8994999999999891,0.9170999999641936,0.9337999999524982,0.9496999999882973,0.9662999999522981,0.9830000000001746,0.9996999999880245,1.01629999995248,1.0328999999765074,1.0496999999882064,1.0661999999883847,1.0828999999762345,1.0995999999645392,1.116299999952389,1.1328999999764164,1.1496999999881155,1.1661999999882937,1.1829999999999927,1.2005000000003747,1.216299999952298,1.2328999999763255,1.2497999999523017,1.26629999995248,1.2830000000003565,1.2996999999882064,1.3161999999883847,1.3335999999644628,1.3501999999880354,1.3665000000000873,1.3830000000002656,1.3995999999642663,1.416299999952571,1.4327999999522945,1.4496999999882973,1.4670999999643755,1.4828999999763255,1.4995999999641754,1.5161999999882028,1.5338999999762564,1.5500999999644591,1.566299999952662,1.5830000000000837,1.6007999999524145,1.616299999952389,1.6340999999642918,1.6496999999881155,1.666299999952571,1.6829999999999927,1.70009999996455,1.716899999976249,1.7330000000001746,1.7495999999641754,1.7661999999882028,1.7830000000003565,1.79950000000008,1.816299999952662,1.8330000000000837,1.8495999999645392,1.866299999952389,1.8828999999764164,1.9005000000001928,1.917000000000371,1.9337999999524982,1.9495999999644482,1.966299999952298,1.9830000000001746,1.9995999999641754,2.0161999999882028,2.033099999964179,2.0495999999643573,2.066899999976158,2.0830000000000837,2.099599999964539,2.116299999952389,2.13269999998829,2.1495999999642663,2.1661999999882937,2.1828999999761436,2.2002999999526764,2.216299999952298,2.2340000000003783,2.250500000000102,2.2661999999882028,2.28369999998813,2.3002999999525855,2.316299999952662,2.3328999999762345,2.3502999999523126,2.366399999976238,2.3828999999764164,2.3995999999642663,2.417500000000018,2.4328999999761436,2.449599999964448,2.466299999952298,2.4835999999645537,2.499899999976151,2.51629999995248,2.5328999999765074,2.5495999999643573,2.566299999952662,2.5830000000000837,2.5996999999883883,2.616299999952389,2.6330000000002656,2.649499999999989,2.6661999999882937,2.6835000000000946,2.699599999964448,2.716299999952298,2.7330000000001746,2.749500000000353,2.76629999995248,2.78369999998813,2.7996999999882064,2.8161999999883847,2.832699999988108,2.8496999999883883,2.866299999952389,2.8830000000002656,2.899499999999989,2.917000000000371,2.9340000000001965,2.949599999964448,2.966299999952298,2.9828999999763255,2.9995999999641754,3.01629999995248,3.0330000000003565,3.0495999999643573,3.066299999952662,3.08319999998821,3.100000000000364,3.116299999952389,3.13269999998829,3.1495999999642663,3.166299999952571,3.183699999988221,3.2003999999765256,3.216199999988021,3.2335000000002765,3.2495999999641754,3.2661999999882028,3.2838999999762564,3.3005000000002838,3.3170999999642845,3.3328999999762345,3.349599999964539,3.366199999988112,3.3828999999764164,3.3997999999523927,3.416299999952571,3.4328999999761436,3.45009999996455,3.4666999999881227,3.4830000000001746,3.4992999999526546,3.51629999995248,3.5328999999765074,3.54950000000008,3.5661999999883847,3.5828999999762345,3.599599999964539,3.616199999988112,3.633699999988039,3.6495999999642663,3.6661999999882937,3.6828999999761436,3.7002999999526764,3.716299999952298,3.7328999999763255,3.7495999999641754,3.76629999995248,3.7827999999526583,3.8001999999883083,3.816299999952662,3.835399999976289,3.849500000000262,3.866199999988112,3.8828999999764164,3.899299999952291,3.9160000000001673,3.9329999999999927,3.949599999964448,3.966199999988021,3.9830000000001746,3.9995999999641754,4.01700000000028,4.03369999998813,4.049599999964357,4.0670999999642845,4.0828999999762345,4.100199999988035,4.11689999997634,4.133199999988392,4.1502999999524945,4.166299999952571,4.183299999952396,4.20009999996455,4.216099999964172,4.2328999999763255,4.249500000000353,4.266199999988203,4.2830000000003565,4.300500000000284,4.316699999988032,4.333000000000084,4.349599999964539,4.366199999988112,4.382899999976416,4.399599999964266,4.416199999988294,4.433599999964372]",0.016654511,0.000532054,267.0,right,1.0,,,,,,2.0,0.0,12.0,0.5,-3.669902254,1.0,2.709969722,0.759956289,14.0,-0.004363323,0.361562951,0.033827978,0.08680928,0.200727788,5.0,1.667267885,0.191748225,60.0,0.008726646,0.394321176,0.024708435,0.063628191,0.162696287,6.0,0.995137876,-0.913301087,80.0,0.000872665,0.408817555,0.034279956,0.069360427,0.160822937,4.0,0.43558462,-0.765082372,16.0,0.017453293,0.363466057,0.031192723,0.069909496,0.180964939,5.0,0.547359516,-0.888799517,50.0,-0.003490659,0.388365859,0.031859869,0.061653869,0.235670302,6.0,1.192543977,-0.686383722,54.0,-0.000872665,0.390632361,0.034931933,0.073298853,0.195852464,4.0,0.244907054,-0.470461861,54.0,-0.000872665,0.390632361,0.034931933,0.073298853,0.195852464,4.0,1.227859719,-0.633349005,35.0,0.01134464,0.378665605,0.034694997,0.068673497,0.233172687,6.0,1.475610082,-0.189224667,56.0,0.002617994,0.391878159,0.037400891,0.06461151,0.256914973,6.0,1.383825296,-0.365287905,49.0,-0.003490659,0.387690152,0.036925942,0.073283012,0.194967171,5.0,2.629797908,0.853981145,45.0,0.006108652,0.385245638,0.032702855,0.065559913,0.166419284,5.0,1.271368413,-0.563697778,34.0,-0.01134464,0.377900669,0.035623555,0.066078969,0.222301383,5.0,,,,,,,0.5493,,0.0,34.0,34.0,34.0,1.0,,,,,,,,,,,,,,,,,,,,,,,,,,,,0
S070,2,2024-11-21_13h14.36.924,MotivatedInference,2024.1.5,Win32,60.24096386,668be8e87e83611e680fb3ab,{{%SESSION_ID%},Chrome,,,,,,,,,,,,,,,,,,,,,,,,,,,,,,0.0,,,,,,,,11.0,,,,,,,,,conditions/conds_121.csv,3.0,1.0,,,,,,,,,2837.9648,2842.4313,"[0.00359999996408078,0.01639999997587438,0.03289999997605264,0.0496999999882064,0.06639999997605628,0.08300000000008367,0.09959999996408442,0.11630000001196095,0.13369999998803905,0.15019999998821731,0.16680000001178996,0.18369999998822095,0.1996999999878426,0.21639999997614723,0.2339999999999236,0.24959999996417537,0.2663000000120519,0.2829999999999018,0.29959999996435727,0.31630000001177905,0.3330000000000837,0.3495999999640844,0.3663999999762382,0.3829999999998108,0.3995999999642663,0.4173000000118918,0.4329999999999927,0.45049999999991996,0.46630000001187,0.4829999999997199,0.49959999996417537,0.5163000000120519,0.5329999999999018,0.5495999999643573,0.566300000011779,0.5828999999762345,0.5998000000117827,0.616300000011961,0.633699999988039,0.6496999999881155,0.6663000000116881,0.6829999999999927,0.6998000000116917,0.7163999999761472,0.7329999999997199,0.7495999999641754,0.7663000000120519,0.7829999999999018,0.7996999999882064,0.816300000011779,0.8330000000000837,0.8494999999998072,0.8663999999762382,0.8829999999998108,0.8995999999642663,0.9163000000116881,0.9340999999640189,0.9503000000117936,0.96630000001187,0.9830999999639971,0.9995999999641754,1.016300000012052,1.0338000000119791,1.0495999999643573,1.0663999999760563,1.0830000000000837,1.099999999999909,1.116300000011961,1.1338000000118882,1.1498999999762418,1.1663999999759653,1.1828999999761436,1.1996999999878426,1.2170000000000982,1.2329999999997199,1.2496999999880245,1.266300000012052,1.2829999999999018,1.2996999999882064,1.3163999999760563,1.3330000000000837,1.3495999999640844,1.3670999999640117,1.383699999988039,1.3995999999642663,1.4163999999759653,1.43309999996427,1.4496999999878426,1.4665999999642736,1.4833000000116954,1.4994999999998981,1.516300000012052,1.5328999999760526,1.5496999999882064,1.566300000011779,1.5838000000117063,1.6000999999641863,1.6163999999762382,1.633099999964088,1.6495999999642663,1.666300000011688,1.68309999996427,1.70049999999992,1.716899999976249,1.7329999999997199,1.7495999999641754,1.7663999999758744,1.7829999999999018,1.7998000000120555,1.8176999999882355,1.83319999998821,1.849399999975958,1.8663999999762382,1.8829999999998108,1.8996999999881155,1.916300000011688,1.93309999996427,1.9498000000116917,1.9663999999761472,1.9838000000117972,1.9996999999880245,2.0163999999758744,2.0329999999999018,2.0495999999643573,2.0663999999760563,2.0838000000117063,2.0995999999640844,2.116300000011961,2.133099999964088,2.1496999999881155,2.1663999999759653,2.1829999999999927,2.1996999999878426,2.2166999999881227,2.233699999987948,2.2501999999881264,2.2670999999641026,2.283800000011979,2.3003000000117027,2.316899999976158,2.3330000000000837,2.3496999999879336,2.366300000011961,2.382999999999811,2.3995999999642663,2.416300000011688,2.4326999999880172,2.4496999999878426,2.4670999999643755,2.48299999999972,2.4998000000118736,2.516300000012052,2.53369999998813,2.5505999999641062,2.5664999999999054,2.5830000000000837,2.5996999999879336,2.616399999976238,2.633099999964088,2.6498000000119646,2.66609999996399,2.68309999996427,2.6996999999878426,2.71630000001187,2.733099999963997,2.7503999999762527,2.7663999999758744,2.783099999964179,2.7996999999882064,2.816300000011779,2.8338000000117063,2.849999999999909,2.866399999976238,2.882999999999811,2.8998000000119646,2.9163999999759653,2.9329999999999927,2.949399999975867,2.9664999999999964,2.98299999999972,2.9996999999880245,3.017300000011801,3.033800000011979,3.0496999999882064,3.066300000011779,3.0828999999762345,3.0996999999879336,3.116300000011961,3.133099999964088,3.149499999999989,3.1663999999759653,3.1838999999758926,3.20049999999992,3.2163999999761472,3.233099999963997,3.2506999999882282,3.266300000012052,3.2829999999999018,3.2996999999882064,3.3163999999760563,3.3330000000000837,3.3496999999879336,3.366300000011961,3.382999999999811,3.3996999999881155,3.4163999999759653,3.43380000001207,3.450399999976071,3.46630000001187,3.48299999999972,3.4995999999641754,3.5163999999758744,3.5329999999999018,3.5495999999643573,3.5665999999641826,3.5830000000000837,3.5995999999640844,3.616300000011961,3.6328999999759617,3.6496999999881155,3.6663999999759653,3.6829999999999927,3.6996999999878426,3.7171999999882246,3.73299999999972,3.7496999999880245,3.766300000012052,3.7829999999999018,3.7996999999882064,3.81619999998793,3.8338999999759835,3.8496999999879336,3.8660999999642627,3.883099999964088,3.900399999975889,3.9164999999998145,3.9329999999999927,3.949399999975867,3.9670000000000982,3.9833999999759726,3.9995999999641754,4.016399999975874,4.032899999976053,4.049699999988206,4.066399999976056,4.083000000000084,4.0996999999879336,4.116399999976238,4.132999999999811,4.150399999975889,4.167099999964194,4.182999999999993,4.1995999999639935,4.21630000001187,4.23299999999972,4.250099999964277,4.266399999975874,4.282800000011775,4.299699999988206,4.316399999976056,4.333000000000084,4.349599999964084,4.366300000011961,4.382999999999811,4.399599999964266,4.416399999975965,4.432999999999993,4.449699999987843,4.46630000001187]",0.016651866,0.000460812,269.0,right,1.0,,,,,,2.0,0.0,12.0,0.5,-0.410209908,1.0,0.396602173,-0.712604986,11.0,-0.013089969,0.357861323,0.044486954,0.075207378,0.243622836,5.0,2.960662994,0.354013754,98.0,-0.003490659,0.436582054,0.033239272,0.083554428,0.196244723,5.0,1.229431061,-0.630913864,49.0,-0.003490659,0.387690152,0.036925942,0.073283012,0.194967171,5.0,0.80875129,-0.998909461,82.0,0.004363323,0.410673221,0.022643594,0.062174001,0.106425045,4.0,0.907661611,-0.970251971,31.0,0.004363323,0.375872077,0.0344646,0.07529372,0.228193104,6.0,0.671295169,-0.974073822,85.0,0.003490659,0.413672168,0.024690997,0.064801949,0.114487367,4.0,1.935422602,0.666312468,18.0,-0.008726646,0.365457086,0.031782524,0.075683607,0.153768306,4.0,2.036678866,0.802673915,41.0,0.013089969,0.382506884,0.032100804,0.075836611,0.218324429,6.0,1.873668029,0.56937337,96.0,0.002617994,0.429744758,0.028375272,0.064697354,0.217313714,7.0,1.405641352,-0.324336239,95.0,-0.003490659,0.427246221,0.028411926,0.064304978,0.203029515,6.0,2.59914806,0.884251669,91.0,0.001745329,0.420659204,0.046109782,0.086244352,0.261967492,5.0,2.552052539,0.924255258,10.0,-0.004363323,0.356575755,0.034939804,0.084929929,0.233599272,6.0,,,,,,,0.4151,,0.0,35.0,35.0,35.0,1.0,,,,,,,,,,,,,,,,,,,,,,,,,,,,0
S070,2,2024-11-21_13h14.36.924,MotivatedInference,2024.1.5,Win32,60.24096386,668be8e87e83611e680fb3ab,{{%SESSION_ID%},Chrome,,,,,,,,,,,,,,,,,,,,,,,,,,,,,,-1.0,,,,,,,,10.0,,,,,,,,,conditions/conds_177.csv,4.0,1.0,,,,,,,,,2846.5352,2850.9644,"[0.0034000000359810656,0.016300000012051896,0.02930000001197186,0.05040000003600653,0.0628000000119755,0.08390000003601017,0.09619999998813,0.11700000000018917,0.12950000000000728,0.15160000002379093,0.16290000003573368,0.18230000001221924,0.19610000002376182,0.21240000003581372,0.23310000002402376,0.24660000002404558,0.26619999998820276,0.2826000000241038,0.29590000003599926,0.31230000001187364,0.33410000002413653,0.3501000000237582,0.36360000002378,0.38260000002401284,0.39940000003571186,0.41249999999990905,0.4291999999882137,0.4486999999880936,0.4676000000240492,0.47960000002376546,0.4989000000359738,0.5125000000002728,0.5320000000001528,0.5458000000121501,0.5624000000357228,0.5799000000361048,0.6001999999880354,0.6134000000361084,0.6331999999883919,0.6465000000002874,0.662499999999909,0.683699999988221,0.6991999999881955,0.7158000000122229,0.7291999999883956,0.7459000000358174,0.7625000000002728,0.7825000000002547,0.7960000000002765,0.8154000000358792,0.8324000000357046,0.8486000000239073,0.8664000000358101,0.8799000000358319,0.8988000000122156,0.9169999999999163,0.9291000000239364,0.9496000000240201,0.9634000000360174,0.9819999999999709,0.9963000000120701,1.0166000000240274,1.029400000035821,1.0488000000118518,1.0625,1.0791000000240274,1.0958000000118773,1.1124000000359047,1.133300000012241,1.1466000000241365,1.1661000000240165,1.1801999999884174,1.200100000024122,1.2130000000001928,1.231999999999971,1.245699999988119,1.2665000000001783,1.2800000000002,1.2986000000241802,1.3124000000357228,1.33319999998821,1.3466000000239546,1.365300000012212,1.3826000000240128,1.39850000000024,1.4155000000000655,1.4291000000239364,1.445800000012241,1.462500000000091,1.4801000000238673,1.4991000000241002,1.5125000000002728,1.5291999999881227,1.5466000000237727,1.56690000003573,1.5799000000361048,1.5989000000358828,1.6131999999884101,1.6339000000357373,1.646300000012161,1.6653000000119391,1.6826999999880172,1.69840000003569,1.71260000002394,1.7333000000121501,1.7464000000359192,1.7654000000356973,1.7791000000238455,1.798500000000331,1.8125,1.8291999999883046,1.8486999999881846,1.8633000000122593,1.883300000012241,1.8958000000120592,1.9156000000239146,1.9316999999882682,1.9466000000238637,1.9656000000240965,1.9791999999883956,2.0004000000358246,2.01299999999992,2.0335000000000036,2.0466000000237727,2.0664999999999054,2.0799000000361048,2.099500000000262,2.1161000000238346,2.1291000000237545,2.145800000012059,2.162100000024111,2.1845000000002983,2.196300000011888,2.215300000012121,2.2291000000241183,2.248400000035872,2.2624000000359956,2.2791000000238455,2.29580000001215,2.3124000000357228,2.3291000000240274,2.348500000000058,2.3626999999883083,2.3831000000241147,2.399499999999989,2.4124000000360866,2.4291000000239364,2.44960000002402,2.4633000000121683,2.4834000000359993,2.4959000000358174,2.5151000000241766,2.5291000000238455,2.54580000001215,2.5660000000002583,2.5791000000240274,2.5988000000120337,2.612500000000182,2.6319000000357846,2.6465000000002874,2.6651000000238128,2.6791000000239364,2.6965000000000146,2.716400000035719,2.730000000000018,2.7504000000358246,2.76700000000028,2.779300000011972,2.8005000000002838,2.813000000000102,2.832499999999982,2.8465000000001055,2.8656000000241875,2.882800000012139,2.89850000000024,2.9126999999880354,2.9318000000121174,2.950199999988399,2.9633000000121683,2.9818000000118445,2.9958000000119682,3.012500000000273,3.0298000000120737,3.0486999999880027,3.065900000035981,3.08390000003601,3.0986999999881846,3.1124000000359047,3.1329000000359883,3.1461000000240347,3.165300000011939,3.1796000000240383,3.198900000035792,3.2124000000358137,3.2339999999999236,3.2459000000358174,3.265300000011848,3.2835000000000036,3.29580000001215,3.31530000001203,3.3291000000240274,3.348400000035781,3.3623000000120555,3.3791000000237545,3.3989000000360647,3.4123000000122374,3.4326999999880172,3.4464000000357373,3.4666000000238455,3.479400000036094,3.4986999999882755,3.5156000000238237,3.5291000000238455,3.545699999988301,3.5631999999882282,3.5840000000002874,3.596699999988232,3.6151000000240856,3.6291000000237545,3.645800000012059,3.6649999999999636,3.6791999999882137,3.695800000012241,3.7161000000241984,3.733699999988403,3.7458000000119682,3.7654000000356973,3.782699999988381,3.79950000000008,3.816400000036083,3.8296000000241293,3.848500000000058,3.8630000000002838,3.88430000001199,3.8991999999880136,3.9161000000240165,3.9296000000240383,3.950600000023769,3.966800000011972,3.9794999999999163,3.9996999999880245,4.016000000000076,4.031900000035876,4.045699999988301,4.0625,4.082000000000335,4.098699999988185,4.1123000000120555,4.1318000000119355,4.146500000000287,4.166999999999916,4.179900000036014,4.199000000000069,4.2166000000238455,4.2296000000237655,4.250100000023849,4.262400000035996,4.283600000023853,4.295900000035999,4.315199999988181,4.329100000024027,4.345699999988028,4.363300000012259,4.379699999988134,4.3986999999883665,4.412499999999909,4.429000000000087]",0.016637594,0.002863738,267.0,right,1.0,,,,,,1.0,0.0,12.0,0.5,3.923685315,-1.0,1.118965793,-0.78559741,84.0,-0.002617994,0.412727296,0.032139903,0.078825818,0.191863964,5.0,2.904392062,0.456805841,18.0,-0.008726646,0.365457086,0.031782524,0.075683607,0.153768306,4.0,0.002769694,-0.00553936,12.0,0.006981317,0.359228273,0.039160557,0.080955667,0.284615847,7.0,2.73388612,0.728008846,58.0,-8.92894e-14,0.393104459,0.040573715,0.076987883,0.227814169,5.0,2.238424159,0.97238831,88.0,0.001745329,0.416906428,0.03407937,0.068935353,0.194962658,5.0,1.729499195,0.312102938,2.0,0.008726646,0.338473989,0.032964075,0.086271212,0.185208292,4.0,1.962070227,0.705088401,43.0,0.004363323,0.383893371,0.033132061,0.062242434,0.239996947,6.0,2.323511968,0.997864466,100.0,-0.001745329,0.484835711,0.035177462,0.059949939,0.178411257,4.0,1.853994222,0.536594162,68.0,0.009599311,0.399449425,0.031951263,0.065393928,0.165147664,5.0,1.221974717,-0.642413335,85.0,0.003490659,0.413672168,0.024690997,0.064801949,0.114487367,4.0,1.432679777,-0.272733495,47.0,-0.003490659,0.386485672,0.032547094,0.064121381,0.201087455,6.0,2.556123915,0.921115951,19.0,-8.92894e-14,0.366380653,0.037711395,0.069882825,0.280007013,7.0,,,,,,,0.5013,,0.0,0.0,0.0,0.0,1.0,2843.2,2844.7982,,,,,,,,,,,,,,,,,,,,,,,,,,0
S070,2,2024-11-21_13h14.36.924,MotivatedInference,2024.1.5,Win32,60.24096386,668be8e87e83611e680fb3ab,{{%SESSION_ID%},Chrome,,,,,,,,,,,,,,,,,,,,,,,,,,,,,,-1.0,,,,,,,,12.0,,,,,,,,,conditions/conds_177.csv,4.0,1.0,,,,,,,,,2852.4684,2856.9006,"[0.003200000047854701,0.016600000024027395,0.032000000000152795,0.045900000035999255,0.06530000001203007,0.0791000000240274,0.09670000004780377,0.11700000000018917,0.12920000004760368,0.14580000001205917,0.16670000004796748,0.1799000000360138,0.19970000004786925,0.21320000004789108,0.22920000004796748,0.25,0.26749999999992724,0.2797000000477965,0.30020000004788017,0.31260000002384913,0.33199999999987995,0.3458000000118773,0.36530000001221197,0.3819000000357846,0.39580000001205917,0.41249999999990905,0.4292000000477856,0.44620000004761096,0.46610000002374363,0.4801000000238673,0.49980000001187364,0.5133000000118955,0.5321000000240019,0.5459000000359993,0.5625,0.5791000000240274,0.598400000035781,0.6134000000356536,0.6339000000357373,0.6460000000001855,0.6656000000239146,0.6798000000121647,0.6999000000359956,0.7133000000121683,0.7319000000356937,0.7458000000119682,0.7657000000476728,0.7799000000359229,0.8004000000360065,0.8133000000120774,0.8319000000360575,0.8464000000358283,0.8657000000475819,0.8791000000237545,0.8958000000120592,0.9133000000119864,0.9331000000238419,0.9488000000119428,0.9635000000002947,0.9834000000359993,0.9963000000120701,1.0174999999999272,1.0325000000002547,1.045700000047873,1.0654000000358792,1.082100000023729,1.0985000000000582,1.1124000000359047,1.13430000001199,1.1469000000356573,1.1663000000121428,1.1798000000121647,1.199500000000171,1.2134000000360174,1.231999999999971,1.2458000000119682,1.262600000024122,1.282700000047953,1.2967000000476219,1.3124000000357228,1.3293000000121538,1.3458000000118773,1.3665000000000873,1.3820000000000618,1.3958000000120592,1.412499999999909,1.4299000000360138,1.4498000000121465,1.463200000047891,1.4831000000240238,1.496800000012172,1.5154000000356973,1.5302000000478984,1.5480000000002292,1.5625,1.5792000000478765,1.5965000000001055,1.61640000003581,1.629900000035832,1.6499000000358137,1.662499999999909,1.6824000000360684,1.7004000000356427,1.7162000000475928,1.7296000000237655,1.7502000000476983,1.7628000000117936,1.7832000000476,1.7963000000117972,1.8176000000239583,1.8296000000241293,1.8459000000357264,1.8651000000240856,1.8791000000237545,1.8987000000479384,1.9124000000356318,1.9292000000477856,1.9458000000117863,1.963200000047891,1.9816000000237182,1.9965000000001965,2.0167000000478765,2.034800000012183,2.049400000035803,2.0625,2.0792000000478765,2.0986000000239073,2.112500000000182,2.1291000000237545,2.1459000000359083,2.1654000000357883,2.179900000036014,2.201000000000022,2.213700000047993,2.2328000000120483,2.2466000000240456,2.265200000047571,2.2789999999999964,2.29580000001215,2.3125,2.3301000000237764,2.3457000000476,2.3689000000358647,2.383600000023762,2.396200000047884,2.4149000000356864,2.4291000000239364,2.449500000000171,2.463200000047891,2.481600000023718,2.4966000000240456,2.5171000000241293,2.5297000000477965,2.548999999999978,2.5625,2.5792000000478765,2.5958000000118773,2.615300000012212,2.6291000000237545,2.645800000012059,2.662400000035632,2.680000000000291,2.700100000024122,2.7133000000121683,2.7334000000359993,2.746400000035919,2.7666000000240274,2.7792000000476946,2.7964999999999236,2.8177000000478074,2.8292000000478765,2.850700000047709,2.862600000024031,2.8792000000476037,2.895800000012059,2.9167000000479675,2.9334000000358174,2.9466000000238637,2.96260000002394,2.9792000000479675,2.9967000000478947,3.01700000000028,3.0292000000476946,3.048800000011852,3.066400000035628,3.0818000000122083,3.098500000000058,3.1166000000239364,3.1292000000476037,3.1455000000000837,3.1655000000000655,3.179900000036014,3.201100000023871,3.2164999999999964,3.22930000001179,3.2458000000119682,3.2654000000356973,3.2792000000476946,3.30020000004788,3.312600000023849,3.3291000000240274,3.3459000000357264,3.3662000000476837,3.380000000000109,3.395800000012059,3.415200000047662,3.432200000047942,3.446700000047713,3.465200000047844,3.4794999999999163,3.4988000000121247,3.512500000000273,3.5289999999999964,3.5484999999998763,3.56530000001203,3.5791000000240274,3.5958000000118773,3.612500000000182,3.6292000000476037,3.6459000000359083,3.662499999999909,3.6798000000121647,3.696700000047713,3.7135000000002947,3.729900000035741,3.749499999999898,3.7633000000118955,3.7818000000120264,3.7962000000479748,3.8155000000001564,3.8292000000478765,3.850700000047709,3.862600000024031,3.878800000012234,3.8987000000479384,3.9133000000119864,3.929500000000189,3.946700000047713,3.966900000035821,3.979900000035741,3.9997000000475964,4.0167000000478765,4.0291000000238455,4.04580000001215,4.0632000000478,4.083100000023933,4.098900000035883,4.112400000035905,4.128999999999905,4.146200000047884,4.1671000000237655,4.179900000036014,4.199500000000171,4.21260000002394,4.232300000011946,4.245800000011968,4.262200000047869,4.2791000000238455,4.29580000001215,4.313100000023951,4.333300000012059,4.346000000000004,4.365499999999884,4.379800000011983,4.40010000002394,4.413300000011986,4.432100000024093]",0.01665,0.002738191,267.0,right,1.0,,,,,,2.0,0.0,12.0,0.5,-2.157486566,1.0,0.966101607,-0.935400287,43.0,0.004363323,0.383893371,0.033132061,0.062242434,0.239996947,6.0,2.440555202,0.985800274,60.0,0.008726646,0.394321176,0.024708435,0.063628191,0.162696287,6.0,0.283414036,-0.536958889,17.0,-0.004363323,0.364429878,0.03744875,0.082879054,0.20378895,5.0,1.586175195,0.030752888,37.0,-0.010471976,0.379878099,0.039758221,0.071440932,0.269646059,5.0,2.7260974,0.738599478,71.0,0.013962634,0.401673071,0.031502829,0.073976735,0.151529972,4.0,1.253104304,-0.593486654,64.0,-0.012217305,0.396824946,0.026418425,0.079335183,0.168726505,6.0,0.634509299,-0.954809625,36.0,0.002617994,0.379263044,0.03913601,0.077664539,0.168574417,3.0,1.278546555,-0.551782076,32.0,0.007853982,0.376580194,0.027808234,0.064839678,0.152904525,6.0,0.574799689,-0.912600218,94.0,0.004363323,0.42523076,0.035907823,0.059015617,0.218525823,5.0,1.717426178,0.28907429,49.0,-0.003490659,0.387690152,0.036925942,0.073283012,0.194967171,5.0,2.551068826,0.925004583,8.0,-0.008726646,0.353798062,0.040824325,0.088208322,0.256820315,6.0,1.222452765,-0.641680329,1.0,-0.007853982,0.332308035,0.049961894,0.10302439,0.316973442,6.0,,,,,,,0.7271,,0.0,1.0,1.0,1.0,1.0,,,,,,,,,,,,,,,,,,,,,,,,,,,,0
S070,2,2024-11-21_13h14.36.924,MotivatedInference,2024.1.5,Win32,60.24096386,668be8e87e83611e680fb3ab,{{%SESSION_ID%},Chrome,,,,,,,,,,,,,,,,,,,,,,,,,,,,,,-1.0,,,,,,,,4.0,,,,,,,,,conditions/conds_177.csv,4.0,1.0,,,,,,,,,2858.6322,2860.3648,"[0.0018000000118263415,0.01530000001184817,0.03210000002354718,0.04919999998810454,0.06519999998818093,0.08169999998790445,0.09860000002390734,0.11530000001175722,0.13269999998783533,0.14910000002373636,0.16519999998808998,0.18190000003551177,0.19849999999996726,0.21530000001166627,0.23190000003569367,0.2494000000356209,0.26619999998820276,0.2826999999879263,0.2988000000118518,0.31519999998818093,0.33230000001185545,0.3493000000116808,0.3656000000237327,0.3818000000119355,0.3986000000236345,0.4153000000119391,0.43190000003551177,0.4486000000238164,0.46519999998781714,0.4819999999999709,0.49860000002354354,0.5153000000118482,0.5319000000358756,0.5494000000358028,0.5659999999998035,0.58199999999988,0.5986000000239073,0.6154999999998836,0.6329000000355336,0.6489999999998872,0.6653000000119391,0.681999999999789,0.6986000000238164,0.7153000000116663,0.7319000000356937,0.7486000000235435,0.7653000000118482,0.7831000000237509,0.7994000000358028,0.8151999999881809,0.83199999999988,0.8486000000239073,0.8654999999998836,0.8824000000358865,0.89890000003561,0.91519999998809,0.9319000000355118,0.9493000000120446,0.9658000000117681,0.9819000000356937,0.9986000000235435,1.015699999988101,1.0319000000358756,1.0486000000237254,1.06530000001203,1.0826999999881082,1.0986000000239073,1.1153000000117572,1.1329999999998108,1.1491999999880136,1.1659999999997126,1.1819000000355118,1.1986000000238164,1.2153000000116663,1.231999999999971,1.249400000035621,1.265699999988101,1.2819000000358756,1.2986000000237254,1.31530000001203,1.3319000000356027,1.34940000003553,1.365199999987908,1.3819000000357846,1.3986000000236345,1.41519999998809,1.4321999999879154,1.4486000000238164,1.4651999999878171,1.4826999999881991,1.498900000035519,1.5153000000118482,1.531999999999698,1.5486000000237254,1.56530000001203,1.5819000000356027,1.5986000000239073,1.6153000000117572,1.6328000000116845,1.6494000000357119,1.66519999998809,1.6821999999879154,1.6990000000000691,1.7154999999997926,1.7325000000000728]",0.016641346,0.000516387,105.0,left,1.0,,,,,,2.0,0.0,4.0,0.5,-0.898117059,-1.0,0.106643485,-0.211673525,44.0,-0.006981317,0.384544024,0.027675657,0.071715856,0.246225121,7.0,2.214903794,0.960338855,23.0,0.001745329,0.370048297,0.033576258,0.089212406,0.165879093,5.0,0.652101377,-0.964673904,74.0,-0.002617994,0.403888444,0.032857311,0.06846285,0.186846183,6.0,1.195475244,-0.682108484,36.0,0.002617994,0.379263044,0.03913601,0.077664539,0.168574417,3.0,0.0,0.0,0.0,0.0,0.0,0.0,0.0,0.0,0.0,0.0,0.0,0.0,0.0,0.0,0.0,0.0,0.0,0.0,0.0,0.0,0.0,0.0,0.0,0.0,0.0,0.0,0.0,0.0,0.0,0.0,0.0,0.0,0.0,0.0,0.0,0.0,0.0,0.0,0.0,0.0,0.0,0.0,0.0,0.0,0.0,0.0,0.0,0.0,0.0,0.0,0.0,0.0,0.0,0.0,0.0,0.0,0.0,0.0,0.0,0.0,0.0,0.0,0.0,0.0,0.0,0.0,0.0,0.0,0.0,0.0,0.0,0.0,,,,,,,0.5496,,0.0,2.0,2.0,2.0,1.0,,,,,,,,,,,,,,,,,,,,,,,,,,,,0
S070,2,2024-11-21_13h14.36.924,MotivatedInference,2024.1.5,Win32,60.24096386,668be8e87e83611e680fb3ab,{{%SESSION_ID%},Chrome,,,,,,,,,,,,,,,,,,,,,,,,,,,,,,-1.0,,,,,,,,8.0,,,,,,,,,conditions/conds_177.csv,4.0,1.0,,,,,,,,,2861.9311,2865.0476,"[0.003199999988282798,0.016299999952479993,0.032999999999901775,0.049599999964357266,0.06629999995220714,0.08300000000008367,0.09959999996408442,0.11629999995238904,0.13299999999981083,0.14969999998811545,0.16619999998783896,0.18379999995249818,0.1996999999878426,0.2162999999522981,0.23349999999982174,0.2505999999643791,0.2670999999641026,0.28350000000000364,0.2996999999882064,0.31629999995220714,0.3330000000000837,0.35059999996428814,0.36709999996401166,0.3832999999522144,0.39969999998811545,0.4162999999521162,0.4329999999999927,0.4496999999878426,0.46639999997614723,0.48279999995247636,0.4996999999880245,0.51629999995248,0.5328999999760526,0.5496999999882064,0.5662999999522071,0.583599999964008,0.5995999999640844,0.6161999999881118,0.6328999999759617,0.6496999999881155,0.6662999999521162,0.6829999999999927,0.6995999999644482,0.7162999999522981,0.7328999999763255,0.7495999999641754,0.76629999995248,0.7828999999760526,0.7995999999643573,0.8163999999760563,0.8330000000000837,0.8495999999640844,0.866299999952389,0.8830999999640881,0.9003999999763437,0.9164999999998145,0.9328999999761436,0.9496999999878426,0.9671999999882246,0.9827999999524764,0.999399999976049,1.0160000000000764,1.0329999999999018,1.0496999999882064,1.0670000000000073,1.0833999999763364,1.0995999999640844,1.116299999952389,1.1329999999998108,1.1495999999642663,1.1663999999759653,1.1828999999761436,1.1995999999644482,1.216299999952298,1.233699999987948,1.2495999999641754,1.26629999995248,1.2828999999760526,1.3009999999999309,1.3165999999641826,1.3328999999762345,1.3496999999879336,1.366299999952389,1.3828999999759617,1.3995999999642663,1.41729999995232,1.4328999999761436,1.4495999999644482,1.466299999952298,1.4828999999763255,1.4995999999641754,1.5163999999763291,1.5328999999760526,1.5496999999882064,1.5662999999522071,1.5828999999762345,1.5995999999640844,1.6170000000001892,1.6334999999999127,1.649499999999989,1.6662999999521162,1.682599999964168,1.6995999999644482,1.7161999999880209,1.733599999964099,1.7501999999881264,1.7661999999882028,1.7829999999999018,1.7995999999643573,1.8162999999522071,1.833599999964008,1.8495999999640844,1.8665000000000873,1.8829999999998108,1.8995999999642663,1.916199999987839,1.9337999999524982,1.9495999999644482,1.966299999952298,1.9827999999524764,1.9994999999998981,2.017299999952229,2.0328999999760526,2.0495999999643573,2.06619999998793,2.0828999999762345,2.0995999999640844,2.116199999988112,2.132999999999811,2.1495999999642663,2.166199999987839,2.1829999999999927,2.199599999964448,2.216299999952298,2.2337999999522253,2.2502999999524036,2.2661999999882028,2.283099999964179,2.2995999999643573,2.31619999998793,2.3330000000000837,2.3495999999640844,2.366299999952389,2.3828999999759617,2.3995999999642663,2.4163999999759653,2.4329999999999927,2.449599999964448,2.466299999952298,2.4830000000001746,2.5001999999881264,2.516399999976329,2.5328999999760526,2.5495999999643573,2.566299999952207,2.5830000000000837,2.5995999999640844,2.616199999988112,2.6327999999521126,2.6495999999642663,2.666199999987839,2.6829999999999927,2.699599999964448,2.7170999999643755,2.73419999998805,2.7496999999880245,2.76629999995248,2.7829999999999018,2.79950000000008,2.81619999998793,2.8328999999762345,2.849499999999807,2.866299999952389,2.8828999999759617,2.8995999999642663,2.916299999952116,2.9328999999761436,2.949599999964448,2.966199999988021,2.9830000000001746,3.0000999999642772,3.0165000000001783,3.0328999999760526,3.0495999999643573,3.06619999998793,3.082699999988108,3.0995999999640844,3.116299999952389]",0.016647594,0.000460681,188.0,right,1.0,,,,,,2.0,0.0,8.0,0.5,-1.636361657,1.0,2.562045795,0.916440818,3.0,0.001745329,0.342027877,0.030569748,0.094119191,0.219456558,8.0,1.126485126,-0.776203933,46.0,-8.92894e-14,0.385892478,0.022689461,0.062794509,0.135276835,6.0,0.427918936,-0.755120478,24.0,-0.000872665,0.370951047,0.044446314,0.068882508,0.271498611,5.0,1.638694562,0.135379491,40.0,0.001745329,0.381763748,0.031902579,0.075140032,0.211660484,6.0,1.784059209,0.413710331,66.0,-0.006108652,0.398200129,0.038012219,0.074472022,0.208169201,4.0,1.029465218,-0.883209459,3.0,0.001745329,0.342027877,0.030569748,0.094119191,0.219456558,8.0,0.046131234,-0.092131629,56.0,0.002617994,0.391878159,0.037400891,0.06461151,0.256914973,6.0,0.31877393,-0.595226797,21.0,-0.010471976,0.368150016,0.035450396,0.075174448,0.223969416,6.0,0.0,0.0,0.0,0.0,0.0,0.0,0.0,0.0,0.0,0.0,0.0,0.0,0.0,0.0,0.0,0.0,0.0,0.0,0.0,0.0,0.0,0.0,0.0,0.0,0.0,0.0,0.0,0.0,0.0,0.0,0.0,0.0,0.0,0.0,0.0,0.0,,,,,,,0.5178,,0.0,3.0,3.0,3.0,1.0,,,,,,,,,,,,,,,,,,,,,,,,,,,,0
S070,2,2024-11-21_13h14.36.924,MotivatedInference,2024.1.5,Win32,60.24096386,668be8e87e83611e680fb3ab,{{%SESSION_ID%},Chrome,,,,,,,,,,,,,,,,,,,,,,,,,,,,,,-1.0,,,,,,,,2.0,,,,,,,,,conditions/conds_177.csv,4.0,1.0,,,,,,,,,2866.5687,2868.2808,"[0.001600000024154724,0.015199999987999036,0.028600000023743632,0.04510000002392189,0.0644999999999527,0.07950000000028012,0.0991000000240092,0.11300000000028376,0.13160000002380912,0.14569999998821004,0.16469999998798812,0.17860000002383458,0.19519999998829007,0.21190000003571186,0.23380000001225199,0.2454000000357155,0.2643000000120992,0.27860000002374363,0.29530000001204826,0.3120000000003529,0.3316999999883592,0.3454999999999018,0.3658000000118591,0.3789999999999054,0.3991999999880136,0.41230000001223743,0.4329999999999927,0.4455000000002656,0.4651999999882719,0.47850000000016735,0.49980000001187364,0.5126999999883992,0.5319000000358756,0.5460000000002765,0.5655000000001564,0.5830000000000837,0.5960000000000036,0.6156000000241875,0.6295000000000073,0.6483000000121137,0.6626000000237582,0.6820000000002437,0.6988000000119428,0.7118000000118627,0.7294999999999163,0.7458000000119682,0.7651000000241766,0.7786999999880209,0.7960000000002765,0.8164999999999054,0.8294000000360029,0.8489000000358828,0.8630000000002838,0.8814000000356828,0.8961000000240347,0.9118000000121356,0.9286000000238346,0.94840000003569,0.9684999999999491,0.9788000000121428,0.9980000000000473,1.0173000000122556,1.0329999999999018,1.0453000000120483,1.0646000000238018,1.0835000000001855,1.0958000000118773,1.114699999988261,1.1286000000241074,1.1493000000118627,1.1624000000360866,1.183199999988119,1.195800000012241,1.2161999999880209,1.2291000000241183,1.2480000000000473,1.2625000000002728,1.2825000000002547,1.2961000000241256,1.3154000000358792,1.3293000000121538,1.3491000000240092,1.3629000000360065,1.3814000000356828,1.3953000000119573,1.4169999999999163,1.42890000003581,1.450600000023769,1.4649000000358683,1.4786000000240165,1.4981000000238964,1.512000000000171,1.532100000024002,1.5458000000121501,1.5654000000358792,1.5786000000239255,1.5953000000122302,1.6161999999881118,1.629300000011881,1.6486000000240892,1.6626999999880354,1.6821000000240929,1.6959999999999127,1.7119000000357119]",0.016604854,0.003038599,104.0,left,0.0,,,,,,1.0,0.0,4.0,0.5,1.552879254,-1.0,0.559515708,-0.899678025,15.0,-0.006108652,0.362511679,0.045131456,0.089284594,0.250473103,5.0,2.394195885,0.997113178,51.0,-0.000872665,0.388957543,0.039197552,0.074659583,0.215725836,5.0,2.447687623,0.983304677,21.0,-0.010471976,0.368150016,0.035450396,0.075174448,0.223969416,6.0,2.895734571,0.472139424,18.0,-0.008726646,0.365457086,0.031782524,0.075683607,0.153768306,4.0,0.0,0.0,0.0,0.0,0.0,0.0,0.0,0.0,0.0,0.0,0.0,0.0,0.0,0.0,0.0,0.0,0.0,0.0,0.0,0.0,0.0,0.0,0.0,0.0,0.0,0.0,0.0,0.0,0.0,0.0,0.0,0.0,0.0,0.0,0.0,0.0,0.0,0.0,0.0,0.0,0.0,0.0,0.0,0.0,0.0,0.0,0.0,0.0,0.0,0.0,0.0,0.0,0.0,0.0,0.0,0.0,0.0,0.0,0.0,0.0,0.0,0.0,0.0,0.0,0.0,0.0,0.0,0.0,0.0,0.0,0.0,0.0,,,,,,,0.7342,,0.0,4.0,4.0,4.0,1.0,,,,,,,,,,,,,,,,,,,,,,,,,,,,0
S070,2,2024-11-21_13h14.36.924,MotivatedInference,2024.1.5,Win32,60.24096386,668be8e87e83611e680fb3ab,{{%SESSION_ID%},Chrome,,,,,,,,,,,,,,,,,,,,,,,,,,,,,,-1.0,,,,,,,,5.0,,,,,,,,,conditions/conds_177.csv,4.0,1.0,,,,,,,,,2870.0192,2873.1158,"[0.0028000000120300683,0.01469999998835192,0.028100000024096516,0.04460000002427478,0.06140000003597379,0.07810000002382367,0.09919999998828644,0.11210000002392917,0.13100000000031287,0.1448000000123102,0.16500000000041837,0.1786999999881118,0.19719999998824278,0.21140000003606474,0.22800000000006548,0.24969999998847925,0.2618000000120446,0.28250000000025466,0.2946000000242748,0.31419999998843195,0.3281999999881009,0.347400000036032,0.3641999999881591,0.3788000000122338,0.3976000000238855,0.4113000000120337,0.42810000002418747,0.4473000000120919,0.46140000003606474,0.4823000000119464,0.49480000001221924,0.5144000000359483,0.5306999999884283,0.5455000000001746,0.5618000000122265,0.5824000000361593,0.5955000000003565,0.614699999988261,0.6288000000122338,0.647900000035861,0.6620000000002619,0.6825000000003456,0.6981000000241693,0.7114000000360647,0.7309000000359447,0.7446000000240929,0.7656999999881009,0.778400000036072,0.7946999999880973,0.8114000000359738,0.8280000000004293,0.8448000000121283,0.8669000000359119,0.8825000000001637,0.8945000000003347,0.9143000000121901,0.9280000000003383,0.9454000000359883,0.9660000000003492,0.9788000000121428,0.9981999999881737,1.0156000000238237,1.0279000000359702,1.0476000000239765,1.0614000000359738,1.0813000000121065,1.0948000000121283,1.1146000000239837,1.1334000000360902,1.14569999998821,1.1649000000361411,1.17890000003581,1.1976999999883446,1.2140000000003965,1.2280000000000655,1.249600000024202,1.2619000000358938,1.281100000024253,1.2946999999880973,1.3114000000359738,1.331000000000131,1.3454000000360793,1.365300000012212,1.3831000000241147,1.3949000000361593,1.4151000000242675,1.428800000011961,1.4475000000002183,1.4613000000122156,1.4823000000119464,1.4950000000003456,1.5141000000239728,1.5281000000240965,1.5475000000001273,1.5613000000121247,1.5781000000238237,1.5976000000241584,1.6114000000361557,1.6306999999883374,1.6456000000239328,1.6645000000003165,1.6786999999881118,1.6976999999883446,1.7131999999883192,1.731000000000222,1.7446000000240929,1.765699999988101,1.778400000036072,1.7986000000241802,1.811500000000251,1.8280000000004293,1.8454000000360793,1.8649000000359592,1.878900000036083,1.8983000000121137,1.9123000000122374,1.9311000000238892,1.9446999999881882,1.9621999999881155,1.9811999999883483,1.9946000000240929,2.0160000000000764,2.028300000012223,2.0491000000238273,2.0644000000361302,2.0806999999881555,2.0944000000358756,2.115800000012314,2.1286999999883847,2.147800000012012,2.162100000024111,2.182699999988472,2.195300000012139,2.2149000000358683,2.22840000003589,2.247800000011921,2.2613000000119428,2.278900000036174,2.298400000036054,2.311500000000251,2.331000000000131,2.349500000000262,2.36200000000008,2.3781000000240056,2.397900000035861,2.415300000011939,2.4291000000239364,2.4475000000002183,2.4614000000360647,2.4820000000004256,2.4950000000003456,2.5156000000238237,2.53280000001223,2.5469000000357482,2.561400000035974,2.580500000000029,2.5971999999883337,2.6113000000123066,2.631100000024162,2.6489000000360647,2.6641000000240638,2.6791000000239364,2.6949000000358865,2.71540000003597,2.72840000003589,2.7476000000242493,2.7639000000358465,2.7780000000002474,2.7976999999882537,2.811400000035974,2.832100000024184,2.84530000001223,2.8636000000242348,2.87900000000036,2.8983000000121137,2.9121999999883883,2.9308000000119137,2.948500000000422,2.9639000000361193,2.9780000000000655,2.9971999999884247,3.012699999988399,3.02790000003597,3.0445000000004256,3.0611000000239983,3.080500000000029,3.0965000000001055]",0.016632796,0.002863461,187.0,right,1.0,,,,,,1.0,0.0,8.0,0.5,2.126205848,-1.0,1.30265765,-0.510939491,34.0,-0.01134464,0.377900669,0.035623555,0.066078969,0.222301383,5.0,2.129147479,0.898658803,63.0,0.002617994,0.396190386,0.03208284,0.060740902,0.237954322,6.0,2.587646628,0.894759372,15.0,-0.006108652,0.362511679,0.045131456,0.089284594,0.250473103,5.0,2.540398183,0.932902077,60.0,0.008726646,0.394321176,0.024708435,0.063628191,0.162696287,6.0,3.006441733,0.267022331,97.0,0.006981317,0.43254107,0.031598025,0.077611504,0.241207486,6.0,0.231352257,-0.446369866,88.0,0.001745329,0.416906428,0.03407937,0.068935353,0.194962658,5.0,1.633832689,0.125739015,37.0,-0.010471976,0.379878099,0.039758221,0.071440932,0.269646059,5.0,0.017786948,-0.035566393,43.0,0.004363323,0.383893371,0.033132061,0.062242434,0.239996947,6.0,0.0,0.0,0.0,0.0,0.0,0.0,0.0,0.0,0.0,0.0,0.0,0.0,0.0,0.0,0.0,0.0,0.0,0.0,0.0,0.0,0.0,0.0,0.0,0.0,0.0,0.0,0.0,0.0,0.0,0.0,0.0,0.0,0.0,0.0,0.0,0.0,,,,,,,0.4831,,0.0,5.0,5.0,5.0,1.0,,,,,,,,,,,,,,,,,,,,,,,,,,,,0
S070,2,2024-11-21_13h14.36.924,MotivatedInference,2024.1.5,Win32,60.24096386,668be8e87e83611e680fb3ab,{{%SESSION_ID%},Chrome,,,,,,,,,,,,,,,,,,,,,,,,,,,,,,0.0,,,,,,,,1.0,,,,,,,,,conditions/conds_177.csv,4.0,1.0,,,,,,,,,2875.885,2877.5834,"[0.0019999999999527063,0.01669999998784988,0.028899999976147228,0.048300000011749944,0.06560000002355082,0.08249999999998181,0.09549999999990177,0.11219999998775165,0.12919999998803178,0.14939999997613995,0.16249999999990905,0.18269999998801723,0.19580000001178632,0.21530000001166627,0.22889999997596533,0.24860000002354354,0.26210000002356537,0.27880000001187,0.3001999999878535,0.31280000001152075,0.3318000000117536,0.34619999998767526,0.3649999999997817,0.3788999999760563,0.39939999997613995,0.41219999998793355,0.42989999997598716,0.4503000000117936,0.46260000002348534,0.4836000000236709,0.4958999999757907,0.5121999999878426,0.5296000000234926,0.549899999975878,0.562899999975798,0.5788999999758744,0.5963000000115244,0.6168999999758853,0.6293999999761581,0.6491999999880136,0.6628000000118845,0.683600000023489,0.6988999999757652,0.7121999999881155,0.7293999999760672,0.75,0.7668999999759762,0.7788999999761472,0.7953999999758707,0.8171000000238564,0.8288999999758744,0.8483999999757543,0.862999999999829,0.8786999999879299,0.8984999999997854,0.9121999999879336,0.9323999999760417,0.9454999999998108,0.9669999999996435,0.9793999999760672,0.9983999999758453,1.017399999976078,1.0323000000116735,1.0454999999997199,1.0621999999880245,1.0793999999759762,1.099999999999909,1.1126000000235763,1.13149999999996,1.1481000000235326,1.1621000000236563,1.1814999999996871,1.1954999999998108,1.2121999999881155,1.228800000011688,1.2453999999761436,1.2623000000116917,1.2826999999879263,1.296199999987948,1.315699999987828,1.3294999999998254,1.3488999999758562,1.362999999999829,1.3833999999760636,1.395600000023478,1.41519999998809,1.4318999999759399,1.4481000000237145,1.4648999999758416,1.4784999999997126,1.4981000000234417,1.5128999999760708,1.532600000023649,1.546199999987948,1.564699999988079,1.5788000000115971,1.5954999999999018,1.6164999999996326,1.6295000000000073,1.6489999999998872,1.6626000000237582,1.678800000011961,1.6981999999879918]",0.016629412,0.00293874,103.0,left,0.0,,,,,,1.0,0.0,4.0,0.5,-0.010594618,-1.0,1.807089953,0.455191479,90.0,-0.005235988,0.41932645,0.033694537,0.059919896,0.18718849,4.0,1.551825873,-0.037931805,38.0,-0.004363323,0.380540373,0.035789754,0.080850361,0.267900983,7.0,1.816670412,0.472167637,47.0,-0.003490659,0.386485672,0.032547094,0.064121381,0.201087455,6.0,1.010886414,-0.900021929,25.0,0.001745329,0.371739039,0.031180836,0.079221418,0.176784845,4.0,0.0,0.0,0.0,0.0,0.0,0.0,0.0,0.0,0.0,0.0,0.0,0.0,0.0,0.0,0.0,0.0,0.0,0.0,0.0,0.0,0.0,0.0,0.0,0.0,0.0,0.0,0.0,0.0,0.0,0.0,0.0,0.0,0.0,0.0,0.0,0.0,0.0,0.0,0.0,0.0,0.0,0.0,0.0,0.0,0.0,0.0,0.0,0.0,0.0,0.0,0.0,0.0,0.0,0.0,0.0,0.0,0.0,0.0,0.0,0.0,0.0,0.0,0.0,0.0,0.0,0.0,0.0,0.0,0.0,0.0,0.0,0.0,,,,,,,0.8676,,0.0,6.0,6.0,6.0,1.0,,,,,,,,,,,,,,,,,,,,,,,,,,,,0
S070,2,2024-11-21_13h14.36.924,MotivatedInference,2024.1.5,Win32,60.24096386,668be8e87e83611e680fb3ab,{{%SESSION_ID%},Chrome,,,,,,,,,,,,,,,,,,,,,,,,,,,,,,0.0,,,,,,,,11.0,,,,,,,,,conditions/conds_177.csv,4.0,1.0,,,,,,,,,2879.4484,2883.8853,"[0.0037000000479565642,0.01820000004772737,0.0317000000477492,0.05140000003575551,0.06550000000015643,0.08470000004763278,0.09870000004775648,0.12020000004758913,0.1322000000477601,0.15170000004764006,0.1681000000239692,0.18499999999994543,0.20190000003594832,0.21610000002374363,0.2363000000118518,0.25270000004775284,0.26530000001184817,0.284900000036032,0.29860000002372544,0.31899999999996,0.3324999999999818,0.35320000004776375,0.36830000001191365,0.38200000000006185,0.4014999999999418,0.4153000000119391,0.43699999999989814,0.449500000000171,0.46849999999994907,0.48210000002382003,0.4994000000356209,0.5199000000357046,0.5328000000117754,0.551700000047731,0.5683000000121865,0.5821000000237291,0.6017000000479129,0.615300000012212,0.6320000000000618,0.6488000000122156,0.6697000000476692,0.6869999999998981,0.7018000000120992,0.7152000000478438,0.7349000000358501,0.7525000000000546,0.7661000000239255,0.7848000000121829,0.7987000000475746,0.8182000000479093,0.83199999999988,0.8531000000239146,0.8659000000357082,0.8867000000477674,0.8986000000240892,0.9183000000120956,0.9319000000359665,0.9486000000238164,0.9693000000120264,0.982700000047771,1.0027000000477528,1.0161000000239255,1.03530000001183,1.0522000000478329,1.06530000001203,1.08480000001191,1.0986000000239073,1.115300000012212,1.1372000000478693,1.149499999999989,1.1689000000360465,1.1875,1.2019000000359483,1.2189000000357737,1.2329000000358974,1.2523000000119282,1.2661000000239255,1.2849999999998545,1.2986000000237254,1.3182000000479093,1.33480000001191,1.3486000000239073,1.3698000000122192,1.385400000036043,1.3984000000359629,1.4183000000120956,1.4320000000002437,1.4515000000001237,1.4661000000237436,1.4861000000237254,1.5,1.5153000000118482,1.532100000024002,1.5524000000359592,1.5661000000241074,1.5849000000357591,1.5986000000239073,1.6159999999999854,1.6365000000000691,1.6494000000357119,1.6653000000119391,1.6863000000121247,1.7003000000117936,1.7162000000475928,1.7358000000122047,1.7493000000117718,1.7682000000477274,1.784900000036032,1.7984000000360538,1.8184000000360356,1.83199999999988,1.8486000000239073,1.865300000012212,1.882100000023911,1.9037000000475928,1.9159000000358901,1.9356000000238964,1.9493000000120446,1.9701000000241038,1.982600000023922,2.002700000047753,2.015700000047673,2.035800000011932,2.0526000000240856,2.0684000000360356,2.08199999999988,2.101100000023962,2.1149000000359592,2.1319000000357846,2.1486000000240892,2.168100000023969,2.1820000000002437,2.1987000000476655,2.2166000000238455,2.237100000023929,2.252200000047651,2.265300000011848,2.284900000036032,2.2986000000237254,2.320300000012139,2.332100000023729,2.348500000000058,2.365400000036061,2.3868000000120446,2.401600000023791,2.4154000000357883,2.4351000000237946,2.4493000000120446,2.470100000024104,2.482600000023922,2.5032000000478547,2.5160000000000764,2.535400000035679,2.549400000035803,2.5692000000476582,2.58270000004768,2.6024000000356864,2.6159999999999854,2.6357000000475637,2.6487000000479384,2.667900000035843,2.682100000024093,2.6994000000358938,2.7204999999999018,2.736499999999978,2.7486000000239983,2.7681000000238782,2.7854999999999563,2.7987000000475746,2.820200000047862,2.8324000000357046,2.8515000000002146,2.8682000000476364,2.882000000000062,2.901200000047538,2.915300000011939,2.9346000000236927,2.9493000000120446,2.9693000000120264,2.982700000047771,3.001499999999851,3.015200000047571,3.03530000001183,3.0526000000240856,3.065400000035879,3.0864999999998872,3.0992000000478583,3.120200000047589,3.132100000023911,3.1486000000240892,3.165300000011939,3.184700000047542,3.1993000000120446,3.2189000000357737,3.2330000000001746,3.251700000047549,3.2662000000477747,3.2851000000237036,3.299400000035803,3.3184000000360356,3.33199999999988,3.3492000000478583,3.36920000004784,3.3819000000357846,3.401600000023791,3.4189000000360465,3.4323000000122192,3.4484999999999673,3.465300000012121,3.482600000023922,3.5035000000002583,3.5160000000000764,3.537000000000262,3.5491000000238273,3.5705000000002656,3.5824000000357046,3.5986000000239073,3.6154999999998836,3.6319000000357846,3.649400000035712,3.6655000000000655,3.6873000000118736,3.6993000000120446,3.715300000012121,3.731999999999971,3.7486000000239983,3.769000000000233,3.7857000000476546,3.8025000000002365,3.8156000000240056,3.8368000000118627,3.848900000035883,3.8698000000122192,3.882000000000062,3.9013000000118154,3.9155000000000655,3.9349999999999454,3.9493000000120446,3.9688000000119246,3.981999999999971,3.9986000000239983,4.019999999999982,4.032600000024104,4.050999999999931,4.068800000011834,4.08270000004768,4.102400000035686,4.115600000023733,4.1346000000239655,4.148800000012216,4.167900000035843,4.1819000000359665,4.201700000047822,4.216100000023744,4.232700000047771,4.252500000000055,4.2661000000239255,4.2849999999998545,4.299400000035803,4.31970000004776,4.332900000035806,4.351900000036039,4.366900000035912,4.385000000000218,4.398800000012216,4.415300000011939,4.436800000011772]",0.016665789,0.002965858,267.0,left,1.0,,,,,,2.0,0.0,12.0,0.5,-5.483921975,-1.0,0.555308497,-0.895972869,10.0,-0.004363323,0.356575755,0.034939804,0.084929929,0.233599272,6.0,1.470966966,-0.198334843,25.0,0.001745329,0.371739039,0.031180836,0.079221418,0.176784845,4.0,2.354552799,0.99999461,3.0,0.001745329,0.342027877,0.030569748,0.094119191,0.219456558,8.0,1.37884655,-0.374539018,54.0,-0.000872665,0.390632361,0.034931933,0.073298853,0.195852464,4.0,3.130679268,0.021825039,90.0,-0.005235988,0.41932645,0.033694537,0.059919896,0.18718849,4.0,0.090840919,-0.180683986,50.0,-0.003490659,0.388365859,0.031859869,0.061653869,0.235670302,6.0,0.761526239,-0.998860479,56.0,0.002617994,0.391878159,0.037400891,0.06461151,0.256914973,6.0,1.378510806,-0.375161544,1.0,-0.007853982,0.332308035,0.049961894,0.10302439,0.316973442,6.0,0.723093719,-0.992246353,33.0,-0.006108652,0.377230834,0.032847101,0.067598606,0.249691544,6.0,1.236258166,-0.620261723,86.0,-0.01134464,0.414570186,0.03611148,0.064685839,0.099529567,3.0,0.551959429,-0.892978091,7.0,-0.003490659,0.352071506,0.033456274,0.080650645,0.190019159,6.0,0.893537675,-0.976702719,12.0,0.006981317,0.359228273,0.039160557,0.080955667,0.284615847,7.0,,,,,,,0.4666,,0.0,7.0,7.0,7.0,1.0,,,,,,,,,,,,,,,,,,,,,,,,,,,,0
S070,2,2024-11-21_13h14.36.924,MotivatedInference,2024.1.5,Win32,60.24096386,668be8e87e83611e680fb3ab,{{%SESSION_ID%},Chrome,,,,,,,,,,,,,,,,,,,,,,,,,,,,,,0.0,,,,,,,,3.0,,,,,,,,,conditions/conds_177.csv,4.0,1.0,,,,,,,,,2885.3641,2887.0647,"[0.002099999964229937,0.019399999976030813,0.03289999997605264,0.049500000000080036,0.07099999999991269,0.08300000000008367,0.10399999999981446,0.11700000000018917,0.13739999997596897,0.15019999998821731,0.16909999996414626,0.18559999996432452,0.19939999997632185,0.21959999996443003,0.23300000000017462,0.25269999998818093,0.26619999998820276,0.28579999995235994,0.3001999999878535,0.31979999995246544,0.33350000000018554,0.3523999999761145,0.3661999999881118,0.38689999997632185,0.40029999995249455,0.4191999999879954,0.4328999999761436,0.45400000000017826,0.46619999998802086,0.48509999996440456,0.49949999999989814,0.52069999998821,0.5366999999882864,0.5496999999882064,0.5692999999523636,0.5828999999762345,0.6030000000000655,0.6167999999524909,0.6374999999998181,0.6498999999762418,0.6688999999760199,0.6857999999524509,0.7024999999998727,0.7187999999523527,0.7328999999763255,0.7527999999524582,0.7661999999882028,0.7828999999760526,0.8040999999643645,0.816799999952309,0.8358999999759362,0.8505999999642881,0.87059999996427,0.8832999999522144,0.9039999999999964,0.9165999999640917,0.9375999999642772,0.949899999975969,0.9708999999761545,0.9831999999878462,1.0038999999760563,1.0196999999880063,1.0328999999760526,1.0540000000000873,1.0668999999761581,1.0858999999759362,1.1002999999523126,1.1190999999644191,1.13799999999992,1.1530999999640699,1.1661999999882937,1.1873999999761509,1.1997999999521198,1.2220999999640298,1.2331999999878462,1.25369999998793,1.2665999999644555,1.287499999999909,1.2997999999524836,1.3204999999998108,1.3336999999878572,1.3537999999521162,1.3707999999523963,1.3858999999761181,1.39939999997614,1.421199999987948,1.4335999999643718,1.4538999999763291,1.466299999952298,1.4873999999763328,1.4998999999761509,1.521099999964008,1.5329999999999018,1.5540999999643645,1.5662999999522071,1.5871999999881155,1.6003999999761618,1.621199999988221,1.6334999999999127,1.649499999999989,1.6663999999759653,1.6864999999997963,1.7001999999879445]",0.016648039,0.003472574,103.0,right,1.0,,,,,,2.0,0.0,4.0,0.5,-2.389272681,1.0,1.68108606,0.218795086,95.0,-0.003490659,0.427246221,0.028411926,0.064304978,0.203029515,6.0,0.646589496,-0.961711173,51.0,-0.000872665,0.388957543,0.039197552,0.074659583,0.215725836,5.0,0.474111259,-0.812380289,79.0,-0.004363323,0.40793127,0.02386995,0.059748747,0.165450333,7.0,0.493137493,-0.833976306,80.0,0.000872665,0.408817555,0.034279956,0.069360427,0.160822937,4.0,0.0,0.0,0.0,0.0,0.0,0.0,0.0,0.0,0.0,0.0,0.0,0.0,0.0,0.0,0.0,0.0,0.0,0.0,0.0,0.0,0.0,0.0,0.0,0.0,0.0,0.0,0.0,0.0,0.0,0.0,0.0,0.0,0.0,0.0,0.0,0.0,0.0,0.0,0.0,0.0,0.0,0.0,0.0,0.0,0.0,0.0,0.0,0.0,0.0,0.0,0.0,0.0,0.0,0.0,0.0,0.0,0.0,0.0,0.0,0.0,0.0,0.0,0.0,0.0,0.0,0.0,0.0,0.0,0.0,0.0,0.0,0.0,,,,,,,0.5399,,0.0,8.0,8.0,8.0,1.0,,,,,,,,,,,,,,,,,,,,,,,,,,,,0
S070,2,2024-11-21_13h14.36.924,MotivatedInference,2024.1.5,Win32,60.24096386,668be8e87e83611e680fb3ab,{{%SESSION_ID%},Chrome,,,,,,,,,,,,,,,,,,,,,,,,,,,,,,0.0,,,,,,,,8.0,,,,,,,,,conditions/conds_177.csv,4.0,1.0,,,,,,,,,2888.6175,2891.6982,"[0.0025000000000545697,0.018300000012004602,0.032399999976405525,0.0500000000001819,0.06350000000020373,0.08380000001216104,0.09610000002385277,0.11580000001231383,0.12939999997615814,0.14719999998806088,0.16719999998849744,0.17980000001216467,0.19680000001199005,0.2161999999884756,0.22950000000037107,0.2488999999764019,0.26680000001215376,0.28019999998832645,0.29850000000033106,0.3135000000002037,0.32930000001215376,0.34610000002385277,0.3671000000240383,0.3798000000119828,0.39969999998811545,0.41539999997621635,0.4295000000001892,0.45080000001189546,0.4628999999763437,0.48219999998809726,0.4961000000239437,0.5128000000122483,0.5293999999762491,0.5461000000241256,0.5626999999881264,0.5803000000119027,0.5986999999881846,0.6128000000121574,0.6338999999761654,0.6466999999884138,0.665800000012041,0.6801000000241402,0.700100000024122,0.7128999999763437,0.7326000000239219,0.7481999999881737,0.7651999999884538,0.7843999999763582,0.7996999999882064,0.8128999999762527,0.8326999999881082,0.8461000000238528,0.8635000000003856,0.8831999999883919,0.8970000000003893,0.9161999999882937,0.9301999999884174,0.9503999999765256,0.9633000000121683,0.9833000000121501,0.996800000012172,1.0163999999763291,1.034300000012081,1.0468999999761763,1.066399999976511,1.0796999999884065,1.100100000024213,1.113100000024133,1.1341000000238637,1.1463999999764383,1.1656999999881918,1.1795000000001892,1.1988000000119428,1.2126999999882173,1.2340000000003783,1.2468999999764492,1.26580000001195,1.2803999999764528,1.298899999976129,1.3126999999881264,1.329399999976431,1.3461000000238528,1.3666000000239364,1.383199999988392,1.3960000000001855,1.4156000000239146,1.4295000000001892,1.4488000000119428,1.4628000000120664,1.4833999999764274,1.4963999999763473,1.5156000000238237,1.529399999976249,1.5466000000242275,1.5626999999881264,1.58319999998821,1.596800000012081,1.6166000000239364,1.6303000000120846,1.6526000000239947,1.6633999999762636,1.6820000000002437,1.6960000000003674,1.7126999999882173,1.732600000023922,1.7465000000001965,1.7661999999882028,1.7801999999883265,1.7989999999999782,1.8131999999882282,1.8333000000120592,1.8463999999762564,1.8658999999761363,1.8793999999761581,1.8960000000001855,1.9175000000000182,1.9295000000001892,1.9506000000242238,1.9635000000002947,1.982600000023922,1.9960000000000946,2.015300000012303,2.029300000011972,2.050000000000182,2.0670000000000073,2.08230000001231,2.0961000000238528,2.1155000000003383,2.129399999976158,2.149600000023838,2.163000000000011,2.1825000000003456,2.1958999999765183,2.2156000000240965,2.229500000000371,2.2486000000239983,2.2633000000118955,2.279300000011972,2.29669999998805,2.3160000000002583,2.33039999997618,2.34900000000016,2.3635000000003856,2.3801000000239583,2.3960000000001855,2.4135000000001128,2.4328999999761436,2.446699999988141,2.4653999999763982,2.48210000002382,2.4960000000000946,2.512600000024122,2.5350000000003092,2.54669999998805,2.5655000000001564,2.579399999976431,2.5960000000000036,2.6126999999883083,2.6293000000123357,2.6460000000001855,2.667899999976271,2.6796000000240383,2.6986999999880936,2.71260000002394,2.7293000000122447,2.7460000000000946,2.7661999999882028,2.779300000011972,2.7988000000123066,2.8126999999881264,2.832100000024184,2.8460000000000036,2.867399999976442,2.879399999976158,2.899100000024191,2.91269999998849,2.92939999997634,2.9468999999762673,2.9671000000239474,2.9801999999881446,2.999000000000251,3.012699999988399,3.029300000011972,3.0468999999761763,3.066399999976511,3.080500000000029]",0.016637838,0.002897469,186.0,right,1.0,,,,,,2.0,0.0,8.0,0.5,-1.636361657,1.0,2.562045795,0.916440818,3.0,0.001745329,0.342027877,0.030569748,0.094119191,0.219456558,8.0,1.126485126,-0.776203933,46.0,-8.92894e-14,0.385892478,0.022689461,0.062794509,0.135276835,6.0,0.427918936,-0.755120478,24.0,-0.000872665,0.370951047,0.044446314,0.068882508,0.271498611,5.0,1.638694562,0.135379491,40.0,0.001745329,0.381763748,0.031902579,0.075140032,0.211660484,6.0,1.784059209,0.413710331,66.0,-0.006108652,0.398200129,0.038012219,0.074472022,0.208169201,4.0,1.029465218,-0.883209459,3.0,0.001745329,0.342027877,0.030569748,0.094119191,0.219456558,8.0,0.046131234,-0.092131629,56.0,0.002617994,0.391878159,0.037400891,0.06461151,0.256914973,6.0,0.31877393,-0.595226797,21.0,-0.010471976,0.368150016,0.035450396,0.075174448,0.223969416,6.0,0.0,0.0,0.0,0.0,0.0,0.0,0.0,0.0,0.0,0.0,0.0,0.0,0.0,0.0,0.0,0.0,0.0,0.0,0.0,0.0,0.0,0.0,0.0,0.0,0.0,0.0,0.0,0.0,0.0,0.0,0.0,0.0,0.0,0.0,0.0,0.0,,,,,,,0.6344,,0.0,9.0,9.0,9.0,1.0,,,,,,,,,,,,,,,,,,,,,,,,,,,,0
S070,2,2024-11-21_13h14.36.924,MotivatedInference,2024.1.5,Win32,60.24096386,668be8e87e83611e680fb3ab,{{%SESSION_ID%},Chrome,,,,,,,,,,,,,,,,,,,,,,,,,,,,,,0.0,,,,,,,,7.0,,,,,,,,,conditions/conds_177.csv,4.0,1.0,,,,,,,,,2893.3349,2896.3971,"[0.002300000011928205,0.015100000023721805,0.028600000023743632,0.049800000012055534,0.062300000011873635,0.0814000000359556,0.09530000001177541,0.11599999999998545,0.1293000000118809,0.14890000003561,0.16260000002375818,0.1829000000357155,0.19590000003563546,0.21470000004774192,0.22860000002401648,0.2483000000120228,0.26190000003589375,0.2791000000238455,0.29980000001205553,0.31580000001213193,0.32860000002392553,0.3479000000356791,0.3659000000357082,0.3786000000236527,0.3952000000476801,0.41249999999990905,0.43140000003586465,0.4453000000121392,0.4644000000357664,0.4787000000478656,0.4980000000000473,0.5119000000358938,0.5286000000237436,0.5453000000120483,0.5619000000356209,0.5792000000478765,0.6003000000118845,0.612600000024031,0.6325000000001637,0.6461000000240347,0.6653000000119391,0.6792000000477856,0.6981000000237145,0.7147000000477419,0.7286000000240165,0.7454000000357155,0.7649999999998727,0.7789000000357191,0.7988000000118518,0.8161000000236527,0.8294999999998254,0.8479999999999563,0.862600000024031,0.8817000000476582,0.8952000000476801,0.9148000000118373,0.9286000000238346,0.9453000000121392,0.9619000000357119,0.9786000000240165,0.9953000000118664,1.012000000000171,1.0328000000117754,1.0509000000356536,1.0667000000476037,1.0794999999998254,1.0982000000476546,1.1118000000119537,1.1324000000358865,1.1456000000239328,1.1667000000475127,1.1790000000000873,1.199999999999818,1.2121000000238382,1.2352000000478256,1.2453000000118664,1.26460000002362,1.2786000000237436,1.2981000000236236,1.311900000035621,1.3286000000239255,1.3461000000238528,1.3665000000000873,1.3823000000120373,1.39520000004768,1.4119000000359847,1.4317000000478401,1.4481000000237145,1.4639999999999418,1.4786000000240165,1.4981000000238964,1.512000000000171,1.5336000000238528,1.5459999999998217,1.5650000000000546,1.5794000000355481,1.5989000000358828,1.612600000024031,1.6324000000358865,1.645700000047782,1.664600000023711,1.6793000000120628,1.699999999999818,1.7156000000236418,1.7314000000355918,1.7449000000356136,1.76460000002362,1.7786000000237436,1.795200000047771,1.814700000047651,1.829300000011699,1.8489000000358828,1.862600000024031,1.8823000000120373,1.8961000000240347,1.916400000035992,1.9292000000477856,1.9503000000117936,1.9624000000358137,1.9822000000476692,1.9980000000000473,2.0118000000120446,2.0336000000238528,2.0493000000119537,2.061999999999898,2.082100000023729,2.095600000023751,2.1154000000356064,2.1291000000237545,2.1483000000121137,2.1619000000359847,2.1786000000238346,2.195100000024013,2.211900000035712,2.2334999999998217,2.2453000000118664,2.2645000000002256,2.2786000000237436,2.295100000023922,2.3167000000476037,2.329400000035548,2.3482000000476546,2.3646000000239837,2.3784999999998035,2.397900000035861,2.4119000000359847,2.433200000047691,2.445499999999811,2.4659999999998945,2.47840000003589,2.49790000003577,2.5118000000120446,2.5334000000357264,2.546100000023671,2.561900000035621,2.5786000000239255,2.5961000000238528,2.6154000000356064,2.629300000011881,2.6482000000478365,2.662600000023758,2.6829000000357155,2.6959000000356355,2.715300000012121,2.7325000000000728,2.745200000047589,2.7645000000002256,2.7787000000475928,2.798999999999978,2.8122000000475964,2.8324000000357046,2.8497000000475055,2.86200000000008,2.8784999999998035,2.897900000035861,2.9148000000118373,2.9286000000238346,2.945200000047862,2.961999999999989,2.9834999999998217,2.9953000000118664,3.0148000000117463,3.0284999999998945,3.045200000047771,3.061900000035621]",0.016628261,0.002975309,185.0,right,1.0,,,,,,2.0,0.0,8.0,0.5,-0.889908369,1.0,2.329362908,0.998560478,11.0,-0.013089969,0.357861323,0.044486954,0.075207378,0.243622836,5.0,0.641002871,-0.95858901,34.0,-0.01134464,0.377900669,0.035623555,0.066078969,0.222301383,5.0,2.963856834,0.348032557,4.0,0.001745329,0.345391377,0.044661649,0.086491224,0.292502374,6.0,2.599276507,0.884131668,33.0,-0.006108652,0.377230834,0.032847101,0.067598606,0.249691544,6.0,1.216539105,-0.650706463,55.0,-0.003490659,0.391280598,0.028194872,0.063513844,0.18961797,6.0,0.110527347,-0.219258774,86.0,-0.01134464,0.414570186,0.03611148,0.064685839,0.099529567,3.0,1.042364899,-0.87081753,84.0,-0.002617994,0.412727296,0.032139903,0.078825818,0.191863964,5.0,1.353378533,-0.421261294,14.0,-0.004363323,0.361562951,0.033827978,0.08680928,0.200727788,5.0,0.0,0.0,0.0,0.0,0.0,0.0,0.0,0.0,0.0,0.0,0.0,0.0,0.0,0.0,0.0,0.0,0.0,0.0,0.0,0.0,0.0,0.0,0.0,0.0,0.0,0.0,0.0,0.0,0.0,0.0,0.0,0.0,0.0,0.0,0.0,0.0,,,,,,,0.617,,0.0,10.0,10.0,10.0,1.0,,,,,,,,,,,,,,,,,,,,,,,,,,,,0
S070,2,2024-11-21_13h14.36.924,MotivatedInference,2024.1.5,Win32,60.24096386,668be8e87e83611e680fb3ab,{{%SESSION_ID%},Chrome,,,,,,,,,,,,,,,,,,,,,,,,,,,,,,0.0,,,,,,,,5.0,,,,,,,,,conditions/conds_177.csv,4.0,1.0,,,,,,,,,2898.0138,2901.0828,"[0.0028999999763072992,0.019399999976030813,0.03289999997605264,0.049599999964357266,0.06930000001193548,0.08649999999988722,0.10039999997616178,0.11619999998811181,0.13559999996414263,0.15499999999974534,0.16709999996419356,0.18680000001177177,0.20009999996409533,0.2203000000117754,0.23319999998784624,0.25280000001203007,0.2689999999997781,0.2829999999999018,0.29959999996435727,0.3190999999642372,0.3358999999759362,0.35289999997621635,0.36630000001196095,0.38280000001168446,0.4048000000120737,0.4168999999760672,0.43609999996397164,0.45019999998794447,0.46930000001202643,0.4828999999763255,0.49959999996417537,0.521699999987959,0.5333000000118773,0.5535999999642627,0.5661999999879299,0.5828999999762345,0.5994999999998072,0.6161999999881118,0.6366999999881955,0.653199999987919,0.6695999999642481,0.6878999999762527,0.7003999999760708,0.7198000000116735,0.7336999999879481,0.7528999999763073,0.7671999999879517,0.7860000000000582,0.8033000000118591,0.8163999999760563,0.8373999999762418,0.8503000000118845,0.8695999999640662,0.8865000000000691,0.9029999999997926,0.91680000001179,0.9375,0.9499999999998181,0.9710000000000036,0.9830999999639971,1.0045000000000073,1.0198999999761327,1.0328999999760526,1.0495999999643573,1.06619999998793,1.0828999999762345,1.0994999999998072,1.1161999999881118,1.1354999999998654,1.150399999975889,1.1703000000120483,1.183699999988221,1.2040000000001783,1.2170000000000982,1.2373000000120555,1.2496999999880245,1.2714999999998327,1.283099999964179,1.2996999999882064,1.3188999999761108,1.3330000000000837,1.3503000000118845,1.3699999999998909,1.383699999988039,1.4023999999762964,1.4169999999999163,1.4360000000001492,1.4503000000117936,1.4695000000001528,1.48700000000008,1.5003999999762527,1.5190999999640553,1.536899999975958,1.5498999999763328,1.5709999999999127,1.5839999999998327,1.6028000000119391,1.616300000011961,1.6356999999879918,1.6548999999758962,1.6698999999762236,1.6828000000118664,1.70259999996415,1.7196999999878244,1.7356999999879008,1.7496999999880245,1.7698000000118554,1.783099999964179,1.8028999999760345,1.816300000011779,1.835800000011659,1.8495999999640844,1.8669999999997344,1.8838000000118882,1.9030999999640699,1.9164999999998145,1.9365999999640735,1.9501999999879445,1.97119999998813,1.983099999963997,2.0045999999642845,2.0165000000001783,2.0328999999760526,2.04950000000008,2.0703999999759617,2.083499999999731,2.099499999999807,2.1210000000000946,2.13359999996419,2.1533999999760454,2.1669999999999163,2.1858999999763,2.2024999999998727,2.216199999988021,2.236499999999978,2.2503000000119755,2.2661999999882028,2.285800000011932,2.2995999999643573,2.32109999996419,2.3330000000000837,2.35269999998809,2.366199999988112,2.3828999999759617,2.40309999996407,2.416899999976067,2.4360999999639716,2.4495999999639935,2.466199999988021,2.4828999999763255,2.499499999999898,2.5190999999640553,2.5328000000117754,2.5503000000117027,2.56619999998793,2.5828999999762345,2.5991999999878317,2.61939999997594,2.6354999999998654,2.650099999964368,2.666300000011688,2.6873000000118736,2.699899999975969,2.7160999999641717,2.7328000000120483,2.7539999999999054,2.766300000012052,2.7878000000118845,2.7998999999763328,2.816300000011779,2.8330000000000837,2.85269999998809,2.8669999999997344,2.8859999999999673,2.9003000000120664,2.9208999999759726,2.933699999988221,2.953899999976329,2.966800000011972,2.98700000000008,2.9998000000118736,3.0193000000117536,3.0324999999998,3.052099999964412,3.068899999976111]",0.016663043,0.002947465,185.0,right,1.0,,,,,,1.0,0.0,8.0,0.5,2.126205848,-1.0,1.30265765,-0.510939491,34.0,-0.01134464,0.377900669,0.035623555,0.066078969,0.222301383,5.0,2.129147479,0.898658803,63.0,0.002617994,0.396190386,0.03208284,0.060740902,0.237954322,6.0,2.587646628,0.894759372,15.0,-0.006108652,0.362511679,0.045131456,0.089284594,0.250473103,5.0,2.540398183,0.932902077,60.0,0.008726646,0.394321176,0.024708435,0.063628191,0.162696287,6.0,3.006441733,0.267022331,97.0,0.006981317,0.43254107,0.031598025,0.077611504,0.241207486,6.0,0.231352257,-0.446369866,88.0,0.001745329,0.416906428,0.03407937,0.068935353,0.194962658,5.0,1.633832689,0.125739015,37.0,-0.010471976,0.379878099,0.039758221,0.071440932,0.269646059,5.0,0.017786948,-0.035566393,43.0,0.004363323,0.383893371,0.033132061,0.062242434,0.239996947,6.0,0.0,0.0,0.0,0.0,0.0,0.0,0.0,0.0,0.0,0.0,0.0,0.0,0.0,0.0,0.0,0.0,0.0,0.0,0.0,0.0,0.0,0.0,0.0,0.0,0.0,0.0,0.0,0.0,0.0,0.0,0.0,0.0,0.0,0.0,0.0,0.0,,,,,,,0.5846,,0.0,11.0,11.0,11.0,1.0,,,,,,,,,,,,,,,,,,,,,,,,,,,,0
S070,2,2024-11-21_13h14.36.924,MotivatedInference,2024.1.5,Win32,60.24096386,668be8e87e83611e680fb3ab,{{%SESSION_ID%},Chrome,,,,,,,,,,,,,,,,,,,,,,,,,,,,,,1.0,,,,,,,,4.0,,,,,,,,,conditions/conds_177.csv,4.0,1.0,,,,,,,,,2904.3802,2906.1134,"[0.0016999999879772076,0.016400000035446283,0.032999999999901775,0.04969999998775165,0.06630000001177905,0.08310000002393281,0.09969999998793355,0.11630000001196095,0.13299999999981083,0.14980000001196458,0.16699999999991633,0.18310000002384186,0.1996999999878426,0.21640000003571913,0.23299999999971988,0.2496999999880245,0.2664000000354463,0.2829999999999018,0.29969999998775165,0.31719999998813364,0.3330000000000837,0.3498000000117827,0.36710000002358356,0.3829999999998108,0.39969999998811545,0.4163000000116881,0.43310000002384186,0.4496999999878426,0.46640000003571913,0.4829999999997199,0.49990000003572277,0.516800000011699,0.5341000000234999,0.5496000000239292,0.5664999999999054,0.5830000000000837,0.5996000000236563,0.616300000011961,0.6329000000355336,0.6498000000119646,0.6664000000355372,0.6831000000238419,0.6996000000235654,0.7164999999999964,0.7329999999997199,0.7496999999880245,0.7664000000354463,0.7829000000356245,0.7996000000239292,0.816300000011779,0.8329000000358064,0.8498000000117827,0.8664000000358101,0.8834999999999127,0.900000000000091,0.9163000000116881,0.9329000000357155,0.9498000000116917,0.96630000001187,0.9829999999997199,0.9998000000118736,1.0164000000354463,1.0338000000119791,1.0496999999877517,1.0664000000356282,1.0839000000355554,1.0996999999879336,1.1171999999878608,1.1329000000355336,1.1496999999881155,1.1671000000237655,1.1829999999999927,1.1996999999878426,1.21630000001187,1.2329999999997199,1.2501999999881264,1.2671000000236745,1.2829999999999018,1.2996999999877517,1.3170000000000073,1.3329000000358064,1.3496000000236563,1.36640000003581,1.38310000002366,1.4004000000354608,1.41680000001179,1.4329999999999927,1.4496999999878426,1.4664000000357191,1.4829999999997199,1.4996999999880245,1.5163000000115971,1.5329999999999018,1.5496999999877517,1.5664000000356282,1.5831000000239328,1.5996000000236563,1.6161999999881118,1.6329999999998108,1.6496999999881155,1.666300000011688,1.6831000000238419,1.7001999999879445,1.71630000001187,1.7329999999997199]",0.016647115,0.000419009,105.0,left,1.0,,,,,,2.0,0.0,4.0,0.5,-0.898117059,-1.0,0.106643485,-0.211673525,44.0,-0.006981317,0.384544024,0.027675657,0.071715856,0.246225121,7.0,2.214903794,0.960338855,23.0,0.001745329,0.370048297,0.033576258,0.089212406,0.165879093,5.0,0.652101377,-0.964673904,74.0,-0.002617994,0.403888444,0.032857311,0.06846285,0.186846183,6.0,1.195475244,-0.682108484,36.0,0.002617994,0.379263044,0.03913601,0.077664539,0.168574417,3.0,0.0,0.0,0.0,0.0,0.0,0.0,0.0,0.0,0.0,0.0,0.0,0.0,0.0,0.0,0.0,0.0,0.0,0.0,0.0,0.0,0.0,0.0,0.0,0.0,0.0,0.0,0.0,0.0,0.0,0.0,0.0,0.0,0.0,0.0,0.0,0.0,0.0,0.0,0.0,0.0,0.0,0.0,0.0,0.0,0.0,0.0,0.0,0.0,0.0,0.0,0.0,0.0,0.0,0.0,0.0,0.0,0.0,0.0,0.0,0.0,0.0,0.0,0.0,0.0,0.0,0.0,0.0,0.0,0.0,0.0,0.0,0.0,,,,,,,0.6021,,0.0,12.0,12.0,12.0,1.0,,,,,,,,,,,,,,,,,,,,,,,,,,,,0
S070,2,2024-11-21_13h14.36.924,MotivatedInference,2024.1.5,Win32,60.24096386,668be8e87e83611e680fb3ab,{{%SESSION_ID%},Chrome,,,,,,,,,,,,,,,,,,,,,,,,,,,,,,1.0,,,,,,,,5.0,,,,,,,,,conditions/conds_177.csv,4.0,1.0,,,,,,,,,2907.7302,2910.8301,"[0.0026999999881809345,0.016300000012051896,0.032900000035624544,0.049500000000080036,0.06630000001177905,0.08310000002393281,0.09949999999980719,0.11630000001196095,0.1329000000355336,0.15130000001181543,0.1663000000116881,0.18380000001207009,0.19960000002402012,0.216900000035821,0.23300000000017462,0.2496999999880245,0.2663000000120519,0.2831000000237509,0.29960000002392917,0.31630000001177905,0.3330000000000837,0.34969999998793355,0.3664000000358101,0.3829999999998108,0.3996000000238382,0.4163000000116881,0.43369999998822095,0.4496000000240201,0.46640000003571913,0.4830000000001746,0.4996999999880245,0.5163000000120519,0.5329999999999018,0.5496000000239292,0.566300000011779,0.5830000000000837,0.599999999999909,0.6164000000358101,0.6329999999998108,0.6496000000238382,0.6671999999880427,0.6829000000357155,0.6996000000240201,0.7164000000357191,0.7329000000358974,0.7496000000237473,0.7661000000239255,0.7829999999999018,0.7996000000239292,0.816300000011779,0.8330000000000837,0.8505000000000109,0.8673000000117099,0.8829999999998108,0.9004000000359156,0.9171000000237655,0.9328000000118664,0.9498000000116917,0.9661999999880209,0.9826999999881991,0.9994999999998981,1.016300000012052,1.033100000023751,1.0496000000239292,1.066300000011779,1.0830000000000837,1.0996000000236563,1.1161999999881118,1.1329000000355336,1.1496000000238382,1.166300000011688,1.183699999988221,1.1996999999878426,1.2166000000238455,1.2329000000358974,1.2494999999998981,1.266300000012052,1.2829000000356245,1.2999000000359047,1.3171000000238564,1.3331000000239328,1.3499000000356318,1.3666999999882137,1.3831999999879372,1.400000000000091,1.4171000000237655,1.4339000000359192,1.4506999999880463,1.4670000000000982,1.4829000000358974,1.5001999999881264,1.5165000000001783,1.5331999999880281,1.5504000000355518,1.5671000000238564,1.5834000000359083,1.5999000000356318,1.61640000003581,1.63310000002366,1.6496999999881155,1.666300000011688,1.6829000000357155,1.6996999999878426,1.7171000000239474,1.7333000000116954,1.7496999999880245,1.7671000000236745,1.7838000000119791,1.7998000000120555,1.816300000011779,1.8336000000240347,1.8504000000357337,1.8671000000235836,1.8834999999999127,1.899499999999989,1.916300000011688,1.9329999999999927,1.9504000000356427,1.9666000000238455,1.983699999987948,2,2.0171000000236745,2.0333000000118773,2.049600000023929,2.066300000011779,2.083699999987857,2.0996000000236563,2.116300000011961,2.1340000000000146,2.150000000000091,2.166300000011688,2.183100000023842,2.1998000000116917,2.2164999999999964,2.2331999999878462,2.2496999999880245,2.2671000000236745,2.2833000000118773,2.3001999999878535,2.3171999999881336,2.333699999987857,2.3498000000117827,2.366199999988112,2.3839000000357373,2.400600000023587,2.4171000000237655,2.4335000000000946,2.449500000000171,2.466900000035821,2.4833000000116954,2.4996999999880245,2.516300000012052,2.5329000000356245,2.54950000000008,2.5671999999881336,2.5830000000000837,2.6004000000357337,2.61640000003581,2.6339000000357373,2.6504000000359156,2.6669999999999163,2.6839999999997417,2.7001999999879445,2.7166999999881227,2.7333000000116954,2.7496999999880245,2.767300000011801,2.783199999988028,2.799600000023929,2.81619999998793,2.8329000000358064,2.8503000000118845,2.86640000003581,2.8828000000116845,2.899600000023838,2.91590000003589,2.9329000000357155,2.9504000000356427,2.9699999999998,2.9831000000240238,2.9998000000118736,3.01669999998785,3.0329000000356245,3.04950000000008,3.06619999998793,3.0829000000358064,3.0996999999879336]",0.016650538,0.000605641,187.0,right,1.0,,,,,,1.0,0.0,8.0,0.5,2.126205848,-1.0,1.30265765,-0.510939491,34.0,-0.01134464,0.377900669,0.035623555,0.066078969,0.222301383,5.0,2.129147479,0.898658803,63.0,0.002617994,0.396190386,0.03208284,0.060740902,0.237954322,6.0,2.587646628,0.894759372,15.0,-0.006108652,0.362511679,0.045131456,0.089284594,0.250473103,5.0,2.540398183,0.932902077,60.0,0.008726646,0.394321176,0.024708435,0.063628191,0.162696287,6.0,3.006441733,0.267022331,97.0,0.006981317,0.43254107,0.031598025,0.077611504,0.241207486,6.0,0.231352257,-0.446369866,88.0,0.001745329,0.416906428,0.03407937,0.068935353,0.194962658,5.0,1.633832689,0.125739015,37.0,-0.010471976,0.379878099,0.039758221,0.071440932,0.269646059,5.0,0.017786948,-0.035566393,43.0,0.004363323,0.383893371,0.033132061,0.062242434,0.239996947,6.0,0.0,0.0,0.0,0.0,0.0,0.0,0.0,0.0,0.0,0.0,0.0,0.0,0.0,0.0,0.0,0.0,0.0,0.0,0.0,0.0,0.0,0.0,0.0,0.0,0.0,0.0,0.0,0.0,0.0,0.0,0.0,0.0,0.0,0.0,0.0,0.0,,,,,,,0.5013,,0.0,13.0,13.0,13.0,1.0,,,,,,,,,,,,,,,,,,,,,,,,,,,,0
S070,2,2024-11-21_13h14.36.924,MotivatedInference,2024.1.5,Win32,60.24096386,668be8e87e83611e680fb3ab,{{%SESSION_ID%},Chrome,,,,,,,,,,,,,,,,,,,,,,,,,,,,,,1.0,,,,,,,,10.0,,,,,,,,,conditions/conds_177.csv,4.0,1.0,,,,,,,,,2912.3306,2916.7965,"[0.00359999996408078,0.015899999976227264,0.03249999999979991,0.04929999995238177,0.06579999995210528,0.08259999996425904,0.0990999999644373,0.11579999995228718,0.1325000000001637,0.15000000000009095,0.16579999995246908,0.18239999997604173,0.19909999996434635,0.2168999999762491,0.2333999999759726,0.24919999998792264,0.26559999996425177,0.28219999998827916,0.2990999999642554,0.31559999996443366,0.3324999999999818,0.3497999999522108,0.3657999999522872,0.3825000000001637,0.3991999999880136,0.4157999999524691,0.43249999999989086,0.4491999999881955,0.46649999999999636,0.48250000000007276,0.4990999999640735,0.5165999999644555,0.5331999999880281,0.5500000000001819,0.5662999999522071,0.5830999999643609,0.5998999999760599,0.61569999998801,0.6325000000001637,0.6490999999641645,0.6657999999524691,0.6824999999998909,0.6997999999521198,0.7164999999999964,0.7328999999763255,0.7496999999880245,0.7661999999882028,0.7826999999879263,0.7993999999762309,0.8161999999879299,0.83319999998821,0.8497999999522108,0.8666999999882137,0.8834999999999127,0.8994999999999891,0.9160000000001673,0.9333999999762455,0.949899999975969,0.9659999999998945,0.9823999999762236,0.9991999999879226,1.0157999999523781,1.0323999999759508,1.0490999999642554,1.0657999999521053,1.0823999999761327,1.0991999999882864,1.1165999999643645,1.1325000000001637,1.1490999999641645,1.1656999999881918,1.1827999999522945,1.1990999999643464,1.2160999999641717,1.2325000000000728,1.2490999999640735,1.2657999999523781,1.2825999999640771,1.2991999999881045,1.3157999999521053,1.33319999998821,1.3491999999882864,1.3657999999522872,1.3825000000001637,1.3990999999641645,1.4158999999763182,1.4324999999998909,1.4490999999643464,1.4657999999521962,1.4825000000000728,1.4998999999761509,1.5165999999644555,1.5333999999761545,1.5491999999881045,1.5665999999641826,1.583099999964361,1.5990999999644373,1.6157999999522872,1.6325000000001637,1.6496999999881155,1.6664999999998145,1.683199999988119,1.6995999999644482,1.7155999999640699,1.7325000000000728,1.7489999999997963,1.7657999999523781,1.7823999999759508,1.7990999999642554,1.8156999999882828,1.8324999999999818,1.84989999997606,1.8665999999643645,1.8823999999763146,1.8991999999880136,1.915799999952469,1.9323999999760417,1.9490000000000691,1.9657999999521962,1.9823999999762236,1.9990999999640735,2.015799999952378,2.0324999999998,2.0490999999642554,2.065699999988283,2.0823999999761327,2.0991999999882864,2.115799999952287,2.1325000000001637,2.1490999999641645,2.165799999952469,2.1823999999760417,2.1990999999643464,2.2157999999521962,2.2325000000000728,2.2490999999640735,2.265699999988101,2.2824999999998,2.2991999999881045,2.315699999988283,2.3323999999761327,2.3491999999882864,2.3665000000000873,2.3823999999763146,2.3990999999641645,2.415799999952469,2.4323999999760417,2.4491999999881955,2.4664999999999964,2.4823999999762236,2.4991999999879226,2.515799999952378,2.5324999999998,2.5491999999881045,2.5663999999760563,2.5832999999524873,2.599799999952211,2.6158999999761363,2.6322999999524654,2.6490999999641645,2.665799999952469,2.6832999999523963,2.699500000000171,2.715699999987919,2.7351999999882537,2.7490999999640735,2.7655999999642518,2.782599999964077,2.7992999999523818,2.81619999998793,2.832699999988108,2.849999999999909,2.8665000000000873,2.8832999999522144,2.89939999997614,2.9164999999998145,2.93309999996427,2.9490999999643464,2.966299999952298,2.98259999996435,2.9992999999522,3.0158999999762273,3.032599999964077,3.0498999999763328,3.066099999964081,3.08319999998821,3.0991999999882864,3.115799999952287,3.1325000000001637,3.1489999999998872,3.166799999952218,3.183199999988119,3.19979999995212,3.2157999999521962,3.233599999964099,3.2491999999879226,3.2660999999643536,3.28209999996443,3.2990999999642554,3.3155999999644337,3.3322999999522835,3.34989999997606,3.36569999998801,3.3823999999763146,3.3990999999641645,3.415699999988192,3.43309999996427,3.4490999999643464,3.465699999987919,3.4823999999762236,3.4990999999640735,3.515799999952378,3.5324999999998,3.5497999999524836,3.565699999988283,3.5822999999522835,3.5990999999644373,3.6165999999643645,3.6332999999522144,3.6490999999641645,3.665699999988192,3.6823999999760417,3.6990999999643464,3.7157999999521962,3.733099999964452,3.7491999999879226,3.765699999988101,3.7823999999759508,3.7990999999642554,3.815699999988283,3.8323999999761327,3.84900000000016,3.8658999999761363,3.8823999999763146,3.8990999999641645,3.9155999999643427,3.9323999999760417,3.949000000000069,3.965699999987919,3.9823999999762236,3.9990999999640735,4.015699999988101,4.032399999975951,4.049099999964255,4.065699999988283,4.08319999998821,4.099099999964437,4.116399999976238,4.133199999987937,4.1490999999641645,4.165799999952469,4.182399999976042,4.199099999964346,4.215799999952196,4.232699999988199,4.250099999964277,4.265899999976227,4.284299999952509,4.299399999976231,4.315799999952105,4.332399999976133,4.34900000000016,4.366500000000087,4.383099999964088,4.3990999999641645,4.415699999988192,4.432499999999891,4.449699999988297,4.465699999987919]",0.016649627,0.000548845,269.0,right,1.0,,,,,,1.0,0.0,12.0,0.5,3.923685315,-1.0,1.118965793,-0.78559741,84.0,-0.002617994,0.412727296,0.032139903,0.078825818,0.191863964,5.0,2.904392062,0.456805841,18.0,-0.008726646,0.365457086,0.031782524,0.075683607,0.153768306,4.0,0.002769694,-0.00553936,12.0,0.006981317,0.359228273,0.039160557,0.080955667,0.284615847,7.0,2.73388612,0.728008846,58.0,-8.92894e-14,0.393104459,0.040573715,0.076987883,0.227814169,5.0,2.238424159,0.97238831,88.0,0.001745329,0.416906428,0.03407937,0.068935353,0.194962658,5.0,1.729499195,0.312102938,2.0,0.008726646,0.338473989,0.032964075,0.086271212,0.185208292,4.0,1.962070227,0.705088401,43.0,0.004363323,0.383893371,0.033132061,0.062242434,0.239996947,6.0,2.323511968,0.997864466,100.0,-0.001745329,0.484835711,0.035177462,0.059949939,0.178411257,4.0,1.853994222,0.536594162,68.0,0.009599311,0.399449425,0.031951263,0.065393928,0.165147664,5.0,1.221974717,-0.642413335,85.0,0.003490659,0.413672168,0.024690997,0.064801949,0.114487367,4.0,1.432679777,-0.272733495,47.0,-0.003490659,0.386485672,0.032547094,0.064121381,0.201087455,6.0,2.556123915,0.921115951,19.0,-8.92894e-14,0.366380653,0.037711395,0.069882825,0.280007013,7.0,,,,,,,0.5349,,0.0,14.0,14.0,14.0,1.0,,,,,,,,,,,,,,,,,,,,,,,,,,,,0
S070,2,2024-11-21_13h14.36.924,MotivatedInference,2024.1.5,Win32,60.24096386,668be8e87e83611e680fb3ab,{{%SESSION_ID%},Chrome,,,,,,,,,,,,,,,,,,,,,,,,,,,,,,1.0,,,,,,,,6.0,,,,,,,,,conditions/conds_177.csv,4.0,1.0,,,,,,,,,2918.3143,2921.4473,"[0.0026999999881809345,0.015800000011950033,0.032000000000152795,0.04859999996415354,0.06530000001203007,0.0820000000003347,0.0993999999764128,0.1150999999645137,0.13200000000006185,0.14939999997613995,0.16609999996444458,0.1831999999881191,0.19880000001194276,0.21550000000024738,0.2319999999999709,0.2485999999644264,0.26530000001184817,0.2820000000001528,0.2986999999880027,0.3153999999763073,0.33189999997648556,0.3486999999881846,0.36530000001221197,0.3828000000121392,0.39869999998836647,0.41539999997621635,0.43200000000024374,0.44939999997632185,0.4655000000002474,0.4819999999999709,0.4985999999644264,0.5155999999642518,0.53209999996443,0.5485999999641535,0.5651999999881809,0.5820000000003347,0.5986999999881846,0.6159999999999854,0.6328000000121392,0.6493000000118627,0.6653000000119391,0.6820000000002437,0.6996999999882973,0.7160999999641717,0.7319999999999709,0.7485999999644264,0.7653000000118482,0.7820000000001528,0.7985999999641535,0.8155999999644337,0.8320000000003347,0.8485999999643354,0.8659999999999854,0.8820999999643391,0.8985000000002401,0.915800000012041,0.93309999996427,0.9486999999880936,0.965300000012121,0.9825000000000728,0.9986999999882755,1.0153999999761254,1.0320000000001528,1.0486999999880027,1.0653999999763073,1.082599999964259,1.0990999999644373,1.1151999999883628,1.13269999998829,1.1485999999645173,1.1653999999762163,1.1818999999763946,1.1986999999880936,1.215300000012121,1.231999999999971,1.2486999999882755,1.2653000000118482,1.2820000000001528,1.2986999999880027,1.31530000001203,1.3320000000003347,1.3493999999764128,1.365300000012212,1.3820000000000618,1.3986999999883665,1.4153000000119391,1.4320000000002437,1.4486999999880936,1.465300000012121,1.481999999999971,1.4986999999882755,1.5153000000118482,1.5320000000001528,1.5485999999641535,1.56530000001203,1.5820000000003347,1.5986999999881846,1.6161999999881118,1.632099999964339,1.6485999999645173,1.6653000000119391,1.6820000000002437,1.6986999999880936,1.7153999999763982,1.7318999999761218,1.7486999999882755,1.7654999999999745,1.7820000000001528,1.799399999976231,1.8161999999883847,1.8321999999880063,1.8488000000120337,1.865300000012212,1.8818999999762127,1.898399999976391,1.9153000000119391,1.932099999964521,1.9493000000120446,1.965300000012121,1.9818999999761218,1.9986999999882755,2.015300000011848,2.032000000000153,2.0485999999641535,2.06530000001203,2.0820000000003347,2.099399999976413,2.115399999976489,2.132599999964441,2.1485999999645173,2.1653999999762163,2.182099999964521,2.1985999999642445,2.2155999999645246,2.2318999999761218,2.2485999999644264,2.26509999996415,2.282000000000153,2.2985999999641535,2.31530000001203,2.3318999999764856,2.3485999999643354,2.365300000012212,2.3818999999762127,2.3985999999645173,2.4153999999762163,2.4318999999763946,2.4486999999880936,2.465300000012121,2.482099999964248,2.4986999999882755,2.515199999987999,2.532000000000153,2.5485999999641535,2.56530000001203,2.5818999999764856,2.5985999999643354,2.615300000012212,2.632099999964339,2.6486999999883665,2.665300000011939,2.6820000000002437,2.6986999999880936,2.715300000012121,2.731999999999971,2.7485999999644264,2.765300000011848,2.7818999999763037,2.798999999999978,2.81530000001203,2.832099999964157,2.8486999999881846,2.865300000012212,2.882599999964441,2.89850000000024,2.915300000011939,2.9320000000002437,2.9485999999642445,2.9653999999763982,2.9818999999761218,2.9985999999644264,3.015300000011848,3.032699999988381,3.048800000011852,3.06530000001203,3.0820000000003347,3.0985999999643354,3.116199999988112,3.13269999998829]",0.016648936,0.00044297,189.0,left,1.0,,,,,,1.0,0.0,8.0,0.5,4.214368075,1.0,2.929897617,0.410853543,97.0,0.006981317,0.43254107,0.031598025,0.077611504,0.241207486,6.0,2.041961709,0.808930563,25.0,0.001745329,0.371739039,0.031180836,0.079221418,0.176784845,4.0,0.485583038,-0.825544335,88.0,0.001745329,0.416906428,0.03407937,0.068935353,0.194962658,5.0,2.377570578,0.999086265,59.0,0.006981317,0.393731017,0.031135395,0.06163787,0.205460115,5.0,2.375916151,0.999222213,56.0,0.002617994,0.391878159,0.037400891,0.06461151,0.256914973,6.0,2.071472456,0.842200843,27.0,-0.002617994,0.373032979,0.031793157,0.076653108,0.191027089,4.0,1.687969803,0.232207837,18.0,-0.008726646,0.365457086,0.031782524,0.075683607,0.153768306,4.0,2.719514285,0.747411146,14.0,-0.004363323,0.361562951,0.033827978,0.08680928,0.200727788,5.0,0.0,0.0,0.0,0.0,0.0,0.0,0.0,0.0,0.0,0.0,0.0,0.0,0.0,0.0,0.0,0.0,0.0,0.0,0.0,0.0,0.0,0.0,0.0,0.0,0.0,0.0,0.0,0.0,0.0,0.0,0.0,0.0,0.0,0.0,0.0,0.0,,,,,,,0.7067,,0.0,15.0,15.0,15.0,1.0,,,,,,,,,,,,,,,,,,,,,,,,,,,,0
S070,2,2024-11-21_13h14.36.924,MotivatedInference,2024.1.5,Win32,60.24096386,668be8e87e83611e680fb3ab,{{%SESSION_ID%},Chrome,,,,,,,,,,,,,,,,,,,,,,,,,,,,,,1.0,,,,,,,,9.0,,,,,,,,,conditions/conds_177.csv,4.0,1.0,,,,,,,,,2923.1517,2927.6489,"[0.0035000000002582965,0.015199999987999036,0.031199999988075433,0.045199999988199124,0.06430000001182634,0.07869999998820276,0.09749999999985448,0.11119999998800267,0.1321999999881882,0.14860000002408924,0.16119999998818457,0.17790000003560635,0.19460000002391098,0.21469999998817002,0.23069999998824642,0.24450000000024374,0.2638000000119973,0.27880000001187,0.2994000000358028,0.3119000000356209,0.3311000000239801,0.3451000000241038,0.3666999999882137,0.37830000001213193,0.39449999999987995,0.4113000000120337,0.4278000000117572,0.4498000000121465,0.4621000000238382,0.4814000000355918,0.49530000001186636,0.5111999999880936,0.5321000000240019,0.5453000000120483,0.5654000000358792,0.5786000000239255,0.5945000000001528,0.614699999988261,0.6316999999880863,0.6476999999881627,0.6649999999999636,0.6781000000237327,0.6976999999883446,0.7144000000357664,0.7278000000119391,0.7446000000240929,0.7660000000000764,0.7783000000117681,0.7978000000121028,0.8113000000121247,0.8309000000358537,0.8493000000121356,0.8619000000358028,0.8809000000355809,0.89449999999988,0.9161999999882937,0.9283000000118591,0.9479999999998654,0.9619999999999891,0.9813000000117427,0.9996000000237473,1.01419999998825,1.030999999999949,1.04830000001175,1.064699999988079,1.0778000000118482,1.0945000000001528,1.1153000000117572,1.128300000012132,1.1489999999998872,1.1613000000120337,1.1806999999880645,1.1975000000002183,1.2111999999879117,1.2279000000357883,1.2446000000240929,1.2661000000239255,1.2781000000240965,1.2984999999998763,1.3119999999998981,1.33199999999988,1.3454000000356245,1.3646000000239837,1.3781999999882828,1.399499999999989,1.414600000023711,1.4279000000356064,1.447300000012092,1.4613000000117609,1.4778000000119391,1.4986000000239983,1.5123000000121465,1.5326999999879263,1.5451999999881991,1.5641999999879772,1.5778000000118482,1.5991999999882864,1.6118000000119537,1.632100000023911,1.64569999998821,1.6643000000121901,1.67890000003581,1.6991000000239183,1.7113000000117609,1.7274999999999636,1.7444000000359665,1.7651000000237218,1.7786000000237436,1.7984999999998763,1.811900000035621,1.8279000000356973,1.8454000000356245,1.866300000011961,1.8780000000001564,1.8996999999881155,1.9116999999882864,1.927699999987908,1.9449000000358865,1.964100000023791,1.9786000000240165,1.9980000000000473,2.01210000002402,2.031100000023798,2.0476999999882537,2.065900000035981,2.0781000000238237,2.09900000000016,2.1145000000001346,2.12780000001203,2.1489999999998872,2.161400000035883,2.177800000011757,2.1998000000121465,2.2121999999881155,2.231100000024071,2.2453000000118664,2.2639000000358465,2.277800000012121,2.299400000035803,2.311999999999898,2.3318000000117536,2.3453000000117754,2.36569999998801,2.378900000035628,2.3986000000240892,2.411600000024009,2.430900000035763,2.444699999988188,2.46540000003597,2.4780000000000655,2.4971000000236927,2.5118000000120446,2.530999999999949,2.5453000000120483,2.564600000023802,2.578199999988101,2.598300000011932,2.6116999999881045,2.6314000000356828,2.645199999988108,2.665300000011939,2.681600000023991,2.697400000035941,2.7144000000357664,2.7279000000357883,2.7491999999879226,2.7649999999998727,2.777800000012121,2.7946999999880973,2.816300000011779,2.828199999988101,2.8491999999882864,2.8611999999880027,2.88310000002366,2.894600000023729,2.916500000000269,2.9279999999998836,2.944500000000062,2.9611999999879117,2.977800000011939,2.9944000000359665,3.0111999999880936,3.032600000024104,3.045199999988199,3.06530000001203,3.0786999999882028,3.097400000036032,3.1154999999998836,3.1285000000002583,3.147400000035759,3.1619000000359847,3.1829999999999927,3.194600000023911,3.2111999999879117,3.2279000000357883,3.2445000000002437,3.2649000000355954,3.2786000000237436,3.2976000000239765,3.3111999999882755,3.3286999999882028,3.348500000000058,3.361900000035803,3.3804000000359338,3.395199999988108,3.416500000000269,3.4284999999999854,3.4496999999882973,3.4656000000240965,3.4779000000357883,3.497300000011819,3.515199999987999,3.52790000003597,3.5444000000356937,3.564600000023802,3.5791000000240274,3.594500000000153,3.6111000000237254,3.62869999998793,3.6476999999881627,3.6611999999881846,3.6829000000357155,3.694600000023911,3.714199999988068,3.727800000011939,3.7454000000357155,3.7654999999999745,3.7784999999998945,3.798400000035599,3.8116999999879226,3.8308000000120046,3.8444000000358756,3.8611000000237254,3.883199999987937,3.8953000000119573,3.9154000000357883,3.9279999999998836,3.9496999999882973,3.9616000000237364,3.9811999999883483,3.9953000000118664,4.0145000000002256,4.028600000023744,4.047900000035952,4.062100000023747,4.08110000002398,4.094500000000153,4.111100000023725,4.128600000024107,4.149400000035712,4.164800000011837,4.177800000011757,4.197500000000218,4.214500000000044,4.232500000000073,4.2454000000357155,4.26419999998825,4.282199999988279,4.29460000002382,4.315199999988181,4.327900000035697,4.349600000024111,4.361199999988003,4.383199999987937,4.394699999988006,4.416000000000167,4.427800000011757,4.445300000012139,4.464300000011917,4.477800000011939,4.497100000023693]",0.016642963,0.003195194,271.0,left,1.0,,,,,,1.0,0.0,12.0,0.5,1.352318335,1.0,2.976313774,0.324570641,54.0,-0.000872665,0.390632361,0.034931933,0.073298853,0.195852464,4.0,2.673432932,0.805381887,51.0,-0.000872665,0.388957543,0.039197552,0.074659583,0.215725836,5.0,2.255308426,0.979712972,7.0,-0.003490659,0.352071506,0.033456274,0.080650645,0.190019159,6.0,0.785603586,-0.999999916,20.0,0.004363323,0.367239871,0.029881231,0.073743484,0.121468441,4.0,2.006426857,0.765141494,25.0,0.001745329,0.371739039,0.031180836,0.079221418,0.176784845,4.0,2.254121908,0.979234643,9.0,0.01134464,0.355140301,0.038458273,0.073668072,0.274720221,7.0,2.944478687,0.38409546,3.0,0.001745329,0.342027877,0.030569748,0.094119191,0.219456558,8.0,0.330705397,-0.614230758,59.0,0.006981317,0.393731017,0.031135395,0.06163787,0.205460115,5.0,0.7731383,-0.999699407,9.0,0.01134464,0.355140301,0.038458273,0.073668072,0.274720221,7.0,0.752901259,-0.997888646,64.0,-0.012217305,0.396824946,0.026418425,0.079335183,0.168726505,6.0,0.044601625,-0.089084996,47.0,-0.003490659,0.386485672,0.032547094,0.064121381,0.201087455,6.0,2.047234241,0.815084959,17.0,-0.004363323,0.364429878,0.03744875,0.082879054,0.20378895,5.0,,,,,,,0.6341,,0.0,16.0,16.0,16.0,1.0,,,,,,,,,,,,,,,,,,,,,,,,,,,,0
S070,2,2024-11-21_13h14.36.924,MotivatedInference,2024.1.5,Win32,60.24096386,668be8e87e83611e680fb3ab,{{%SESSION_ID%},Chrome,,,,,,,,,,,,,,,,,,,,,,,,,,,,,,1.0,,,,,,,,11.0,,,,,,,,,conditions/conds_177.csv,4.0,1.0,,,,,,,,,2929.2844,2933.7637,"[0.0032000000473999535,0.014600000023619941,0.028400000035617268,0.04780000001164808,0.0648000000119282,0.07910000002357265,0.09890000003542809,0.11549999999988358,0.12860000002365268,0.14880000001176086,0.16230000001178269,0.18190000003551177,0.19560000002365996,0.2157000000474909,0.22870000004741087,0.2480000000000473,0.26170000004731264,0.27840000003561727,0.300499999999829,0.31180000001177177,0.33370000004742906,0.3499000000356318,0.3619000000358028,0.38140000003568275,0.3958000000116044,0.41449999999986176,0.4284000000357082,0.4497000000474145,0.4624000000358137,0.48290000003544264,0.49860000002354354,0.5116000000234635,0.5309000000356718,0.5451000000234671,0.5646000000238018,0.5784000000357992,0.5977000000475527,0.6132000000475273,0.63149999999996,0.6451000000238309,0.665700000047309,0.6828000000118664,0.6979000000355882,0.7117000000475855,0.7329999999997199,0.7459000000358174,0.7654999999999745,0.7792000000476946,0.7999999999997272,0.8118000000117718,0.8312000000473745,0.845100000023649,0.864200000047731,0.8791000000237545,0.8997000000476874,0.9123000000117827,0.9314000000354099,0.9451000000235581,0.9644000000357664,0.9792000000475127,1,1.0118000000115899,1.031500000000051,1.048400000035599,1.0644999999999527,1.0784000000357992,1.0949999999998,1.1164999999996326,1.1292000000476037,1.1497000000476874,1.1628000000118845,1.1784999999999854,1.1954999999998108,1.21630000001187,1.2291000000236636,1.2480000000000473,1.2617000000473126,1.2834000000357264,1.2952000000473163,1.3118000000117718,1.3324000000357046,1.3479999999999563,1.3617000000476764,1.3812000000475564,1.3999000000358137,1.4117000000474036,1.4313000000115608,1.4486000000238164,1.4644000000357664,1.4784000000354354,1.4984999999996944,1.5149999999998727,1.5314000000357737,1.5482000000474727,1.5644999999999527,1.5814000000355009,1.5949999999998,1.6117000000476764,1.6284000000355263,1.6477000000477346,1.6617000000474036,1.6817000000473854,1.699999999999818,1.7121000000238382,1.7319000000356937,1.7484999999996944,1.7648000000117463,1.7784000000356173,1.7998000000116008,1.8118000000117718,1.8311000000235254,1.8449999999998,1.8618000000119537,1.882600000023558,1.8989999999998872,1.9144999999998618,1.9287000000476837,1.9481000000237145,1.9617000000475855,1.9828000000115935,1.9954999999999927,2.0144000000354936,2.0291000000238455,2.047800000011648,2.0617000000474945,2.078400000035799,2.100100000023758,2.11240000003545,2.13149999999996,2.144999999999982,2.1617000000474036,2.178300000011859,2.194999999999709,2.2124000000358137,2.2324000000357955,2.2454000000357155,2.264700000047469,2.2784000000356173,2.297900000035497,2.3117000000474945,2.32830000001195,2.345100000023649,2.3664999999996326,2.3784000000355263,2.3989999999998872,2.412400000035632,2.4312000000477383,2.445100000023558,2.4644000000357664,2.4783000000115862,2.5,2.5121000000235654,2.5313000000119246,2.544999999999618,2.564600000023802,2.5819000000356027,2.5954000000356245,2.615300000011757,2.6291000000237545,2.6477000000477346,2.66190000003553,2.6822000000474873,2.6958000000117863,2.7117000000475855,2.7284000000354354,2.7496000000237473,2.765700000047673,2.7812000000476473,2.794999999999618,2.8117000000474945,2.83360000002358,2.849300000011681,2.86240000003545,2.8834999999999127,2.8958000000116044,2.9117000000474036,2.928300000011859,2.9498000000116917,2.962100000023838,2.9834000000355445,2.9954000000357155,3.01460000002362,3.028200000047491,3.0482000000474727,3.0617000000474945,3.078400000035799,3.0976000000237036,3.114600000023529,3.133200000047509,3.145700000047327,3.1649000000356864,3.1791000000234817,3.195100000023558,3.2117000000475855,3.2283000000115862,3.244999999999891,3.265700000047673,3.2792000000476946,3.2982000000474727,3.311900000035621,3.328600000023471,3.34780000001183,3.3640000000000327,3.378100000023551,3.3999000000358137,3.4161000000235617,3.428400000035708,3.4489999999996144,3.465700000047491,3.4784000000354354,3.4981000000238964,3.5117000000473126,3.533800000011979,3.5493000000119537,3.5617000000474945,3.5817000000474764,3.5949999999998,3.615700000047582,3.6319000000357846,3.649400000035712,3.662600000023758,3.681499999999687,3.6959999999999127,3.71630000001187,3.7284999999997126,3.7480000000000473,3.7617000000473126,3.778200000047491,3.797800000011648,3.814700000047651,3.82830000001195,3.8476000000237036,3.8618000000119537,3.8811000000237073,3.8959000000354536,3.9149999999999636,3.930900000035763,3.945100000023558,3.9617000000475855,3.9833000000116954,3.998400000035417,4.0116000000234635,4.032700000047498,4.0453000000115935,4.066800000011881,4.079100000023573,4.098500000000058,4.11240000003545,4.131600000023809,4.1502000000473345,4.161700000047404,4.178400000035708,4.195800000011786,4.216800000011972,4.229100000023664,4.248700000047393,4.265300000011848,4.278300000011768,4.294999999999618,4.312700000047698,4.329300000011699,4.34940000003553,4.361700000047676,4.381700000047658,4.395100000023831,4.415100000023813,4.428300000011859,4.447900000035588,4.4617000000475855,4.479100000023664]",0.016639033,0.003021755,270.0,left,1.0,,,,,,2.0,0.0,12.0,0.5,-5.483921975,-1.0,0.555308497,-0.895972869,10.0,-0.004363323,0.356575755,0.034939804,0.084929929,0.233599272,6.0,1.470966966,-0.198334843,25.0,0.001745329,0.371739039,0.031180836,0.079221418,0.176784845,4.0,2.354552799,0.99999461,3.0,0.001745329,0.342027877,0.030569748,0.094119191,0.219456558,8.0,1.37884655,-0.374539018,54.0,-0.000872665,0.390632361,0.034931933,0.073298853,0.195852464,4.0,3.130679268,0.021825039,90.0,-0.005235988,0.41932645,0.033694537,0.059919896,0.18718849,4.0,0.090840919,-0.180683986,50.0,-0.003490659,0.388365859,0.031859869,0.061653869,0.235670302,6.0,0.761526239,-0.998860479,56.0,0.002617994,0.391878159,0.037400891,0.06461151,0.256914973,6.0,1.378510806,-0.375161544,1.0,-0.007853982,0.332308035,0.049961894,0.10302439,0.316973442,6.0,0.723093719,-0.992246353,33.0,-0.006108652,0.377230834,0.032847101,0.067598606,0.249691544,6.0,1.236258166,-0.620261723,86.0,-0.01134464,0.414570186,0.03611148,0.064685839,0.099529567,3.0,0.551959429,-0.892978091,7.0,-0.003490659,0.352071506,0.033456274,0.080650645,0.190019159,6.0,0.893537675,-0.976702719,12.0,0.006981317,0.359228273,0.039160557,0.080955667,0.284615847,7.0,,,,,,,0.8176,,0.0,17.0,17.0,17.0,1.0,,,,,,,,,,,,,,,,,,,,,,,,,,,,0
S070,2,2024-11-21_13h14.36.924,MotivatedInference,2024.1.5,Win32,60.24096386,668be8e87e83611e680fb3ab,{{%SESSION_ID%},Chrome,,,,,,,,,,,,,,,,,,,,,,,,,,,,,,-1.0,,,,,,,,6.0,,,,,,,,,conditions/conds_177.csv,4.0,1.0,,,,,,,,,2936.8297,2939.9638,"[0.003100000024005567,0.016600000024027395,0.03290000003607929,0.04960000002392917,0.0663000000122338,0.08360000002403467,0.09960000002411107,0.11619999998811181,0.1328000000121392,0.14949999999998909,0.16630000001214285,0.1829000000357155,0.19960000002402012,0.21630000001187,0.23300000000017462,0.2496999999880245,0.26640000003590103,0.2830000000003565,0.29950000000008004,0.31619999998838466,0.33290000003580644,0.35030000001188455,0.3670000000001892,0.3830000000002656,0.3996000000238382,0.4168000000122447,0.4329999999999927,0.44940000003589375,0.4666999999881227,0.4829000000358974,0.49990000003572277,0.5166000000240274,0.5334000000357264,0.5500000000001819,0.5666000000242093,0.5834000000359083,0.6000000000003638,0.616300000011961,0.6333000000122411,0.6499000000358137,0.6666000000241183,0.6831999999881191,0.6999000000359956,0.7168000000119719,0.7341000000242275,0.7495000000003529,0.766400000035901,0.7829000000360793,0.79950000000008,0.8163000000122338,0.8340000000002874,0.8499000000360866,0.866300000011961,0.8840000000000146,0.9004000000359156,0.9161999999882937,0.9329000000357155,0.9496000000240201,0.9670000000000982,0.9829000000358974,0.999600000024202,1.016300000012052,1.0330000000003565,1.0505000000002838,1.0661999999883847,1.0828000000119573,1.099600000024111,1.116300000011961,1.1330000000002656,1.150000000000091,1.1666000000241183,1.1828000000118664,1.1996000000240201,1.2161999999880209,1.2330000000001746,1.249600000024202,1.266300000012052,1.2829000000360793,1.2996000000239292,1.3161999999883847,1.3336000000240347,1.3504000000357337,1.366900000035912,1.3829000000359883,1.3996000000238382,1.4163000000121428,1.4329999999999927,1.4496000000240201,1.46630000001187,1.4830000000001746,1.4995000000003529,1.5160000000000764,1.5329000000360793,1.54950000000008,1.5666000000242093,1.5829000000358064,1.599600000024111,1.6161999999881118,1.6329000000359883,1.6496000000238382,1.6669000000360938,1.6829000000357155,1.6996000000240201,1.7161999999880209,1.7329000000358974,1.749600000024202,1.766300000012052,1.7829000000360793,1.7996000000239292,1.8161999999883847,1.8333000000120592,1.849600000024111,1.8661999999881118,1.8834000000360902,1.8996000000238382,1.9161999999882937,1.9329000000357155,1.9506000000242238,1.9661999999880209,1.9829000000358974,1.999600000024202,2.0161999999882028,2.0339000000358283,2.0496999999882064,2.0661999999883847,2.0830000000000837,2.099600000024111,2.116300000011961,2.1335000000003674,2.149600000023838,2.1661999999882937,2.1834000000358174,2.1998000000121465,2.216199999988021,2.2329000000358974,2.249500000000353,2.2661999999882028,2.2834000000357264,2.299600000023929,2.316300000012234,2.3336000000240347,2.349500000000262,2.367000000000189,2.3836000000242166,2.3996999999881155,2.4161999999882937,2.4329000000357155,2.4514000000358465,2.465900000036072,2.482699999988199,2.4998000000118736,2.5161000000239255,2.533199999988028,2.5499000000359047,2.56650000000036,2.5829000000358064,2.5999000000360866,2.617000000000189,2.633300000012241,2.6498000000119646,2.6666000000241183,2.683100000023842,2.6999000000359956,2.7166999999881227,2.733199999988301,2.7499000000357228,2.7661999999882028,2.78369999998813,2.800000000000182,2.8161000000241074,2.8329000000358064,2.849600000024111,2.866900000035912,2.8831000000241147,2.8993000000118627,2.9161999999882937,2.9329000000357155,2.9504000000360975,2.9670000000000982,2.9830000000001746,3.0001999999881264,3.016900000036003,3.0329000000360793,3.04950000000008,3.0671000000238564,3.083699999988312,3.099600000024111,3.116199999988112,3.133800000011888]",0.01665266,0.000510989,189.0,left,1.0,,,,,,1.0,0.0,8.0,0.5,4.214368075,1.0,2.929897617,0.410853543,97.0,0.006981317,0.43254107,0.031598025,0.077611504,0.241207486,6.0,2.041961709,0.808930563,25.0,0.001745329,0.371739039,0.031180836,0.079221418,0.176784845,4.0,0.485583038,-0.825544335,88.0,0.001745329,0.416906428,0.03407937,0.068935353,0.194962658,5.0,2.377570578,0.999086265,59.0,0.006981317,0.393731017,0.031135395,0.06163787,0.205460115,5.0,2.375916151,0.999222213,56.0,0.002617994,0.391878159,0.037400891,0.06461151,0.256914973,6.0,2.071472456,0.842200843,27.0,-0.002617994,0.373032979,0.031793157,0.076653108,0.191027089,4.0,1.687969803,0.232207837,18.0,-0.008726646,0.365457086,0.031782524,0.075683607,0.153768306,4.0,2.719514285,0.747411146,14.0,-0.004363323,0.361562951,0.033827978,0.08680928,0.200727788,5.0,0.0,0.0,0.0,0.0,0.0,0.0,0.0,0.0,0.0,0.0,0.0,0.0,0.0,0.0,0.0,0.0,0.0,0.0,0.0,0.0,0.0,0.0,0.0,0.0,0.0,0.0,0.0,0.0,0.0,0.0,0.0,0.0,0.0,0.0,0.0,0.0,,,,,,,0.8659,,0.0,18.0,18.0,18.0,1.0,,,,,,,,,,,,,,,,,,,,,,,,,,,,0
S070,2,2024-11-21_13h14.36.924,MotivatedInference,2024.1.5,Win32,60.24096386,668be8e87e83611e680fb3ab,{{%SESSION_ID%},Chrome,,,,,,,,,,,,,,,,,,,,,,,,,,,,,,-1.0,,,,,,,,9.0,,,,,,,,,conditions/conds_177.csv,4.0,1.0,,,,,,,,,2941.8468,2946.3468,"[0.003699999987929914,0.0156999999881009,0.032300000011673546,0.04989999997587802,0.06589999997595442,0.08300000000008367,0.09969999998793355,0.11609999996426268,0.13309999996408806,0.14939999997613995,0.16580000001158623,0.18249999999989086,0.19900000000006912,0.215699999987919,0.23239999997622363,0.2490999999640735,0.26659999996400074,0.2823999999759508,0.2990999999642554,0.3163999999760563,0.33309999996390616,0.34939999997595805,0.36539999997603445,0.38239999997585983,0.39909999996416445,0.4156999999877371,0.4323999999760417,0.4490999999638916,0.465699999987919,0.4833000000116954,0.49919999998792264,0.5156999999881009,0.5323999999759508,0.5496999999877517,0.5664999999999054,0.5823999999761327,0.5991999999878317,0.6169999999997344,0.6328000000116845,0.6496999999881155,0.6659999999997126,0.6823999999760417,0.6990999999638916,0.715699999987919,0.7330999999639971,0.7490999999640735,0.76580000001195,0.7823999999759508,0.7990999999642554,0.8163999999760563,0.8331999999877553,0.8503000000118845,0.8665000000000873,0.8823999999758598,0.8996999999881155,0.9160999999639898,0.9323000000117645,0.9490999999638916,0.9654999999997926,0.9823999999762236,0.9990999999640735,1.0158999999762273,1.0323999999759508,1.0490999999642554,1.065699999987828,1.0824999999999818,1.0989999999997053,1.115800000011859,1.1323000000115826,1.1490999999641645,1.1658000000115862,1.1823999999760417,1.1990000000000691,1.2155999999640699,1.2328999999758707,1.2491999999879226,1.265699999988101,1.2823000000116735,1.2990999999642554,1.315699999987828,1.3330999999639062,1.34989999997606,1.36569999998801,1.3823000000115826,1.3989999999998872,1.4158000000115862,1.4323999999760417,1.4490000000000691,1.465699999987919,1.4823999999762236,1.4990999999640735,1.515699999988101,1.5324999999998,1.5489999999999782,1.565699999987828,1.5823999999761327,1.599399999975958,1.6163999999762382,1.6323999999758598,1.649499999999989,1.665699999987737,1.6823999999760417,1.6991999999877407,1.715699999987919,1.7323999999762236,1.7490999999640735,1.765699999988101,1.7823999999759508,1.7990999999642554,1.815699999987828,1.8330000000000837,1.84989999997606,1.86569999998801,1.882499999999709,1.8989999999998872,1.915599999963888,1.9323999999760417,1.9491999999877407,1.965699999987919,1.9821999999880973,1.9989999999997963,2.015699999988101,2.0323999999759508,2.0491999999881045,2.065699999987828,2.0823999999761327,2.09989999997606,2.116399999976238,2.1323000000115826,2.1489999999998872,2.1665999999640917,2.1823999999760417,2.1990999999638916,2.215699999987919,2.2323999999762236,2.248899999975947,2.265699999988101,2.2823999999759508,2.299800000011601,2.3158999999759544,2.3323999999761327,2.348800000011579,2.36569999998801,2.383099999964088,2.399899999976242,2.4158000000115862,2.432499999999891,2.449000000000069,2.4660999999641717,2.4823000000119464,2.4989999999997963,2.5163999999758744,2.5324999999998,2.548999999999978,2.565699999987828,2.5833000000116044,2.5996999999879336,2.61569999998801,2.6323000000115826,2.6490999999641645,2.6653999999762163,2.6823000000117645,2.699000000000069,2.715699999987919,2.7323000000119464,2.7489999999997963,2.76580000001195,2.7823999999759508,2.7993000000119537,2.816800000011881,2.8333000000116044,2.849499999999807,2.8658999999761363,2.8823000000115826,2.8996999999881155,2.9163999999759653,2.9323000000117645,2.949000000000069,2.9675999999640226,2.9821999999880973,2.9986999999878208,3.0155999999642518,3.0324999999998,3.048899999976129,3.066099999964081,3.0823999999761327,3.0998000000117827,3.11569999998801,3.132499999999709,3.1489999999998872,3.1663999999759653,3.1823999999760417,3.1990999999638916,3.21559999996407,3.2323999999762236,3.2489999999997963,3.2653999999761254,3.2823999999759508,3.299999999999727,3.3159999999998035,3.3328000000119573,3.348800000011579,3.365800000011859,3.3823000000115826,3.398800000011761,3.415699999987737,3.4323999999760417,3.449000000000069,3.465699999987919,3.4823999999762236,3.498899999975947,3.515699999988101,3.5323000000116735,3.549899999975878,3.5663999999760563,3.5823000000118554,3.598899999975856,3.616399999976238,3.6333999999760636,3.6500999999639134,3.6658999999758635,3.6823000000117645,3.699000000000069,3.71559999996407,3.7326999999877444,3.7489999999997963,3.765699999988101,3.7823000000116735,3.798999999999978,3.816300000011779,3.832499999999982,3.8489999999997053,3.865599999964161,3.88239999997586,3.8990999999641645,3.9163999999759653,3.9323999999760417,3.9490999999638916,3.9660999999641717,3.9825000000000728,3.9989999999997963,4.015899999976227,4.033199999988028,4.0501999999878535,4.065699999987828,4.082399999976133,4.0996999999879336,4.116399999976238,4.1321999999877335,4.1490999999641645,4.165699999987737,4.182499999999891,4.199099999963892,4.215699999987919,4.232300000011946,4.2490999999640735,4.266199999987748,4.2823000000116735,4.300899999976082,4.316599999964183,4.3323000000118554,4.3490999999639826,4.366800000011608,4.382499999999709,4.398999999999887,4.415599999963888,4.4323000000117645,4.449800000011692,4.466099999964172,4.482300000011946,4.4996999999880245]",0.016651852,0.000546077,271.0,left,1.0,,,,,,1.0,0.0,12.0,0.5,1.352318335,1.0,2.976313774,0.324570641,54.0,-0.000872665,0.390632361,0.034931933,0.073298853,0.195852464,4.0,2.673432932,0.805381887,51.0,-0.000872665,0.388957543,0.039197552,0.074659583,0.215725836,5.0,2.255308426,0.979712972,7.0,-0.003490659,0.352071506,0.033456274,0.080650645,0.190019159,6.0,0.785603586,-0.999999916,20.0,0.004363323,0.367239871,0.029881231,0.073743484,0.121468441,4.0,2.006426857,0.765141494,25.0,0.001745329,0.371739039,0.031180836,0.079221418,0.176784845,4.0,2.254121908,0.979234643,9.0,0.01134464,0.355140301,0.038458273,0.073668072,0.274720221,7.0,2.944478687,0.38409546,3.0,0.001745329,0.342027877,0.030569748,0.094119191,0.219456558,8.0,0.330705397,-0.614230758,59.0,0.006981317,0.393731017,0.031135395,0.06163787,0.205460115,5.0,0.7731383,-0.999699407,9.0,0.01134464,0.355140301,0.038458273,0.073668072,0.274720221,7.0,0.752901259,-0.997888646,64.0,-0.012217305,0.396824946,0.026418425,0.079335183,0.168726505,6.0,0.044601625,-0.089084996,47.0,-0.003490659,0.386485672,0.032547094,0.064121381,0.201087455,6.0,2.047234241,0.815084959,17.0,-0.004363323,0.364429878,0.03744875,0.082879054,0.20378895,5.0,,,,,,,0.8658,,0.0,19.0,19.0,19.0,1.0,,,,,,,,,,,,,,,,,,,,,,,,,,,,0
S070,2,2024-11-21_13h14.36.924,MotivatedInference,2024.1.5,Win32,60.24096386,668be8e87e83611e680fb3ab,{{%SESSION_ID%},Chrome,,,,,,,,,,,,,,,,,,,,,,,,,,,,,,-1.0,,,,,,,,11.0,,,,,,,,,conditions/conds_177.csv,4.0,1.0,,,,,,,,,2948.2137,2952.6792,"[0.0036000000241074304,0.015400000035697303,0.032000000000152795,0.049500000000080036,0.06590000003598107,0.0820000000003347,0.09890000003588284,0.11569999998800995,0.13210000002391098,0.14869999998836647,0.16540000003578825,0.18210000002409288,0.19950000000017099,0.21540000003597015,0.23210000002382003,0.24880000001212466,0.2666000000240274,0.28250000000025466,0.2986999999880027,0.31530000001203007,0.33210000002418383,0.3486999999881846,0.36550000000033833,0.382100000023911,0.3988000000122156,0.41540000003578825,0.4321000000240929,0.4486999999880936,0.46619999998802086,0.48280000001204826,0.4986999999882755,0.5154000000356973,0.5321000000240019,0.5486999999880027,0.5655000000001564,0.5820000000003347,0.5988000000120337,0.6158000000118591,0.6320000000000618,0.6486000000240892,0.6655000000000655,0.6820000000002437,0.6986999999880936,0.7154000000359702,0.7319000000356937,0.7486999999882755,0.7660000000000764,0.7829000000360793,0.7986999999880027,0.8154000000358792,0.8324999999999818,0.8486999999881846,0.8654000000360611,0.8820000000000618,0.8996999999881155,0.9155000000000655,0.9321000000240929,0.9488000000119428,0.9660000000003492,0.9828000000120483,0.9983000000120228,1.0161000000239255,1.0320000000001528,1.0486999999880027,1.0655000000001564,1.0821000000241838,1.0988000000120337,1.116300000011961,1.1319000000357846,1.149100000024191,1.165800000012041,1.1819000000359665,1.1990000000000691,1.215900000036072,1.2328000000120483,1.2496999999880245,1.26580000001195,1.282100000024002,1.2991000000238273,1.3156999999882828,1.3324000000357046,1.3486999999881846,1.3656000000241875,1.3824000000358865,1.3998000000119646,1.4156999999881918,1.4324000000360684,1.4486000000238164,1.465300000012121,1.48210000002382,1.4995000000003529,1.5153000000118482,1.532100000024002,1.5491999999881045,1.5654000000358792,1.5820000000003347,1.5986000000239073,1.6155000000003383,1.6324000000358865,1.6486999999883665,1.6653000000119391,1.6821000000240929,1.6986999999880936,1.7154000000359702,1.731999999999971,1.7488000000121247,1.7654000000356973,1.7820000000001528,1.7986000000241802,1.8161000000241074,1.8329000000358064,1.849500000000262,1.865300000012212,1.8820000000000618,1.8986000000240892,1.9168000000122447,1.93219999998837,1.9486999999880936,1.9675000000002,1.9819000000356937,1.9991999999883774,2.015300000011848,2.032100000024002,2.0486999999880027,2.065400000035879,2.082100000024184,2.0986999999881846,2.115400000036061,2.132100000023911,2.1486999999883665,2.165300000011939,2.1819000000359665,2.1986999999880936,2.215300000012121,2.2328000000120483,2.249500000000353,2.265199999987999,2.282100000024002,2.298800000011852,2.315400000035879,2.3319000000360575,2.3486000000239073,2.365400000036061,2.382000000000062,2.399400000035712,2.4161999999882937,2.43219999998837,2.4488000000119428,2.4661000000241984,2.4828000000120483,2.4986999999882755,2.5154000000356973,2.5319000000358756,2.54950000000008,2.5655000000001564,2.5829000000358064,2.5986999999881846,2.615300000012212,2.632000000000062,2.6486999999883665,2.666300000012143,2.6824000000360684,2.698900000035792,2.715300000012121,2.73210000002382,2.7491000000241,2.76580000001195,2.7819000000358756,2.7986999999880027,2.81530000001203,2.8320000000003347,2.8486000000239073,2.865400000036061,2.882600000024013,2.8993000000118627,2.9154000000357883,2.9320000000002437,2.9486999999880936,2.9661000000241984,2.9834000000359993,2.9996999999880245,3.0154999999999745,3.032100000024002,3.0491000000238273,3.06530000001203,3.082100000024184,3.098500000000058,3.115400000036061,3.132000000000062,3.1486999999883665,3.165300000011939,3.1826000000241947,3.198900000035792,3.2161000000241984,3.232699999988199,3.249000000000251,3.26580000001195,3.2824000000359774,3.29950000000008,3.3161000000241074,3.3323000000118554,3.34900000000016,3.3656000000241875,3.38269999998829,3.399100000024191,3.4154000000357883,3.4319000000359665,3.4486999999880936,3.465900000036072,3.4823000000119464,3.4986999999882755,3.5154000000356973,3.532000000000153,3.549400000035803,3.5661000000241074,3.5829000000358064,3.598900000035883,3.615300000012212,3.632000000000062,3.649400000035712,3.6661000000240165,3.682100000024093,3.6991000000239183,3.7156999999883737,3.731999999999971,3.7486999999882755,3.766300000012052,3.7824000000359774,3.7986999999880027,3.81530000001203,3.8320000000003347,3.8486999999881846,3.865400000036061,3.882800000012139,3.899499999999989,3.9161000000240165,3.932100000024093,3.9486999999880936,3.9656999999883737,3.9823000000119464,3.9986000000239983,4.015300000011848,4.031900000035876,4.048699999988003,4.06530000001203,4.0819000000360575,4.099100000024009,4.1156000000241875,4.132000000000062,4.1486999999883665,4.165300000011939,4.182000000000244,4.199500000000171,4.216000000000349,4.231999999999971,4.2491000000241,4.265600000023824,4.282000000000153,4.299400000035803,4.315500000000156,4.332000000000335,4.349300000012136,4.366100000023835,4.382500000000164,4.3986999999883665,4.416600000024118,4.432100000024093,4.448699999988094,4.46540000003597]",0.016648507,0.00056128,269.0,left,1.0,,,,,,2.0,0.0,12.0,0.5,-5.483921975,-1.0,0.555308497,-0.895972869,10.0,-0.004363323,0.356575755,0.034939804,0.084929929,0.233599272,6.0,1.470966966,-0.198334843,25.0,0.001745329,0.371739039,0.031180836,0.079221418,0.176784845,4.0,2.354552799,0.99999461,3.0,0.001745329,0.342027877,0.030569748,0.094119191,0.219456558,8.0,1.37884655,-0.374539018,54.0,-0.000872665,0.390632361,0.034931933,0.073298853,0.195852464,4.0,3.130679268,0.021825039,90.0,-0.005235988,0.41932645,0.033694537,0.059919896,0.18718849,4.0,0.090840919,-0.180683986,50.0,-0.003490659,0.388365859,0.031859869,0.061653869,0.235670302,6.0,0.761526239,-0.998860479,56.0,0.002617994,0.391878159,0.037400891,0.06461151,0.256914973,6.0,1.378510806,-0.375161544,1.0,-0.007853982,0.332308035,0.049961894,0.10302439,0.316973442,6.0,0.723093719,-0.992246353,33.0,-0.006108652,0.377230834,0.032847101,0.067598606,0.249691544,6.0,1.236258166,-0.620261723,86.0,-0.01134464,0.414570186,0.03611148,0.064685839,0.099529567,3.0,0.551959429,-0.892978091,7.0,-0.003490659,0.352071506,0.033456274,0.080650645,0.190019159,6.0,0.893537675,-0.976702719,12.0,0.006981317,0.359228273,0.039160557,0.080955667,0.284615847,7.0,,,,,,,0.7995,,0.0,20.0,20.0,20.0,1.0,,,,,,,,,,,,,,,,,,,,,,,,,,,,0
S070,2,2024-11-21_13h14.36.924,MotivatedInference,2024.1.5,Win32,60.24096386,668be8e87e83611e680fb3ab,{{%SESSION_ID%},Chrome,,,,,,,,,,,,,,,,,,,,,,,,,,,,,,-1.0,,,,,,,,7.0,,,,,,,,,conditions/conds_177.csv,4.0,1.0,,,,,,,,,2954.48,2957.5958,"[0.0026999999881809345,0.015600000023823668,0.03219999998827916,0.049800000012055534,0.0656999999882828,0.08310000002393281,0.09939999997595805,0.11560000002373272,0.13239999997631458,0.14939999997613995,0.16560000002391462,0.1823000000117645,0.19930000001204462,0.215699999987919,0.23219999998809726,0.24899999999979627,0.2656999999881009,0.28319999998802814,0.29989999997633277,0.3161000000236527,0.33230000001185545,0.34900000000016007,0.3656000000237327,0.3823999999763146,0.3988999999760381,0.415800000012041,0.4323000000117645,0.4498000000121465,0.46639999997614723,0.4823999999762236,0.49889999997594714,0.51580000001195,0.5323999999759508,0.5489999999999782,0.5656000000240056,0.5823999999761327,0.5988999999763109,0.61569999998801,0.6323000000120373,0.6489999999998872,0.6661999999882937,0.6823000000117645,0.69889999997622,0.71630000001187,0.7323000000119464,0.7489999999997963,0.7656000000238237,0.7821999999882792,0.798899999976129,0.8156000000240056,0.8328999999762345,0.8490000000001601,0.86569999998801,0.8826000000240128,0.9013000000118154,0.9160000000001673,0.9321999999879154,0.9490000000000691,0.9656000000236418,0.9826999999881991,0.9998000000118736,1.015699999988101,1.0323000000121283,1.049399999976231,1.0656999999882828,1.0823999999761327,1.09900000000016,1.1156000000237327,1.1331999999879372,1.1489999999998872,1.1656000000239146,1.183199999988119,1.1996999999882973,1.2158999999760454,1.2323999999762236,1.2488999999759471,1.2661000000239255,1.2826999999879263,1.298899999976129,1.3156000000240056,1.3323999999761327,1.348899999976311,1.36569999998801,1.3823000000120373,1.398899999976038,1.4156000000239146,1.4321999999879154,1.44889999997622,1.465699999987919,1.4831000000240238,1.4996999999880245,1.5156000000238237,1.5324999999998,1.5496999999882064,1.5656000000240056,1.5828000000119573,1.598899999976311,1.6156000000237327,1.6328000000121392,1.6491000000237364,1.6655000000000655,1.6823000000117645,1.6990000000000691,1.715699999987919,1.7330000000001746,1.7489999999997963,1.7656000000238237,1.7823000000121283,1.798899999976129,1.8155000000001564,1.8324999999999818,1.84900000000016,1.8656000000237327,1.88310000002366,1.8993000000118627,1.9156999999881918,1.9321999999879154,1.9498000000121465,1.96630000001187,1.9823000000119464,1.9988999999759471,2.0154999999999745,2.033100000023751,2.048899999976129,2.065699999988283,2.0823000000118554,2.098899999976311,2.1156000000237327,2.133199999987937,2.1486000000236345,2.1655000000000655,2.1821999999879154,2.19889999997622,2.2154999999997926,2.2325000000000728,2.2488000000121247,2.2668999999759762,2.2824999999998,2.298899999976129,2.3156000000240056,2.33199999999988,2.348899999976311,2.3656000000237327,2.3823000000120373,2.398899999976038,2.415800000012041,2.4321999999879154,2.44889999997622,2.4654999999997926,2.4825000000000728,2.4989999999997963,2.5156000000238237,2.532199999988279,2.54950000000008,2.5656000000240056,2.5821999999880063,2.6003000000118845,2.616300000011961,2.632600000024013,2.648800000011761,2.6653999999762163,2.681999999999789,2.6991999999881955,2.7156000000236418,2.7323000000119464,2.7489999999997963,2.765699999988101,2.7823000000121283,2.798999999999978,2.8156000000240056,2.8323000000118554,2.84900000000016,2.8656000000237327,2.882199999988188,2.8996999999881155,2.915800000012041,2.9329999999999927,2.94889999997622,2.9653999999763982,2.9830000000001746,2.999399999976049,3.0154999999999745,3.0323000000121283,3.048999999999978,3.06530000001203,3.082600000023831,3.09900000000016,3.1154999999998836]",0.016645989,0.000553958,188.0,right,1.0,,,,,,2.0,0.0,8.0,0.5,-0.889908369,1.0,2.329362908,0.998560478,11.0,-0.013089969,0.357861323,0.044486954,0.075207378,0.243622836,5.0,0.641002871,-0.95858901,34.0,-0.01134464,0.377900669,0.035623555,0.066078969,0.222301383,5.0,2.963856834,0.348032557,4.0,0.001745329,0.345391377,0.044661649,0.086491224,0.292502374,6.0,2.599276507,0.884131668,33.0,-0.006108652,0.377230834,0.032847101,0.067598606,0.249691544,6.0,1.216539105,-0.650706463,55.0,-0.003490659,0.391280598,0.028194872,0.063513844,0.18961797,6.0,0.110527347,-0.219258774,86.0,-0.01134464,0.414570186,0.03611148,0.064685839,0.099529567,3.0,1.042364899,-0.87081753,84.0,-0.002617994,0.412727296,0.032139903,0.078825818,0.191863964,5.0,1.353378533,-0.421261294,14.0,-0.004363323,0.361562951,0.033827978,0.08680928,0.200727788,5.0,0.0,0.0,0.0,0.0,0.0,0.0,0.0,0.0,0.0,0.0,0.0,0.0,0.0,0.0,0.0,0.0,0.0,0.0,0.0,0.0,0.0,0.0,0.0,0.0,0.0,0.0,0.0,0.0,0.0,0.0,0.0,0.0,0.0,0.0,0.0,0.0,,,,,,,0.7171,,0.0,21.0,21.0,21.0,1.0,,,,,,,,,,,,,,,,,,,,,,,,,,,,0
S070,2,2024-11-21_13h14.36.924,MotivatedInference,2024.1.5,Win32,60.24096386,668be8e87e83611e680fb3ab,{{%SESSION_ID%},Chrome,,,,,,,,,,,,,,,,,,,,,,,,,,,,,,-1.0,,,,,,,,3.0,,,,,,,,,conditions/conds_177.csv,4.0,1.0,,,,,,,,,2959.3136,2961.0288,"[0.0017999999522544385,0.0153999999761254,0.03199999999969805,0.049399999975776154,0.06599999999980355,0.08199999999987995,0.09879999995200706,0.11529999995218532,0.13400000000001455,0.14899999999988722,0.16519999998808998,0.18209999996406623,0.19899999999961437,0.2153999999759435,0.2319999999999709,0.24869999998782077,0.2664999999997235,0.28199999999969805,0.29899999999997817,0.31539999997585255,0.3320999999641572,0.3485999999638807,0.36509999996405895,0.3817999999523636,0.3985999999640626,0.41529999995191247,0.431999999999789,0.44889999997576524,0.46549999999979264,0.4827999999520216,0.49829999995199614,0.5149999999998727,0.5316999999877225,0.549299999951927,0.5649999999995998,0.5823999999761327,0.5982999999523599,0.6149999999997817,0.6317999999523636,0.6486999999879117,0.6652999999519125,0.681999999999789,0.6993999999758671,0.7153999999759435,0.7319999999999709,0.7495999999641754,0.7652999999522763,0.781999999999698,0.7995999999639025,0.8155999999639789,0.83199999999988,0.8506999999876825,0.8659999999999854,0.8819999999996071,0.8985999999640626,0.9150999999642409,0.9315999999639644,0.9485999999642445,0.9652999999520944,0.9819999999999709,0.9985999999639716,1.0153999999761254,1.031999999999698,1.0497999999520289,1.0654999999997017,1.08199999999988,1.099399999975958,1.1160999999642627,1.131999999999607,1.1485999999640626,1.1658999999758635,1.1823999999760417,1.1985999999642445,1.2153999999759435,1.2320999999642481,1.2485999999639716,1.2653999999761254,1.281899999975849,1.2986999999880027,1.3153999999758526,1.3320999999641572,1.3485999999638807,1.3661999999881118,1.381999999999607,1.398799999952189,1.4153999999757616,1.431999999999789,1.449399999975867,1.4652999999520944,1.481999999999971,1.4985999999639716,1.5159999999996217,1.5323999999759508,1.5486999999880027,1.5652999999520034,1.5820999999641572,1.5985999999638807,1.6152999999521853,1.631899999975758,1.6492999999522908,1.6660999999639898,1.681999999999789,1.6986999999880936,1.7149999999996908]",0.01663301,0.00066265,104.0,right,1.0,,,,,,2.0,0.0,4.0,0.5,-2.389272681,1.0,1.68108606,0.218795086,95.0,-0.003490659,0.427246221,0.028411926,0.064304978,0.203029515,6.0,0.646589496,-0.961711173,51.0,-0.000872665,0.388957543,0.039197552,0.074659583,0.215725836,5.0,0.474111259,-0.812380289,79.0,-0.004363323,0.40793127,0.02386995,0.059748747,0.165450333,7.0,0.493137493,-0.833976306,80.0,0.000872665,0.408817555,0.034279956,0.069360427,0.160822937,4.0,0.0,0.0,0.0,0.0,0.0,0.0,0.0,0.0,0.0,0.0,0.0,0.0,0.0,0.0,0.0,0.0,0.0,0.0,0.0,0.0,0.0,0.0,0.0,0.0,0.0,0.0,0.0,0.0,0.0,0.0,0.0,0.0,0.0,0.0,0.0,0.0,0.0,0.0,0.0,0.0,0.0,0.0,0.0,0.0,0.0,0.0,0.0,0.0,0.0,0.0,0.0,0.0,0.0,0.0,0.0,0.0,0.0,0.0,0.0,0.0,0.0,0.0,0.0,0.0,0.0,0.0,0.0,0.0,0.0,0.0,0.0,0.0,,,,,,,1.0856,,0.0,22.0,22.0,22.0,1.0,,,,,,,,,,,,,,,,,,,,,,,,,,,,0
S070,2,2024-11-21_13h14.36.924,MotivatedInference,2024.1.5,Win32,60.24096386,668be8e87e83611e680fb3ab,{{%SESSION_ID%},Chrome,,,,,,,,,,,,,,,,,,,,,,,,,,,,,,-1.0,,,,,,,,1.0,,,,,,,,,conditions/conds_177.csv,4.0,1.0,,,,,,,,,2963.1134,2964.8456,"[0.001600000024154724,0.015499999999974534,0.03210000002400193,0.04880000001185181,0.06560000002400557,0.08230000001185545,0.09960000002411107,0.11630000001196095,0.13210000002391098,0.1488000000122156,0.16550000000006548,0.18240000003606838,0.1992000000477674,0.21590000003607202,0.23210000002382003,0.24949999999989814,0.26590000003579917,0.28210000002400193,0.29890000003570094,0.31550000000015643,0.3328000000119573,0.34900000000016007,0.3654999999998836,0.3822000000477601,0.3994999999999891,0.4162000000478656,0.432200000047942,0.44880000001194276,0.46630000001187,0.48250000000007276,0.4987000000478474,0.5154999999999745,0.5329000000360793,0.5492000000476764,0.5655000000001564,0.5828000000119573,0.5992000000478583,0.6154999999998836,0.6329000000359883,0.6494999999999891,0.6656000000239146,0.682200000047942,0.6996000000240201,0.71630000001187,0.7322000000476692,0.7488000000121247,0.76580000001195,0.7824000000359774,0.7984000000360538,0.8155000000001564,0.8329000000358064,0.8491000000240092,0.8662000000476837,0.8826000000240128,0.8988000000122156,0.9155000000000655,0.9321000000240929,0.949500000000171,0.9661000000237436,0.98210000002382,0.9988000000121247,1.0162000000477747,1.0328000000122302,1.0499000000359047,1.0657000000478547,1.0822000000475782,1.099500000000262,1.1159000000357082,1.132100000023911,1.149499999999989,1.165800000012041,1.1821000000240929,1.1988000000119428,1.2154000000359702,1.2329000000358974,1.2488000000121247,1.2654000000356973,1.282200000047851,1.2994000000358028,1.315900000035981,1.3328000000119573,1.3494000000359847,1.3654999999998836,1.3829000000359883,1.3987000000479384,1.4155000000000655,1.432200000047942,1.4488000000119428,1.4654000000359702,1.48210000002382,1.4988000000121247,1.5154999999999745,1.532100000024002,1.5488000000118518,1.5654000000358792,1.582100000023729,1.6001000000237582,1.6154999999998836,1.632100000023911,1.6496000000238382,1.666400000035992,1.6824999999998909,1.6991000000239183,1.7155000000002474,1.73210000002382]",0.016639423,0.000535009,105.0,left,0.0,,,,,,1.0,0.0,4.0,0.5,-0.010594618,-1.0,1.807089953,0.455191479,90.0,-0.005235988,0.41932645,0.033694537,0.059919896,0.18718849,4.0,1.551825873,-0.037931805,38.0,-0.004363323,0.380540373,0.035789754,0.080850361,0.267900983,7.0,1.816670412,0.472167637,47.0,-0.003490659,0.386485672,0.032547094,0.064121381,0.201087455,6.0,1.010886414,-0.900021929,25.0,0.001745329,0.371739039,0.031180836,0.079221418,0.176784845,4.0,0.0,0.0,0.0,0.0,0.0,0.0,0.0,0.0,0.0,0.0,0.0,0.0,0.0,0.0,0.0,0.0,0.0,0.0,0.0,0.0,0.0,0.0,0.0,0.0,0.0,0.0,0.0,0.0,0.0,0.0,0.0,0.0,0.0,0.0,0.0,0.0,0.0,0.0,0.0,0.0,0.0,0.0,0.0,0.0,0.0,0.0,0.0,0.0,0.0,0.0,0.0,0.0,0.0,0.0,0.0,0.0,0.0,0.0,0.0,0.0,0.0,0.0,0.0,0.0,0.0,0.0,0.0,0.0,0.0,0.0,0.0,0.0,,,,,,,0.7526,,0.0,23.0,23.0,23.0,1.0,,,,,,,,,,,,,,,,,,,,,,,,,,,,0
S070,2,2024-11-21_13h14.36.924,MotivatedInference,2024.1.5,Win32,60.24096386,668be8e87e83611e680fb3ab,{{%SESSION_ID%},Chrome,,,,,,,,,,,,,,,,,,,,,,,,,,,,,,0.0,,,,,,,,4.0,,,,,,,,,conditions/conds_177.csv,4.0,1.0,,,,,,,,,2967.7958,2969.5123,"[0.002199999988079071,0.01639999997587438,0.032999999999901775,0.04959999996390252,0.06630000001177905,0.08299999999962893,0.10050000000001091,0.11639999997578343,0.1328999999759617,0.1505999999640153,0.16699999999991633,0.18299999999999272,0.1996999999878426,0.21630000001187,0.23389999997607447,0.2504999999996471,0.266199999987748,0.2829999999999018,0.29939999997577615,0.3170000000000073,0.33369999998785715,0.3498999999760599,0.3663000000115062,0.3829999999998108,0.39980000001150984,0.4163000000116881,0.43380000001161534,0.4503000000117936,0.46659999996381885,0.48289999997587074,0.49959999996417537,0.5165999999640007,0.5329999999999018,0.5495999999639025,0.566300000011779,0.5829999999996289,0.5995999999640844,0.6163000000115062,0.6331999999879372,0.6495999999642663,0.6663000000116881,0.6829999999999927,0.6995999999639935,0.71630000001187,0.7329999999997199,0.7496999999880245,0.766199999987748,0.7828999999760526,0.8041999999877589,0.8164999999999054,0.8329999999996289,0.849399999975958,0.8661999999876571,0.8828999999759617,0.8995999999642663,0.9163999999759653,0.9329999999999927,0.9495999999639935,0.96630000001187,0.9828999999758707,0.9996999999880245,1.0163000000115971,1.0329999999999018,1.0496999999877517,1.066300000011779,1.082999999999629,1.0995999999640844,1.1163999999757834,1.1329999999998108,1.1496999999876607,1.166300000011688,1.1829999999999927,1.1996999999878426,1.21630000001187,1.233699999987948,1.2496999999880245,1.2663000000115971,1.2828999999760526,1.3003000000117027,1.31619999998793,1.3344999999999345,1.3503999999761618,1.366699999987759,1.38359999996419,1.3995999999642663,1.4170999999641936,1.4329999999999927,1.449899999975969,1.46630000001187,1.4828999999758707,1.5003000000115208,1.5164999999997235,1.5329999999999018,1.5495999999639025,1.566300000011779,1.582999999999629,1.5995999999640844,1.6163000000115062,1.6338000000118882,1.6496999999876607,1.6670999999641936,1.6828999999761436,1.6996999999878426,1.71630000001187]",0.016641748,0.000794095,104.0,left,1.0,,,,,,2.0,0.0,4.0,0.5,-0.898117059,-1.0,0.106643485,-0.211673525,44.0,-0.006981317,0.384544024,0.027675657,0.071715856,0.246225121,7.0,2.214903794,0.960338855,23.0,0.001745329,0.370048297,0.033576258,0.089212406,0.165879093,5.0,0.652101377,-0.964673904,74.0,-0.002617994,0.403888444,0.032857311,0.06846285,0.186846183,6.0,1.195475244,-0.682108484,36.0,0.002617994,0.379263044,0.03913601,0.077664539,0.168574417,3.0,0.0,0.0,0.0,0.0,0.0,0.0,0.0,0.0,0.0,0.0,0.0,0.0,0.0,0.0,0.0,0.0,0.0,0.0,0.0,0.0,0.0,0.0,0.0,0.0,0.0,0.0,0.0,0.0,0.0,0.0,0.0,0.0,0.0,0.0,0.0,0.0,0.0,0.0,0.0,0.0,0.0,0.0,0.0,0.0,0.0,0.0,0.0,0.0,0.0,0.0,0.0,0.0,0.0,0.0,0.0,0.0,0.0,0.0,0.0,0.0,0.0,0.0,0.0,0.0,0.0,0.0,0.0,0.0,0.0,0.0,0.0,0.0,,,,,,,0.6719,,0.0,24.0,24.0,24.0,1.0,,,,,,,,,,,,,,,,,,,,,,,,,,,,0
S070,2,2024-11-21_13h14.36.924,MotivatedInference,2024.1.5,Win32,60.24096386,668be8e87e83611e680fb3ab,{{%SESSION_ID%},Chrome,,,,,,,,,,,,,,,,,,,,,,,,,,,,,,0.0,,,,,,,,2.0,,,,,,,,,conditions/conds_177.csv,4.0,1.0,,,,,,,,,2971.1791,2972.8956,"[0.002299999952356302,0.016599999964000745,0.033099999964179005,0.0496999999882064,0.06639999997605628,0.08289999997623454,0.09929999995210892,0.11619999998811181,0.13299999999981083,0.14969999998811545,0.1659999999997126,0.18329999995239632,0.1999999999998181,0.21619999998802086,0.23349999999982174,0.24979999995230173,0.26629999995248,0.2833999999761545,0.3001999999878535,0.3158999999759544,0.33339999997588166,0.34969999998793355,0.3661999999881118,0.3826999999878353,0.3995999999642663,0.41639999997596533,0.4328999999761436,0.4496999999878426,0.46679999995239996,0.4826999999881991,0.49959999996417537,0.5160000000000764,0.5328999999760526,0.549899999975878,0.5662999999522071,0.5834999999997308,0.5992999999521089,0.6165000000000873,0.6328999999759617,0.6495999999642663,0.666199999987839,0.6828999999761436,0.6994999999997162,0.7170000000000982,0.7329999999997199,0.7505999999643791,0.7663999999758744,0.78369999998813,0.7996999999882064,0.8161999999879299,0.8330000000000837,0.8500999999641863,0.8667999999520362,0.8828999999759617,0.8995999999642663,0.916199999987839,0.9327999999522945,0.9495999999639935,0.9662999999522981,0.9829999999997199,0.9995999999641754,1.0169999999998254,1.0328999999760526,1.0495999999643573,1.0662999999522071,1.0828999999762345,1.0996999999879336,1.116299999952389,1.1328999999759617,1.1495999999642663,1.1662999999521162,1.1829999999999927,1.199999999999818,1.2161999999880209,1.2326999999881991,1.2495999999641754,1.2666999999878499,1.2835000000000036,1.2995999999643573,1.3162999999522071,1.3327999999523854,1.3501999999880354,1.3661999999881118,1.3829999999998108,1.3995999999642663,1.416199999987839,1.4328999999761436,1.4496999999878426,1.466299999952298,1.4838999999760745,1.4995999999641754,1.5165999999640007,1.5329999999999018,1.54950000000008,1.5663999999760563,1.5828999999762345,1.5995999999640844,1.6161999999881118,1.6326999999878353,1.6495999999642663,1.666199999987839,1.6828999999761436,1.6994999999997162,1.716299999952298]",0.016640777,0.000454842,104.0,right,1.0,,,,,,1.0,0.0,4.0,0.5,1.552879254,-1.0,0.559515708,-0.899678025,15.0,-0.006108652,0.362511679,0.045131456,0.089284594,0.250473103,5.0,2.394195885,0.997113178,51.0,-0.000872665,0.388957543,0.039197552,0.074659583,0.215725836,5.0,2.447687623,0.983304677,21.0,-0.010471976,0.368150016,0.035450396,0.075174448,0.223969416,6.0,2.895734571,0.472139424,18.0,-0.008726646,0.365457086,0.031782524,0.075683607,0.153768306,4.0,0.0,0.0,0.0,0.0,0.0,0.0,0.0,0.0,0.0,0.0,0.0,0.0,0.0,0.0,0.0,0.0,0.0,0.0,0.0,0.0,0.0,0.0,0.0,0.0,0.0,0.0,0.0,0.0,0.0,0.0,0.0,0.0,0.0,0.0,0.0,0.0,0.0,0.0,0.0,0.0,0.0,0.0,0.0,0.0,0.0,0.0,0.0,0.0,0.0,0.0,0.0,0.0,0.0,0.0,0.0,0.0,0.0,0.0,0.0,0.0,0.0,0.0,0.0,0.0,0.0,0.0,0.0,0.0,0.0,0.0,0.0,0.0,,,,,,,0.5973,,0.0,25.0,25.0,25.0,1.0,,,,,,,,,,,,,,,,,,,,,,,,,,,,0
S070,2,2024-11-21_13h14.36.924,MotivatedInference,2024.1.5,Win32,60.24096386,668be8e87e83611e680fb3ab,{{%SESSION_ID%},Chrome,,,,,,,,,,,,,,,,,,,,,,,,,,,,,,0.0,,,,,,,,12.0,,,,,,,,,conditions/conds_177.csv,4.0,1.0,,,,,,,,,2974.4956,2978.9954,"[0.0035000000002582965,0.01650000000017826,0.032999999999901775,0.0496999999882064,0.06649999999990541,0.0830999999643609,0.09969999998793355,0.11639999997623818,0.13309999996408806,0.14969999998811545,0.16639999997596533,0.18309999996426995,0.19969999998829735,0.21639999997614723,0.23300000000017462,0.24989999997615087,0.2663999999763291,0.283099999964179,0.2996999999882064,0.3160999999640808,0.3330000000000837,0.34969999998793355,0.36629999995238904,0.3829999999998108,0.39969999998811545,0.4165999999640917,0.43309999996426995,0.4497999999525746,0.46709999996437546,0.48309999996445185,0.4996999999880245,0.5163999999763291,0.5329999999999018,0.5496999999882064,0.5662999999522071,0.5830000000000837,0.6001999999880354,0.6165000000000873,0.6329999999998108,0.6494999999999891,0.6662999999525709,0.6829999999999927,0.6996999999882973,0.7163999999761472,0.7330000000001746,0.7496999999880245,0.76629999995248,0.7831999999880281,0.7996999999882064,0.8162999999522071,0.8338999999759835,0.8501999999880354,0.8663999999762382,0.8829999999998108,0.9005000000001928,0.9171999999880427,0.93309999996427,0.9496999999882973,0.9664999999999964,0.9830999999644519,0.9997999999523017,1.0161999999882028,1.033099999964179,1.04950000000008,1.0670999999642845,1.0832999999524873,1.0994999999998072,1.1161999999881118,1.1338999999761654,1.1495999999642663,1.1661999999882937,1.1828999999761436,1.199500000000171,1.2161999999880209,1.2328999999763255,1.2495999999641754,1.2663999999763291,1.2833999999761545,1.2996999999882064,1.31619999998793,1.3330000000000837,1.3497999999522108,1.366299999952389,1.383699999988039,1.3997999999523927,1.4163999999759653,1.43309999996427,1.449899999975969,1.466299999952298,1.4830999999644519,1.4996999999880245,1.51629999995248,1.5337999999524072,1.5496999999882064,1.5663999999760563,1.5830000000000837,1.5995999999640844,1.61689999997634,1.6328999999764164,1.6496999999881155,1.6663999999759653,1.6835999999643718,1.6996999999882973,1.7170999999643755,1.7332999999521235,1.7496999999880245,1.7663999999763291,1.7829999999999018,1.7996999999882064,1.8162999999522071,1.833099999964361,1.8496999999879336,1.8665000000000873,1.8829999999998108,1.9003999999763437,1.9165999999640917,1.9329999999999927,1.949899999975969,1.9672999999525018,1.9832999999521235,1.9992999999521999,2.0165999999644555,2.0333999999761545,2.04950000000008,2.0663999999760563,2.0830000000000837,2.0996999999879336,2.116399999976238,2.132999999999811,2.1496999999881155,2.1663999999759653,2.18309999996427,2.199599999964448,2.2170999999643755,2.2330000000001746,2.2496999999880245,2.26629999995248,2.28369999998813,2.3001999999883083,2.3164999999999054,2.3330000000000837,2.3496999999879336,2.366399999976238,2.382999999999811,2.3996999999881155,2.4165999999640917,2.43309999996427,2.4496999999882973,2.4663999999761472,2.4830000000001746,2.4995999999641754,2.516399999976329,2.533099999964179,2.55039999997598,2.5670999999642845,2.5830000000000837,2.5996999999879336,2.616299999952389,2.633099999964088,2.649899999976242,2.666699999987941,2.6829999999999927,2.7001999999879445,2.7170000000000982,2.7330000000001746,2.7495999999641754,2.76629999995248,2.7829999999999018,2.7996999999882064,2.8163999999760563,2.833099999964361,2.8501999999880354,2.866299999952389,2.8838999999761654,2.8997999999523927,2.9163999999759653,2.9329999999999927,2.950399999976071,2.9670000000000982,2.983699999987948,3.0000999999642772,3.0161999999882028,3.0340999999643827,3.049399999976231,3.06619999998793,3.0827999999523854,3.099499999999807,3.116299999952389,3.1327999999525673,3.1495999999642663,3.1670999999641936,3.183699999988221,3.199500000000171,3.2160999999641717,3.2328999999763255,3.249499999999898,3.26629999995248,3.2827999999522035,3.3005999999641062,3.316799999952309,3.3328999999762345,3.349499999999807,3.3670999999644664,3.3833999999760636,3.3995999999642663,3.41729999995232,3.4332999999523963,3.4497999999525746,3.4663999999761472,3.4830000000001746,3.5003999999762527,3.5170999999641026,3.5327999999522035,3.5496999999882064,3.5670999999642845,3.5830000000000837,3.59989999997606,3.616799999952491,3.632999999999811,3.64939999997614,3.6663999999759653,3.6828999999761436,3.7002999999522217,3.7170000000000982,3.7330000000001746,3.7495999999641754,3.7671999999879517,3.7829999999999018,3.7996999999882064,3.8170999999642845,3.8330000000000837,3.8496999999879336,3.866299999952389,3.8828999999764164,3.8995999999642663,3.9169999999999163,3.9338999999763473,3.95049999999992,3.9666999999881227,3.9838999999760745,4,4.016000000000076,4.032999999999902,4.049399999976231,4.066299999952207,4.083000000000084,4.0996999999879336,4.116399999976238,4.132999999999811,4.149599999964266,4.166399999975965,4.182999999999993,4.199599999964448,4.217199999988225,4.233000000000175,4.2507999999525055,4.267099999964103,4.282999999999902,4.299799999952484,4.316799999952309,4.333000000000084,4.3496999999879336,4.3659999999999854,4.382899999976416,4.3996999999881155,4.416299999952571,4.43309999996427,4.449599999964448,4.466399999976147,4.4828999999763255,4.4996999999880245]",0.016652593,0.000469015,271.0,right,1.0,,,,,,2.0,0.0,12.0,0.5,-2.157486566,1.0,0.966101607,-0.935400287,43.0,0.004363323,0.383893371,0.033132061,0.062242434,0.239996947,6.0,2.440555202,0.985800274,60.0,0.008726646,0.394321176,0.024708435,0.063628191,0.162696287,6.0,0.283414036,-0.536958889,17.0,-0.004363323,0.364429878,0.03744875,0.082879054,0.20378895,5.0,1.586175195,0.030752888,37.0,-0.010471976,0.379878099,0.039758221,0.071440932,0.269646059,5.0,2.7260974,0.738599478,71.0,0.013962634,0.401673071,0.031502829,0.073976735,0.151529972,4.0,1.253104304,-0.593486654,64.0,-0.012217305,0.396824946,0.026418425,0.079335183,0.168726505,6.0,0.634509299,-0.954809625,36.0,0.002617994,0.379263044,0.03913601,0.077664539,0.168574417,3.0,1.278546555,-0.551782076,32.0,0.007853982,0.376580194,0.027808234,0.064839678,0.152904525,6.0,0.574799689,-0.912600218,94.0,0.004363323,0.42523076,0.035907823,0.059015617,0.218525823,5.0,1.717426178,0.28907429,49.0,-0.003490659,0.387690152,0.036925942,0.073283012,0.194967171,5.0,2.551068826,0.925004583,8.0,-0.008726646,0.353798062,0.040824325,0.088208322,0.256820315,6.0,1.222452765,-0.641680329,1.0,-0.007853982,0.332308035,0.049961894,0.10302439,0.316973442,6.0,,,,,,,0.5728,,0.0,26.0,26.0,26.0,1.0,,,,,,,,,,,,,,,,,,,,,,,,,,,,0
S070,2,2024-11-21_13h14.36.924,MotivatedInference,2024.1.5,Win32,60.24096386,668be8e87e83611e680fb3ab,{{%SESSION_ID%},Chrome,,,,,,,,,,,,,,,,,,,,,,,,,,,,,,0.0,,,,,,,,6.0,,,,,,,,,conditions/conds_177.csv,4.0,1.0,,,,,,,,,2980.563,2983.662,"[0.0028000000120300683,0.015600000023823668,0.032300000011673546,0.04880000001185181,0.06630000001177905,0.08239999997613268,0.09949999999980719,0.11599999999998545,0.13249999999970896,0.14910000002373636,0.16580000001204098,0.18219999998791536,0.1996999999878426,0.2159999999998945,0.23219999998809726,0.24889999997594714,0.26619999998820276,0.2823999999759508,0.29950000000008004,0.31569999998782805,0.3324999999999818,0.3496000000236563,0.3656000000237327,0.38230000001203734,0.3998000000119646,0.41589999997586347,0.43339999997624545,0.4491999999881955,0.46549999999979264,0.48219999998809726,0.4996999999880245,0.5164999999997235,0.5328999999760526,0.5489999999999782,0.5655000000001564,0.5828999999762345,0.5996000000236563,0.6154999999998836,0.6321999999881882,0.6498999999762418,0.6659999999997126,0.6824999999998909,0.6988000000119428,0.7156000000236418,0.7328999999758707,0.7491999999879226,0.7654999999999745,0.7821999999878244,0.7988000000118518,0.8155000000001564,0.8323000000118554,0.8488000000120337,0.8656000000237327,0.8821999999881882,0.8996000000238382,0.9155000000000655,0.9321999999879154,0.9494999999997162,0.9659999999998945,0.9826000000239219,0.9988999999759471,1.0154999999999745,1.0344999999997526,1.049399999976231,1.0655000000001564,1.0818999999760308,1.098899999976311,1.1154999999998836,1.132100000023911,1.148899999976038,1.1655000000000655,1.1821999999879154,1.1988000000119428,1.2159999999998945,1.2318999999761218,1.249399999976049,1.265699999988101,1.2820000000001528,1.2991000000238273,1.315699999987828,1.332100000023729,1.3496000000236563,1.3653999999760345,1.3821999999881882,1.398899999976038,1.4155000000000655,1.4321999999879154,1.44889999997622,1.4656000000236418,1.4821999999880973,1.49880000001167,1.5160000000000764,1.5321999999878244,1.5488000000118518,1.5653999999763073,1.5823000000118554,1.5988000000120337,1.6156000000237327,1.632100000023911,1.6486999999879117,1.6655000000000655,1.6821999999879154,1.6998000000116917,1.7154999999997926,1.732600000023922,1.7489999999997963,1.7654999999999745,1.7821999999878244,1.7996000000239292,1.816300000011779,1.8323000000118554,1.8488000000120337,1.8654999999998836,1.88310000002366,1.8996000000238382,1.9155000000000655,1.9321999999879154,1.9491999999881955,1.9658999999760454,1.9821999999880973,1.9986000000239983,2.0156000000238237,2.0318999999763037,2.048899999976129,2.06530000001203,2.082100000023729,2.098899999976311,2.1154999999998836,2.132199999988188,2.148800000011761,2.1655000000000655,2.1821999999879154,2.19889999997622,2.2154999999997926,2.23210000002382,2.2489999999997963,2.2656000000238237,2.282100000023547,2.298800000011852,2.3155000000001564,2.332100000023729,2.3486000000239073,2.3656000000237327,2.3823000000120373,2.398800000011761,2.4155000000000655,2.432100000023638,2.44889999997622,2.4654999999997926,2.4821999999880973,2.49880000001167,2.5154999999999745,2.532100000023547,2.549899999975878,2.565699999987828,2.582100000023729,2.5991999999878317,2.6154999999998836,2.632100000023911,2.65010000002394,2.6655000000000655,2.682100000023638,2.6986999999880936,2.7154999999997926,2.7328000000120483,2.7493000000117718,2.7654999999999745,2.7821999999878244,2.79950000000008,2.815600000023551,2.832100000023729,2.8488000000120337,2.866300000011961,2.882999999999811,2.898800000011761,2.9155000000000655,2.93260000002374,2.9488000000119428,2.9654999999997926,2.9823999999762236,2.998899999975947,3.0154999999999745,3.032100000023547,3.048800000011852,3.0655000000001564,3.08199999999988,3.0988000000120337]",0.016645161,0.000549196,187.0,left,1.0,,,,,,1.0,0.0,8.0,0.5,4.214368075,1.0,2.929897617,0.410853543,97.0,0.006981317,0.43254107,0.031598025,0.077611504,0.241207486,6.0,2.041961709,0.808930563,25.0,0.001745329,0.371739039,0.031180836,0.079221418,0.176784845,4.0,0.485583038,-0.825544335,88.0,0.001745329,0.416906428,0.03407937,0.068935353,0.194962658,5.0,2.377570578,0.999086265,59.0,0.006981317,0.393731017,0.031135395,0.06163787,0.205460115,5.0,2.375916151,0.999222213,56.0,0.002617994,0.391878159,0.037400891,0.06461151,0.256914973,6.0,2.071472456,0.842200843,27.0,-0.002617994,0.373032979,0.031793157,0.076653108,0.191027089,4.0,1.687969803,0.232207837,18.0,-0.008726646,0.365457086,0.031782524,0.075683607,0.153768306,4.0,2.719514285,0.747411146,14.0,-0.004363323,0.361562951,0.033827978,0.08680928,0.200727788,5.0,0.0,0.0,0.0,0.0,0.0,0.0,0.0,0.0,0.0,0.0,0.0,0.0,0.0,0.0,0.0,0.0,0.0,0.0,0.0,0.0,0.0,0.0,0.0,0.0,0.0,0.0,0.0,0.0,0.0,0.0,0.0,0.0,0.0,0.0,0.0,0.0,,,,,,,0.6686,,0.0,27.0,27.0,27.0,1.0,,,,,,,,,,,,,,,,,,,,,,,,,,,,0
S070,2,2024-11-21_13h14.36.924,MotivatedInference,2024.1.5,Win32,60.24096386,668be8e87e83611e680fb3ab,{{%SESSION_ID%},Chrome,,,,,,,,,,,,,,,,,,,,,,,,,,,,,,0.0,,,,,,,,10.0,,,,,,,,,conditions/conds_177.csv,4.0,1.0,,,,,,,,,2985.3288,2989.7787,"[0.0039999999999054126,0.01639999997587438,0.03289999997605264,0.0496999999882064,0.06630000001177905,0.08300000000008367,0.09969999998793355,0.11630000001196095,0.13299999999981083,0.14980000001196458,0.16730000001189183,0.18299999999999272,0.1996999999878426,0.21630000001187,0.23299999999971988,0.24959999996417537,0.26630000001159715,0.2829999999999018,0.2996999999882064,0.3163999999760563,0.3330000000000837,0.34969999998793355,0.36630000001196095,0.38369999998803905,0.39969999998811545,0.41639999997596533,0.4329999999999927,0.4496999999878426,0.46630000001187,0.48289999997587074,0.49989999997615087,0.5163000000115971,0.5338000000119791,0.5501999999878535,0.5663999999760563,0.5828999999762345,0.5995999999640844,0.6165000000000873,0.6338000000118882,0.6495999999642663,0.6663999999759653,0.6829999999999927,0.6995999999639935,0.7163999999761472,0.7329999999997199,0.7495999999641754,0.7663000000115971,0.7829999999999018,0.7996999999882064,0.816300000011779,0.8330999999643609,0.8501999999880354,0.8670999999640117,0.8829999999998108,0.8995999999642663,0.9163999999759653,0.9328999999761436,0.9496999999878426,0.96630000001187,0.9829999999997199,0.9996999999880245,1.0163000000115971,1.033099999964179,1.0495999999643573,1.066300000011779,1.0830000000000837,1.0996999999879336,1.116300000011961,1.133699999988039,1.1495999999642663,1.166300000011688,1.1828999999761436,1.1996999999878426,1.21630000001187,1.2329999999997199,1.25,1.2663999999758744,1.2828999999760526,1.2993000000119537,1.31619999998793,1.3330000000000837,1.3495999999640844,1.3670999999640117,1.3838000000118882,1.3995999999642663,1.416300000011688,1.4328999999761436,1.4495999999639935,1.46630000001187,1.4829999999997199,1.4995999999641754,1.5163000000115971,1.53369999998813,1.5500999999640044,1.566300000011779,1.583099999964361,1.5996999999879336,1.616300000011961,1.6328999999759617,1.6495999999642663,1.6670999999641936,1.6829999999999927,1.6995999999639935,1.716899999976249,1.7329999999997199,1.7495999999641754,1.7663000000115971,1.7828999999760526,1.7996999999882064,1.816300000011779,1.833099999964361,1.8496999999879336,1.8669999999997344,1.8829999999998108,1.9005999999640153,1.9166999999879408,1.9328999999761436,1.9495999999639935,1.9663999999761472,1.9828999999758707,1.9995999999641754,2.016300000011597,2.0328999999760526,2.0495999999643573,2.066300000011779,2.0833999999758817,2.100500000000011,2.116300000011961,2.133699999988039,2.1495999999642663,2.166199999987839,2.1829999999999927,2.1995999999639935,2.2163999999761472,2.2333999999759726,2.2495999999641754,2.2663999999758744,2.2826999999879263,2.2995999999643573,2.316300000011779,2.332699999988108,2.3495999999640844,2.3669999999997344,2.383800000011888,2.3996999999881155,2.416300000011688,2.4328999999761436,2.4496999999878426,2.466199999988021,2.48299999999972,2.4995999999641754,2.516300000011597,2.533800000011979,2.5500999999640044,2.566300000011779,2.5828999999762345,2.5996999999879336,2.616300000011961,2.6328999999759617,2.6495999999642663,2.666300000011688,2.6829999999999927,2.6995999999639935,2.71630000001187,2.7345999999643027,2.7503999999762527,2.7661999999882028,2.783199999988028,2.799999999999727,2.81619999998793,2.8338000000117063,2.8506999999881373,2.8668999999758853,2.882599999963986,2.8996999999881155,2.916300000011688,2.9329999999999927,2.9496999999878426,2.96630000001187,2.9828999999758707,2.9996999999880245,3.016300000011597,3.03369999998813,3.049800000011601,3.066300000011779,3.0828999999762345,3.0995999999640844,3.116300000011961,3.132999999999811,3.1495999999642663,3.166300000011688,3.1835000000000946,3.1994999999997162,3.21630000001187,3.23299999999972,3.2496999999880245,3.2661999999882028,3.2828999999760526,3.29950000000008,3.3163999999760563,3.3328999999762345,3.349399999975958,3.366300000011961,3.383800000011888,3.3995999999642663,3.416300000011688,3.4328999999761436,3.4500999999640953,3.466199999988021,3.4828999999758707,3.4998000000118736,3.5160999999643536,3.5326999999879263,3.5495999999643573,3.566300000011779,3.5828999999762345,3.5996999999879336,3.616300000011961,3.633699999988039,3.6495999999642663,3.6664999999998145,3.6828999999761436,3.6995999999639935,3.71630000001187,3.7338999999760745,3.7503999999762527,3.7661999999882028,3.7829999999999018,3.79950000000008,3.816300000011779,3.8330000000000837,3.8496999999879336,3.8668999999758853,3.882999999999811,3.899499999999989,3.916199999987839,3.9328999999761436,3.950399999976071,3.966199999988021,3.98299999999972,3.9996999999880245,4.016300000011597,4.032800000011775,4.049599999964357,4.066099999964081,4.0828999999762345,4.099599999964084,4.116300000011961,4.133499999999913,4.150300000011612,4.170300000012048,4.182800000011866,4.1995999999639935,4.216199999988021,4.232699999988199,4.249599999964175,4.266300000011597,4.282999999999902,4.299599999964357,4.31619999998793,4.3328999999762345,4.349599999964084,4.366999999999734,4.382999999999811,4.399599999964266,4.416300000011688,4.432899999976144,4.4495999999639935]",0.016650187,0.000560322,268.0,right,1.0,,,,,,1.0,0.0,12.0,0.5,3.923685315,-1.0,1.118965793,-0.78559741,84.0,-0.002617994,0.412727296,0.032139903,0.078825818,0.191863964,5.0,2.904392062,0.456805841,18.0,-0.008726646,0.365457086,0.031782524,0.075683607,0.153768306,4.0,0.002769694,-0.00553936,12.0,0.006981317,0.359228273,0.039160557,0.080955667,0.284615847,7.0,2.73388612,0.728008846,58.0,-8.92894e-14,0.393104459,0.040573715,0.076987883,0.227814169,5.0,2.238424159,0.97238831,88.0,0.001745329,0.416906428,0.03407937,0.068935353,0.194962658,5.0,1.729499195,0.312102938,2.0,0.008726646,0.338473989,0.032964075,0.086271212,0.185208292,4.0,1.962070227,0.705088401,43.0,0.004363323,0.383893371,0.033132061,0.062242434,0.239996947,6.0,2.323511968,0.997864466,100.0,-0.001745329,0.484835711,0.035177462,0.059949939,0.178411257,4.0,1.853994222,0.536594162,68.0,0.009599311,0.399449425,0.031951263,0.065393928,0.165147664,5.0,1.221974717,-0.642413335,85.0,0.003490659,0.413672168,0.024690997,0.064801949,0.114487367,4.0,1.432679777,-0.272733495,47.0,-0.003490659,0.386485672,0.032547094,0.064121381,0.201087455,6.0,2.556123915,0.921115951,19.0,-8.92894e-14,0.366380653,0.037711395,0.069882825,0.280007013,7.0,,,,,,,0.7007,,0.0,28.0,28.0,28.0,1.0,,,,,,,,,,,,,,,,,,,,,,,,,,,,0
S070,2,2024-11-21_13h14.36.924,MotivatedInference,2024.1.5,Win32,60.24096386,668be8e87e83611e680fb3ab,{{%SESSION_ID%},Chrome,,,,,,,,,,,,,,,,,,,,,,,,,,,,,,0.0,,,,,,,,9.0,,,,,,,,,conditions/conds_177.csv,4.0,1.0,,,,,,,,,2991.4795,2995.9289,"[0.0035000000002582965,0.016399999976329127,0.032300000012128294,0.049100000023827306,0.06550000000015643,0.08219999998800631,0.0988000000120337,0.11560000002373272,0.1321999999881882,0.1488000000122156,0.1665000000002692,0.18210000002409288,0.19889999997622,0.21560000002409652,0.23310000002402376,0.2488999999764019,0.26549999999997453,0.28219999998827916,0.29889999997612904,0.31560000002400557,0.3323999999761327,0.3493999999764128,0.3656000000237327,0.3823999999763146,0.39889999997649284,0.4156000000239146,0.4321999999883701,0.44969999998829735,0.4658000000122229,0.483199999988301,0.4996999999880245,0.5154999999999745,0.5323000000121283,0.548899999976129,0.5655000000001564,0.5821999999880063,0.5993999999764128,0.6156000000237327,0.6323000000120373,0.6488000000122156,0.6666999999883956,0.6828999999761436,0.6988000000119428,0.7156000000240965,0.7323999999762236,0.7493000000122265,0.76580000001195,0.7821000000240019,0.798899999976129,0.8156000000240056,0.8321000000241838,0.8491000000240092,0.8663999999762382,0.8831999999883919,0.8988999999764928,0.9155000000000655,0.9329999999999927,0.9491000000239183,0.96630000001187,0.9831000000240238,0.9988000000121247,1.0165000000001783,1.0329999999999018,1.0496999999882064,1.0663000000122338,1.0826999999881082,1.098899999976311,1.1155000000003383,1.1318000000119355,1.1488999999764928,1.1656000000239146,1.18219999998837,1.1996999999882973,1.2156000000240965,1.2321999999880973,1.2488999999764019,1.2653999999761254,1.2821999999882792,1.298899999976129,1.3163999999760563,1.3321999999880063,1.3488000000120337,1.36569999998801,1.3823999999763146,1.3988000000122156,1.41639999997642,1.4323000000122192,1.4490000000000691,1.4656999999883737,1.4823000000119464,1.4994999999998981,1.5154999999999745,1.5321999999882792,1.548899999976129,1.5656999999882828,1.5821999999880063,1.59900000000016,1.6155000000003383,1.6321999999881882,1.64939999997614,1.6656000000239146,1.68260000002374,1.6996999999882973,1.7155000000002474,1.7328000000120483,1.749000000000251,1.7653999999761254,1.782100000024002,1.798899999976129,1.8156000000240056,1.8321999999880063,1.8488000000120337,1.8656000000237327,1.8823000000120373,1.8988999999764928,1.9156999999881918,1.93219999998837,1.94889999997622,1.9655000000002474,1.98210000002382,1.9996000000237473,2.0154999999999745,2.032199999988279,2.048899999976129,2.0661000000241074,2.0828000000119573,2.103199999988192,2.1156000000237327,2.132600000024013,2.14850000000024,2.1656000000239146,2.18219999998837,2.19889999997622,2.2163999999761472,2.2330000000001746,2.2488000000121247,2.265699999988101,2.282199999988279,2.298800000011852,2.3155000000001564,2.332100000024184,2.349600000024111,2.3655000000003383,2.3823000000120373,2.399499999999989,2.4156000000239146,2.4326999999880172,2.450000000000273,2.4655000000002474,2.4821999999880973,2.498899999976402,2.5154999999999745,2.532199999988279,2.5496999999882064,2.5655000000001564,2.583100000023933,2.599600000024111,2.617000000000189,2.6323999999763146,2.6488000000122156,2.66519999998809,2.68219999998837,2.69889999997622,2.7155000000002474,2.7325000000000728,2.7496000000237473,2.7656000000238237,2.783199999988028,2.799600000023929,2.815800000012132,2.8321999999880063,2.8488000000120337,2.8666999999882137,2.8830000000002656,2.8991000000237364,2.9155000000000655,2.932100000024093,2.9488000000119428,2.9664999999999964,2.9831000000240238,2.9988000000121247,3.0153999999761254,3.032199999988279,3.048800000011852,3.0653999999763073,3.0821999999880063,3.0988000000120337,3.116399999976238,3.132000000000062,3.1488000000122156,3.1655000000000655,3.182100000024093,3.19889999997622,3.2156999999883737,3.2321999999880973,3.248899999976402,3.2654999999999745,3.282199999988279,3.298800000011852,3.315899999976409,3.3321999999880063,3.348899999976311,3.3655000000003383,3.382199999988188,3.3988000000122156,3.4166000000241183,3.432100000024093,3.4488000000119428,3.4663999999761472,3.482600000023922,3.499000000000251,3.5160000000000764,3.532000000000153,3.548899999976129,3.5655000000001564,3.5821999999880063,3.598899999976311,3.6151000000240856,3.6323000000120373,3.648899999976493,3.6656000000239146,3.68219999998837,3.69960000002402,3.7155000000002474,3.7330000000001746,3.7488000000121247,3.7653999999761254,3.78369999998813,3.798899999976129,3.815800000012132,3.832100000024184,3.84900000000016,3.8655000000003383,3.8818000000119355,3.898899999976493,3.9155000000000655,3.93219999998837,3.94889999997622,3.96630000001187,3.9830000000001746,3.9996000000237473,4.015600000023824,4.0323999999764055,4.048999999999978,4.065399999976307,4.082100000024184,4.099600000024111,4.116500000000087,4.13269999998829,4.149899999976242,4.1671000000237655,4.182999999999993,4.1991999999881955,4.215300000012121,4.232600000023922,4.248800000012125,4.2654999999999745,4.282100000024002,4.298800000011852,4.315699999988283,4.332100000024184,4.348899999976311,4.365500000000338,4.382300000012037,4.398899999976493,4.4155000000000655,4.43219999998837,4.449100000023918]",0.016650187,0.000636668,268.0,right,0.0,,,,,,1.0,0.0,12.0,0.5,1.352318335,1.0,2.976313774,0.324570641,54.0,-0.000872665,0.390632361,0.034931933,0.073298853,0.195852464,4.0,2.673432932,0.805381887,51.0,-0.000872665,0.388957543,0.039197552,0.074659583,0.215725836,5.0,2.255308426,0.979712972,7.0,-0.003490659,0.352071506,0.033456274,0.080650645,0.190019159,6.0,0.785603586,-0.999999916,20.0,0.004363323,0.367239871,0.029881231,0.073743484,0.121468441,4.0,2.006426857,0.765141494,25.0,0.001745329,0.371739039,0.031180836,0.079221418,0.176784845,4.0,2.254121908,0.979234643,9.0,0.01134464,0.355140301,0.038458273,0.073668072,0.274720221,7.0,2.944478687,0.38409546,3.0,0.001745329,0.342027877,0.030569748,0.094119191,0.219456558,8.0,0.330705397,-0.614230758,59.0,0.006981317,0.393731017,0.031135395,0.06163787,0.205460115,5.0,0.7731383,-0.999699407,9.0,0.01134464,0.355140301,0.038458273,0.073668072,0.274720221,7.0,0.752901259,-0.997888646,64.0,-0.012217305,0.396824946,0.026418425,0.079335183,0.168726505,6.0,0.044601625,-0.089084996,47.0,-0.003490659,0.386485672,0.032547094,0.064121381,0.201087455,6.0,2.047234241,0.815084959,17.0,-0.004363323,0.364429878,0.03744875,0.082879054,0.20378895,5.0,,,,,,,0.7555,,0.0,29.0,29.0,29.0,1.0,,,,,,,,,,,,,,,,,,,,,,,,,,,,0
S070,2,2024-11-21_13h14.36.924,MotivatedInference,2024.1.5,Win32,60.24096386,668be8e87e83611e680fb3ab,{{%SESSION_ID%},Chrome,,,,,,,,,,,,,,,,,,,,,,,,,,,,,,1.0,,,,,,,,12.0,,,,,,,,,conditions/conds_177.csv,4.0,1.0,,,,,,,,,2999.262,3003.7451,"[0.003600000023652683,0.016199999987748015,0.03389999997580162,0.04980000001160079,0.06619999998792991,0.08289999997623454,0.10069999998813728,0.11699999999973443,0.13339999997606355,0.15039999997588893,0.1671999999880427,0.1828999999761436,0.2003000000117936,0.21669999998812273,0.23380000001179724,0.25010000002384913,0.26630000001159715,0.2829999999999018,0.29960000002392917,0.3161999999879299,0.33369999998785715,0.3496000000236563,0.3669999999997344,0.38310000002365996,0.3996000000238382,0.4169999999999163,0.4328999999761436,0.4493000000115899,0.46619999998802086,0.4846000000238746,0.5001999999881264,0.5160000000000764,0.5329999999999018,0.5496000000239292,0.5661999999879299,0.5828999999762345,0.5996999999879336,0.6163999999762382,0.6328999999759617,0.6494999999999891,0.6664999999998145,0.6833999999762455,0.6999999999998181,0.7161999999880209,0.7336000000236709,0.7496999999880245,0.7663999999758744,0.782600000023649,0.800499999999829,0.8171000000238564,0.8333999999758817,0.8503999999761618,0.8665000000000873,0.8834999999999127,0.9003000000116117,0.9163999999759653,0.9329999999999927,0.9503999999760708,0.967300000011619,0.9828999999758707,1.000399999975798,1.0166999999878499,1.0333000000118773,1.0491999999881045,1.06619999998793,1.0828999999762345,1.0996000000236563,1.1171000000235836,1.1333000000117863,1.150499999999738,1.1663999999759653,1.1828999999761436,1.1996000000235654,1.2161999999880209,1.2328999999758707,1.2496000000237473,1.266199999987748,1.2835000000000036,1.2996999999877517,1.31619999998793,1.3330000000000837,1.350500000000011,1.3663999999762382,1.3828999999759617,1.399499999999989,1.416300000011688,1.4328999999761436,1.4494999999997162,1.4661999999880209,1.4828999999758707,1.4996000000237473,1.516199999987748,1.5328999999760526,1.5496000000239292,1.566800000011881,1.5830000000000837,1.599999999999909,1.6161999999881118,1.6328999999759617,1.6496000000238382,1.666199999987839,1.6838999999758926,1.7006999999880463,1.7161999999880209,1.7328000000115935,1.7496999999880245,1.7663000000115971,1.7828999999760526,1.79950000000008,1.81619999998793,1.8328999999762345,1.8496000000236563,1.8663999999762382,1.8829999999998108,1.8999999999996362,1.9191999999879954,1.9339999999997417,1.9491999999877407,1.9661999999880209,1.982600000023922,1.9994999999998981,2.016199999987748,2.0329999999999018,2.04950000000008,2.066899999976158,2.0828000000119573,2.099499999999807,2.116199999988112,2.1328999999759617,2.149499999999989,2.1671000000237655,2.1828999999761436,2.1996999999878426,2.2171000000234926,2.2328000000115935,2.2496000000237473,2.2666000000235726,2.2828000000117754,2.29950000000008,2.3176999999877808,2.3331999999877553,2.349499999999807,2.366300000011961,2.383699999988039,2.3998000000119646,2.4161000000235617,2.4328999999761436,2.4494999999997162,2.4671000000234926,2.4828999999758707,2.4996999999880245,2.518000000000029,2.5326999999879263,2.549600000023929,2.5666000000237545,2.583100000023478,2.599499999999807,2.6169999999997344,2.6328999999759617,2.649499999999989,2.666300000011688,2.6828000000118664,2.7001999999879445,2.7171000000234926,2.7328999999758707,2.749499999999898,2.7663999999758744,2.7828000000117754,2.79950000000008,2.81619999998793,2.832699999988108,2.8498000000117827,2.866300000011961,2.8828000000116845,2.8996999999881155,2.916199999987839,2.932499999999891,2.9494999999997162,2.966199999988021,2.9828000000115935,2.999499999999898,3.016300000011597,3.0328999999760526,3.04950000000008,3.066300000011779,3.083699999987857,3.0996000000236563,3.116199999988112,3.1328999999759617,3.149600000023838,3.166199999987839,3.183100000023842,3.1994999999997162,3.2171000000234926,3.2338000000117972,3.249499999999898,3.2661000000239255,3.2828999999760526,3.299600000023929,3.31619999998793,3.3328000000119573,3.3496000000236563,3.366199999988112,3.3828999999759617,3.399499999999989,3.416300000011688,3.433600000023489,3.450399999976071,3.466199999988021,3.4828999999758707,3.499499999999898,3.5166000000235726,3.533800000011979,3.5491999999881045,3.56619999998793,3.5828999999762345,3.599499999999807,3.616199999988112,3.6328000000116845,3.6491999999880136,3.666199999987839,3.6828000000118664,3.6994999999997162,3.7171000000234926,3.733699999987948,3.7496000000237473,3.7663999999758744,3.7828000000117754,3.79950000000008,3.81619999998793,3.8328000000119573,3.84989999997606,3.866199999988112,3.883199999987937,3.8996999999881155,3.91680000001179,3.9328999999761436,3.9491999999877407,3.966199999988021,3.9828000000115935,3.999499999999898,4.016199999987748,4.032899999976053,4.04950000000008,4.06619999998793,4.0828999999762345,4.0996999999879336,4.116100000023835,4.1328000000116845,4.149499999999989,4.166100000023562,4.183600000023489,4.199399999975867,4.216199999988021,4.232699999987744,4.249399999976049,4.2661000000239255,4.282999999999902,4.299399999976231,4.31619999998793,4.3328999999762345,4.349499999999807,4.3659999999999854,4.3828000000116845,4.399499999999989,4.416100000023562,4.433600000023489,4.450399999976071,4.466100000023744,4.4828000000115935]",0.016651301,0.000583707,270.0,right,1.0,,,,,,2.0,0.0,12.0,0.5,-2.157486566,1.0,0.966101607,-0.935400287,43.0,0.004363323,0.383893371,0.033132061,0.062242434,0.239996947,6.0,2.440555202,0.985800274,60.0,0.008726646,0.394321176,0.024708435,0.063628191,0.162696287,6.0,0.283414036,-0.536958889,17.0,-0.004363323,0.364429878,0.03744875,0.082879054,0.20378895,5.0,1.586175195,0.030752888,37.0,-0.010471976,0.379878099,0.039758221,0.071440932,0.269646059,5.0,2.7260974,0.738599478,71.0,0.013962634,0.401673071,0.031502829,0.073976735,0.151529972,4.0,1.253104304,-0.593486654,64.0,-0.012217305,0.396824946,0.026418425,0.079335183,0.168726505,6.0,0.634509299,-0.954809625,36.0,0.002617994,0.379263044,0.03913601,0.077664539,0.168574417,3.0,1.278546555,-0.551782076,32.0,0.007853982,0.376580194,0.027808234,0.064839678,0.152904525,6.0,0.574799689,-0.912600218,94.0,0.004363323,0.42523076,0.035907823,0.059015617,0.218525823,5.0,1.717426178,0.28907429,49.0,-0.003490659,0.387690152,0.036925942,0.073283012,0.194967171,5.0,2.551068826,0.925004583,8.0,-0.008726646,0.353798062,0.040824325,0.088208322,0.256820315,6.0,1.222452765,-0.641680329,1.0,-0.007853982,0.332308035,0.049961894,0.10302439,0.316973442,6.0,,,,,,,0.4671,,0.0,30.0,30.0,30.0,1.0,,,,,,,,,,,,,,,,,,,,,,,,,,,,0
S070,2,2024-11-21_13h14.36.924,MotivatedInference,2024.1.5,Win32,60.24096386,668be8e87e83611e680fb3ab,{{%SESSION_ID%},Chrome,,,,,,,,,,,,,,,,,,,,,,,,,,,,,,1.0,,,,,,,,1.0,,,,,,,,,conditions/conds_177.csv,4.0,1.0,,,,,,,,,3005.2118,3006.9449,"[0.002099999964229937,0.016399999976329127,0.032999999999901775,0.049599999964357266,0.0663000000122338,0.08300000000008367,0.09959999996453917,0.11719999998831554,0.1334999999999127,0.14949999999998909,0.16630000001214285,0.18299999999999272,0.19959999996444822,0.21630000001187,0.23300000000017462,0.25039999997625273,0.2666999999883046,0.2829999999999018,0.29959999996435727,0.3163999999760563,0.33289999997623454,0.34959999996453917,0.36719999998831554,0.38369999998803905,0.4001999999882173,0.41709999996419356,0.4331999999881191,0.45019999998794447,0.4659999999998945,0.4843000000118991,0.499399999976049,0.5163000000120519,0.5328999999760526,0.5495999999643573,0.5663000000122338,0.5830000000000837,0.5995999999645392,0.6163999999762382,0.6330000000002656,0.6513000000118154,0.6663000000121428,0.6828000000118664,0.6993000000120446,0.7170000000000982,0.7330000000001746,0.7495999999641754,0.7663000000120519,0.7828999999760526,0.7995999999643573,0.8163000000122338,0.8328999999762345,0.8495999999645392,0.8661999999881118,0.883699999988039,0.9003000000120664,0.9163000000121428,0.9326999999880172,0.9513999999762746,0.9668999999762491,0.9828000000120483,1.0006999999882282,1.0166999999883046,1.0328999999760526,1.0496999999882064,1.0661999999883847,1.0830000000000837,1.1003999999761618,1.1163999999762382,1.1330000000002656,1.1503999999763437,1.1670999999641936,1.18380000001207,1.2000000000002728,1.2170999999643755,1.2330000000001746,1.2503999999762527,1.2666999999883046,1.2828999999760526,1.2995999999643573,1.3163000000122338,1.3328999999762345,1.3496999999883883,1.3661999999881118,1.3830000000002656,1.4003000000120664,1.4161999999882937,1.432599999964168,1.4495999999644482,1.46630000001187,1.4828999999763255,1.4994999999998981,1.5163999999763291,1.5328999999760526,1.5495999999643573,1.5661999999883847,1.5828999999762345,1.600500000000011,1.6163999999762382,1.6330000000002656,1.6503000000120664,1.6669999999999163,1.6829999999999927,1.7003999999760708,1.71630000001187,1.7328000000120483]",0.016641346,0.000620578,105.0,left,0.0,,,,,,1.0,0.0,4.0,0.5,-0.010594618,-1.0,1.807089953,0.455191479,90.0,-0.005235988,0.41932645,0.033694537,0.059919896,0.18718849,4.0,1.551825873,-0.037931805,38.0,-0.004363323,0.380540373,0.035789754,0.080850361,0.267900983,7.0,1.816670412,0.472167637,47.0,-0.003490659,0.386485672,0.032547094,0.064121381,0.201087455,6.0,1.010886414,-0.900021929,25.0,0.001745329,0.371739039,0.031180836,0.079221418,0.176784845,4.0,0.0,0.0,0.0,0.0,0.0,0.0,0.0,0.0,0.0,0.0,0.0,0.0,0.0,0.0,0.0,0.0,0.0,0.0,0.0,0.0,0.0,0.0,0.0,0.0,0.0,0.0,0.0,0.0,0.0,0.0,0.0,0.0,0.0,0.0,0.0,0.0,0.0,0.0,0.0,0.0,0.0,0.0,0.0,0.0,0.0,0.0,0.0,0.0,0.0,0.0,0.0,0.0,0.0,0.0,0.0,0.0,0.0,0.0,0.0,0.0,0.0,0.0,0.0,0.0,0.0,0.0,0.0,0.0,0.0,0.0,0.0,0.0,,,,,,,0.6008,,0.0,31.0,31.0,31.0,1.0,,,,,,,,,,,,,,,,,,,,,,,,,,,,0
S070,2,2024-11-21_13h14.36.924,MotivatedInference,2024.1.5,Win32,60.24096386,668be8e87e83611e680fb3ab,{{%SESSION_ID%},Chrome,,,,,,,,,,,,,,,,,,,,,,,,,,,,,,1.0,,,,,,,,7.0,,,,,,,,,conditions/conds_177.csv,4.0,1.0,,,,,,,,,3008.5451,3011.6282,"[0.0027999999524581654,0.016299999952479993,0.03289999997605264,0.04919999998810454,0.06599999999980355,0.08289999997623454,0.09949999999980719,0.11599999999998545,0.1328999999759617,0.14969999998811545,0.1662999999521162,0.1828999999761436,0.19939999997632185,0.21609999996417173,0.23269999998819912,0.24949999999989814,0.26619999998820276,0.28289999997605264,0.3003999999759799,0.31750000000010914,0.33329999995248727,0.3498999999760599,0.36659999996436454,0.3832999999522144,0.4000999999643682,0.4162999999521162,0.4328999999761436,0.44959999996399347,0.46619999998802086,0.4828999999763255,0.49979999995230173,0.5169999999998254,0.5327999999522035,0.5503999999759799,0.5661999999879299,0.5830000000000837,0.5995999999640844,0.616299999952389,0.633699999988039,0.6498999999762418,0.666199999987839,0.68309999996427,0.6995999999639935,0.7160999999641717,0.7328999999763255,0.7496999999880245,0.7671999999879517,0.783099999964179,0.7995999999643573,0.8165999999641826,0.8328999999762345,0.8496999999879336,0.8669999999997344,0.8830999999640881,0.8994999999999891,0.9162999999521162,0.9328999999761436,0.949500000000171,0.9662999999522981,0.9827999999524764,0.9995999999641754,1.01629999995248,1.0329999999999018,1.0496999999882064,1.06619999998793,1.0830000000000837,1.0995999999640844,1.116299999952389,1.1328999999759617,1.149499999999989,1.1665999999640917,1.183199999988119,1.1995999999639935,1.216299999952298,1.2328999999763255,1.2495999999641754,1.26629999995248,1.2828999999760526,1.2995999999643573,1.31619999998793,1.3328999999762345,1.3497999999522108,1.3669999999997344,1.3827999999521126,1.3996999999881155,1.416199999987839,1.4327999999522945,1.4502999999522217,1.4664999999999964,1.483099999963997,1.4997999999523017,1.5160999999643536,1.5329999999999018,1.54950000000008,1.56619999998793,1.5827999999523854,1.599399999975958,1.6161999999881118,1.6327999999521126,1.6502999999524945,1.6668999999760672,1.6828999999761436,1.6995999999639935,1.7161999999880209,1.7330000000001746,1.7496999999880245,1.7660000000000764,1.7828999999760526,1.79950000000008,1.81619999998793,1.8328999999762345,1.8495999999640844,1.866299999952389,1.8828999999759617,1.899499999999989,1.9162999999521162,1.9328999999761436,1.949500000000171,1.9661999999880209,1.9830000000001746,1.9994999999998981,2.0161999999882028,2.0328999999760526,2.0495999999643573,2.066299999952207,2.0830000000000837,2.099499999999807,2.116299999952389,2.1327999999521126,2.1491999999880136,2.166199999987839,2.1828999999761436,2.199500000000171,2.216299999952298,2.2328999999763255,2.2501999999881264,2.2661999999882028,2.2828999999760526,2.29950000000008,2.31619999998793,2.3328999999762345,2.3495999999640844,2.3669999999997344,2.383099999964088,2.3996999999881155,2.4164999999998145,2.4333999999762455,2.449999999999818,2.466199999988021,2.4827999999524764,2.499499999999898,2.5161999999882028,2.5328999999760526,2.5495999999643573,2.566299999952207,2.5828999999762345,2.5995999999640844,2.616199999988112,2.632999999999811,2.6502999999524945,2.666899999976067,2.6832999999523963,2.6995999999639935,2.716299999952298,2.733099999963997,2.7496999999880245,2.7660000000000764,2.7827999999522035,2.7995999999643573,2.816299999952207,2.8327999999523854,2.849499999999807,2.8658999999761363,2.8828999999759617,2.899499999999989,2.9169999999999163,2.9328999999761436,2.949500000000171,2.966899999976249,2.9830000000001746,2.999499999999898,3.0161999999882028,3.0329999999999018,3.04950000000008,3.066299999952207,3.0828999999762345]",0.016649189,0.000390442,186.0,right,1.0,,,,,,2.0,0.0,8.0,0.5,-0.889908369,1.0,2.329362908,0.998560478,11.0,-0.013089969,0.357861323,0.044486954,0.075207378,0.243622836,5.0,0.641002871,-0.95858901,34.0,-0.01134464,0.377900669,0.035623555,0.066078969,0.222301383,5.0,2.963856834,0.348032557,4.0,0.001745329,0.345391377,0.044661649,0.086491224,0.292502374,6.0,2.599276507,0.884131668,33.0,-0.006108652,0.377230834,0.032847101,0.067598606,0.249691544,6.0,1.216539105,-0.650706463,55.0,-0.003490659,0.391280598,0.028194872,0.063513844,0.18961797,6.0,0.110527347,-0.219258774,86.0,-0.01134464,0.414570186,0.03611148,0.064685839,0.099529567,3.0,1.042364899,-0.87081753,84.0,-0.002617994,0.412727296,0.032139903,0.078825818,0.191863964,5.0,1.353378533,-0.421261294,14.0,-0.004363323,0.361562951,0.033827978,0.08680928,0.200727788,5.0,0.0,0.0,0.0,0.0,0.0,0.0,0.0,0.0,0.0,0.0,0.0,0.0,0.0,0.0,0.0,0.0,0.0,0.0,0.0,0.0,0.0,0.0,0.0,0.0,0.0,0.0,0.0,0.0,0.0,0.0,0.0,0.0,0.0,0.0,0.0,0.0,,,,,,,0.533,,0.0,32.0,32.0,32.0,1.0,,,,,,,,,,,,,,,,,,,,,,,,,,,,0
S070,2,2024-11-21_13h14.36.924,MotivatedInference,2024.1.5,Win32,60.24096386,668be8e87e83611e680fb3ab,{{%SESSION_ID%},Chrome,,,,,,,,,,,,,,,,,,,,,,,,,,,,,,1.0,,,,,,,,3.0,,,,,,,,,conditions/conds_177.csv,4.0,1.0,,,,,,,,,3013.1789,3014.9118,"[0.0018000000118263415,0.015700000047672802,0.03240000003552268,0.04890000003570094,0.06580000001167718,0.08249999999998181,0.0991000000240092,0.11570000004758185,0.13240000003588648,0.14990000003581372,0.16620000004741087,0.18240000003561363,0.1999999999998181,0.21580000001176813,0.2323000000119464,0.24899999999979627,0.2657000000476728,0.28230000001167355,0.29920000004767644,0.31660000002375455,0.3324999999999818,0.3491000000240092,0.36570000004758185,0.3822000000477601,0.3989999999998872,0.4156000000239146,0.43249999999989086,0.4490000000000691,0.4657000000474909,0.4823000000119464,0.4989999999997963,0.5157000000476728,0.5324000000355227,0.5491000000238273,0.5656000000240056,0.5824000000357046,0.5991000000240092,0.616300000011961,0.6325000000001637,0.6489999999998872,0.665800000012041,0.6824000000356136,0.6989000000357919,0.7157000000474909,0.7324000000357955,0.7491000000236454,0.7656000000238237,0.782600000023649,0.7999000000359047,0.8155000000001564,0.8323000000118554,0.8491000000240092,0.8656000000237327,0.8823000000120373,0.8993000000118627,0.9163000000116881,0.9323000000117645,0.9496000000240201,0.9658000000117681,0.982700000047771,0.9996000000237473,1.0156000000238237,1.032200000047851,1.0489999999999782,1.0656000000240056,1.0824000000357046,1.0997000000475055,1.1165000000000873,1.1323000000120373,1.1499000000358137,1.1664999999998145,1.183200000047691,1.1991000000239183,1.215700000047491,1.2324000000357955,1.2489999999997963,1.2654999999999745,1.2824999999998,1.2991000000238273,1.3157000000478547,1.3324000000357046,1.3491000000240092,1.3657000000475819,1.383200000047509,1.399499999999989,1.415800000012041,1.4324000000356136,1.4491000000239183,1.465700000047491,1.4823000000119464,1.4991000000236454,1.5165000000001783,1.533100000023751,1.5489999999999782,1.5657000000478547,1.5823000000118554,1.5991000000240092,1.6154999999998836,1.6323000000120373,1.6489999999998872,1.665800000012041,1.6824000000356136,1.698900000035792,1.7164999999999964,1.732700000047771]",0.016643269,0.000461762,105.0,right,1.0,,,,,,2.0,0.0,4.0,0.5,-2.389272681,1.0,1.68108606,0.218795086,95.0,-0.003490659,0.427246221,0.028411926,0.064304978,0.203029515,6.0,0.646589496,-0.961711173,51.0,-0.000872665,0.388957543,0.039197552,0.074659583,0.215725836,5.0,0.474111259,-0.812380289,79.0,-0.004363323,0.40793127,0.02386995,0.059748747,0.165450333,7.0,0.493137493,-0.833976306,80.0,0.000872665,0.408817555,0.034279956,0.069360427,0.160822937,4.0,0.0,0.0,0.0,0.0,0.0,0.0,0.0,0.0,0.0,0.0,0.0,0.0,0.0,0.0,0.0,0.0,0.0,0.0,0.0,0.0,0.0,0.0,0.0,0.0,0.0,0.0,0.0,0.0,0.0,0.0,0.0,0.0,0.0,0.0,0.0,0.0,0.0,0.0,0.0,0.0,0.0,0.0,0.0,0.0,0.0,0.0,0.0,0.0,0.0,0.0,0.0,0.0,0.0,0.0,0.0,0.0,0.0,0.0,0.0,0.0,0.0,0.0,0.0,0.0,0.0,0.0,0.0,0.0,0.0,0.0,0.0,0.0,,,,,,,0.5825,,0.0,33.0,33.0,33.0,1.0,,,,,,,,,,,,,,,,,,,,,,,,,,,,0
S070,2,2024-11-21_13h14.36.924,MotivatedInference,2024.1.5,Win32,60.24096386,668be8e87e83611e680fb3ab,{{%SESSION_ID%},Chrome,,,,,,,,,,,,,,,,,,,,,,,,,,,,,,1.0,,,,,,,,2.0,,,,,,,,,conditions/conds_177.csv,4.0,1.0,,,,,,,,,3016.495,3018.2297,"[0.0019999999999527063,0.016600000024027395,0.03369999998813,0.04960000002392917,0.0663000000122338,0.08289999997623454,0.10050000000001091,0.11710000002403831,0.1331000000241147,0.14960000002383822,0.16630000001214285,0.1828999999761436,0.19960000002402012,0.21630000001187,0.23380000001225199,0.24980000001187364,0.26619999998820276,0.2830000000003565,0.2996999999882064,0.31619999998838466,0.3336999999883119,0.34960000002411107,0.36630000001196095,0.3838000000118882,0.3998999999762418,0.4161000000240165,0.4329999999999927,0.4496000000240201,0.46600000000034925,0.4839999999999236,0.5003000000119755,0.5171000000241293,0.53369999998813,0.5498000000120555,0.5663000000122338,0.5836999999883119,0.6005000000000109,0.6170000000001892,0.6338000000118882,0.6498000000119646,0.6663000000121428,0.6838000000120701,0.6998999999764237,0.7161999999880209,0.7338999999760745,0.75,0.7663000000120519,0.7828999999765074,0.7996000000239292,0.8163000000122338,0.833800000012161,0.8496999999883883,0.866300000011961,0.8836000000237618,0.9003000000120664,0.9181000000239692,0.9336000000239437,0.950100000024122,0.9664999999999964,0.983800000012252,1.0003999999762527,1.0171000000241293,1.0336000000238528,1.050100000024031,1.0663000000122338,1.0828999999762345,1.099500000000262,1.1161999999881118,1.133699999988039,1.1503999999763437,1.1661000000240165,1.1845000000002983,1.2001999999883992,1.2168000000119719,1.2333999999764274,1.2501999999881264,1.266300000012052,1.2833000000118773,1.300100000024031,1.3168999999761581,1.3335000000001855,1.3501000000237582,1.366300000011961,1.3830000000002656,1.3996000000238382,1.4161999999882937,1.4336000000239437,1.4496000000240201,1.4661999999880209,1.4836999999884029,1.5003000000119755,1.5163999999763291,1.5331000000242057,1.5496999999882064,1.5663000000122338,1.5828000000119573,1.599600000024111,1.6171000000240383,1.633300000012241,1.6496000000238382,1.6663000000121428,1.6828999999761436,1.6996000000240201,1.71630000001187,1.7345000000000255]",0.016658654,0.000565279,105.0,right,1.0,,,,,,1.0,0.0,4.0,0.5,1.552879254,-1.0,0.559515708,-0.899678025,15.0,-0.006108652,0.362511679,0.045131456,0.089284594,0.250473103,5.0,2.394195885,0.997113178,51.0,-0.000872665,0.388957543,0.039197552,0.074659583,0.215725836,5.0,2.447687623,0.983304677,21.0,-0.010471976,0.368150016,0.035450396,0.075174448,0.223969416,6.0,2.895734571,0.472139424,18.0,-0.008726646,0.365457086,0.031782524,0.075683607,0.153768306,4.0,0.0,0.0,0.0,0.0,0.0,0.0,0.0,0.0,0.0,0.0,0.0,0.0,0.0,0.0,0.0,0.0,0.0,0.0,0.0,0.0,0.0,0.0,0.0,0.0,0.0,0.0,0.0,0.0,0.0,0.0,0.0,0.0,0.0,0.0,0.0,0.0,0.0,0.0,0.0,0.0,0.0,0.0,0.0,0.0,0.0,0.0,0.0,0.0,0.0,0.0,0.0,0.0,0.0,0.0,0.0,0.0,0.0,0.0,0.0,0.0,0.0,0.0,0.0,0.0,0.0,0.0,0.0,0.0,0.0,0.0,0.0,0.0,,,,,,,0.9134,,0.0,34.0,34.0,34.0,1.0,,,,,,,,,,,,,,,,,,,,,,,,,,,,0
S070,2,2024-11-21_13h14.36.924,MotivatedInference,2024.1.5,Win32,60.24096386,668be8e87e83611e680fb3ab,{{%SESSION_ID%},Chrome,,,,,,,,,,,,,,,,,,,,,,,,,,,,,,1.0,,,,,,,,8.0,,,,,,,,,conditions/conds_177.csv,4.0,1.0,,,,,,,,,3020.1292,3023.2115,"[0.0036000000241074304,0.016199999988202762,0.032000000000152795,0.048699999988002673,0.06530000001203007,0.08440000003565729,0.09850000000005821,0.1154000000360611,0.13190000003578461,0.14860000002408924,0.16630000001214285,0.18330000001196822,0.1989000000357919,0.21530000001212102,0.23240000003579553,0.2486000000239983,0.2660000000000764,0.2828000000117754,0.2994000000358028,0.3160000000002583,0.33199999999987995,0.34900000000016007,0.3658000000118591,0.3818000000119355,0.3993000000118627,0.4161000000240165,0.43249999999989086,0.4486000000238164,0.4659999999998945,0.4819999999999709,0.49910000002410015,0.5153000000118482,0.5329999999999018,0.54950000000008,0.5660000000002583,0.5821000000237291,0.5986000000239073,0.6154000000360611,0.632100000023911,0.6486999999883665,0.6654000000357883,0.6824999999998909,0.6986000000238164,0.7155000000002474,0.7328000000120483,0.7494999999998981,0.765199999987999,0.7819000000358756,0.7984000000360538,0.8154000000358792,0.8316999999883592,0.848400000035781,0.865300000012212,0.8828000000121392,0.8994000000357119,0.91519999998809,0.9319000000359665,0.9486000000238164,0.9661000000237436,0.9829000000358974,0.9991999999883774,1.0154999999999745,1.0320000000001528,1.0486999999880027,1.06530000001203,1.0829000000358064,1.0994000000359847,1.115400000036061,1.132100000023911,1.1498000000119646,1.1654000000357883,1.1820000000002437,1.2004000000356427,1.2150000000001455,1.231999999999971,1.2486999999882755,1.266300000012052,1.282699999988381,1.2991000000238273,1.3160000000002583,1.33199999999988,1.3486999999881846,1.365400000036061,1.3829000000359883,1.39850000000024,1.4161999999882937,1.4334000000358174,1.4491999999881955,1.465300000012121,1.4824000000357955,1.4991000000241002,1.5153000000118482,1.532699999988381,1.5488000000118518,1.56530000001203,1.5819000000360575,1.599500000000262,1.6154999999998836,1.6320000000000618,1.64850000000024,1.6653000000119391,1.6820000000002437,1.6986000000238164,1.715300000012121,1.73210000002382,1.7491000000241002,1.7653000000118482,1.7816999999881773,1.7986999999880027,1.81530000001203,1.8326999999881082,1.8486999999881846,1.865400000036061,1.8829000000359883,1.8991999999880136,1.9153000000119391,1.9318000000121174,1.9486000000238164,1.9659000000356173,1.981999999999971,1.9986000000239983,2.0154999999999745,2.032000000000153,2.049400000035803,2.0656000000240056,2.0821999999880063,2.09900000000016,2.115300000012212,2.1319000000357846,2.1489000000360647,2.1654000000357883,2.1819000000359665,2.1986999999880936,2.215300000012121,2.2319000000356937,2.2486000000239983,2.265300000011848,2.2819000000358756,2.2986000000237254,2.31530000001203,2.332100000023729,2.3494000000359847,2.365300000012212,2.382000000000062,2.3996999999881155,2.4161999999882937,2.4320000000002437,2.448300000011841,2.465199999988272,2.481600000023718,2.4986999999882755,2.515300000011848,2.5319000000358756,2.5486000000237254,2.56530000001203,2.5819000000360575,2.5994000000359847,2.615300000012212,2.632000000000062,2.648400000035963,2.665300000011939,2.6820000000002437,2.6986000000238164,2.715300000012121,2.7319000000356937,2.7486000000239983,2.765199999987999,2.7829999999999018,2.7984999999998763,2.8161999999883847,2.832100000023729,2.8493000000121356,2.865199999988363,2.882100000023911,2.8986000000240892,2.91519999998809,2.9319000000359665,2.9486000000238164,2.965300000012121,2.981999999999971,2.9986000000239983,3.015300000011848,3.032100000024002,3.049400000035803,3.0661000000241074,3.08199999999988]",0.01664,0.000648841,186.0,right,1.0,,,,,,2.0,0.0,8.0,0.5,-1.636361657,1.0,2.562045795,0.916440818,3.0,0.001745329,0.342027877,0.030569748,0.094119191,0.219456558,8.0,1.126485126,-0.776203933,46.0,-8.92894e-14,0.385892478,0.022689461,0.062794509,0.135276835,6.0,0.427918936,-0.755120478,24.0,-0.000872665,0.370951047,0.044446314,0.068882508,0.271498611,5.0,1.638694562,0.135379491,40.0,0.001745329,0.381763748,0.031902579,0.075140032,0.211660484,6.0,1.784059209,0.413710331,66.0,-0.006108652,0.398200129,0.038012219,0.074472022,0.208169201,4.0,1.029465218,-0.883209459,3.0,0.001745329,0.342027877,0.030569748,0.094119191,0.219456558,8.0,0.046131234,-0.092131629,56.0,0.002617994,0.391878159,0.037400891,0.06461151,0.256914973,6.0,0.31877393,-0.595226797,21.0,-0.010471976,0.368150016,0.035450396,0.075174448,0.223969416,6.0,0.0,0.0,0.0,0.0,0.0,0.0,0.0,0.0,0.0,0.0,0.0,0.0,0.0,0.0,0.0,0.0,0.0,0.0,0.0,0.0,0.0,0.0,0.0,0.0,0.0,0.0,0.0,0.0,0.0,0.0,0.0,0.0,0.0,0.0,0.0,0.0,,,,,,,0.8668,,0.0,35.0,35.0,35.0,1.0,,,,,,,,,,,,,,,,,,,,,,,,,,,,0
S070,2,2024-11-21_13h14.36.924,MotivatedInference,2024.1.5,Win32,60.24096386,668be8e87e83611e680fb3ab,{{%SESSION_ID%},Chrome,,,,,,,,,,,,,,,,,,,,,,,,,,,,,,0.0,,,,,,,,11.0,,,,,,,,,conditions/conds_135.csv,5.0,1.0,,,,,,,,,3165.0089,3169.4589,"[0.003000000000156433,0.016999999999825377,0.03330000001187727,0.05040000003600653,0.06700000000000728,0.0837000000478838,0.10030000001188455,0.11640000003581008,0.13299999999981083,0.15040000003591558,0.16699999999991633,0.18380000001207009,0.19950000000017099,0.21620000004759277,0.23280000001204826,0.24980000001187364,0.26620000004777467,0.2828000000117754,0.2997000000477783,0.3168000000118809,0.3334000000359083,0.3498000000117827,0.3661000000238346,0.3832000000475091,0.4004000000359156,0.416400000035992,0.4329999999999927,0.4496000000240201,0.46710000002394736,0.4829000000358974,0.49960000002374727,0.5165000000001783,0.5333000000118773,0.5498000000120555,0.566300000011779,0.5829000000358064,0.6004000000357337,0.6166000000239364,0.6329000000359883,0.6497000000476874,0.6663000000121428,0.6829999999999927,0.6996000000240201,0.71630000001187,0.7330000000001746,0.7496000000237473,0.7667000000478765,0.7829999999999018,0.7999000000359047,0.8167000000476037,0.8329000000358064,0.8496000000236563,0.8662000000476837,0.8829000000359883,0.8996000000238382,0.916400000035992,0.9329999999999927,0.9496000000240201,0.9670000000000982,0.9830000000001746,1.0004000000358246,1.016400000035901,1.033100000023751,1.04950000000008,1.0671000000238564,1.0834000000359083,1.0994999999998072,1.1161000000238346,1.1329999999998108,1.1497000000476874,1.1663000000121428,1.1829999999999927,1.20049999999992,1.2168000000119719,1.2329000000358974,1.2497000000475964,1.2669999999998254,1.283700000047702,1.29950000000008,1.316300000011779,1.3329000000358064,1.3501000000237582,1.3666000000239364,1.38310000002366,1.399499999999989,1.4163000000121428,1.4331000000238419,1.4496000000240201,1.4664000000357191,1.4830000000001746,1.5004000000358246,1.516300000012052,1.5328000000117754,1.5497000000477783,1.566300000011779,1.583800000012161,1.5994999999998072,1.6166000000239364,1.6333000000117863,1.6499000000358137,1.6663000000121428,1.6828000000118664,1.7004000000356427,1.7168000000119719,1.7338000000117972,1.7499000000357228,1.7709000000359083,1.783700000047702,1.7997000000477783,1.816300000011779,1.8330000000000837,1.8497000000475055,1.8662000000476837,1.8838000000118882,1.90010000002394,1.9176000000238673,1.9333000000119682,1.9496000000240201,1.96630000001187,1.9839000000356464,2.000100000023849,2.016400000035901,2.0339000000358283,2.0498000000120555,2.066400000035628,2.083700000047884,2.0997000000475055,2.1162000000476837,2.1329000000359883,2.150500000000193,2.166300000012143,2.1828000000118664,2.2009000000357446,2.2164999999999964,2.2329000000358974,2.2498000000118736,2.2662000000477747,2.2832000000476,2.300100000024031,2.316300000011779,2.3328000000119573,2.3496000000236563,2.366300000011961,2.383700000047611,2.399600000023838,2.4166000000236636,2.433100000023842,2.4503000000117936,2.468400000035672,2.48330000001215,2.4998000000118736,2.5162000000477747,2.5334000000357264,2.54950000000008,2.566300000011779,2.5834000000359083,2.5996000000236563,2.61640000003581,2.6329000000359883,2.6497000000476874,2.6662000000478656,2.6829000000357155,2.69960000002402,2.7162000000475928,2.7329000000358974,2.7496000000237473,2.7662000000477747,2.783800000011979,2.7998000000120555,2.816200000047502,2.8328000000119573,2.849900000035632,2.8671000000240383,2.8833000000117863,2.8992000000475855,2.9162000000478656,2.9329000000357155,2.94960000002402,2.966400000035719,2.9828000000120483,3.0002000000476983,3.016300000012052,3.0329000000356245,3.04950000000008,3.066200000047502,3.0829000000358064,3.0996000000236563,3.1162000000476837,3.132800000012139,3.1499000000358137,3.1666000000236636,3.183700000047793,3.1997000000478693,3.21630000001187,3.23330000001215,3.2503000000119755,3.266300000012052,3.283100000023751,3.299600000023929,3.316200000047502,3.3330000000000837,3.350500000000011,3.3671000000240383,3.3829000000359883,3.399400000035712,3.416300000012143,3.433100000023842,3.44960000002402,3.4662000000475928,3.4829000000358974,3.4998000000118736,3.5167000000478765,3.5332000000476,3.5497000000477783,3.566200000047502,3.5829000000358064,3.5998000000117827,3.617000000000189,3.633200000047509,3.649600000023838,3.6662000000478656,3.6829999999999927,3.7004000000356427,3.716400000035719,3.7329000000358974,3.749400000035621,3.7669999999998254,3.7829000000356245,3.799600000023929,3.816200000047502,3.8328000000119573,3.849499999999807,3.865900000035708,3.882800000012139,3.899499999999989,3.9161000000240165,3.9329000000357155,3.949500000000171,3.9662000000475928,3.9828000000120483,3.9996000000237473,4.016300000012052,4.0329000000356245,4.049600000023929,4.066100000023653,4.082900000035806,4.099499999999807,4.116200000047684,4.132900000035988,4.149700000047687,4.166900000035639,4.1829000000357155,4.199400000035894,4.215900000035617,4.232800000012048,4.249499999999898,4.266999999999825,4.282800000011775,4.300000000000182,4.316200000047502,4.332800000011957,4.349499999999807,4.366300000011961,4.382999999999811,4.399499999999989,4.416300000012143,4.43380000001207,4.449700000047869]",0.016654307,0.000591141,268.0,right,1.0,,,,,,2.0,0.0,12.0,0.5,-3.887775057,1.0,0.75501736,-0.998154581,15.0,-0.006108652,0.362511679,0.045131456,0.089284594,0.250473103,5.0,0.178542021,-0.349543704,4.0,0.001745329,0.345391377,0.044661649,0.086491224,0.292502374,6.0,0.055099326,-0.10997575,2.0,0.008726646,0.338473989,0.032964075,0.086271212,0.185208292,4.0,3.117342868,0.048480559,43.0,0.004363323,0.383893371,0.033132061,0.062242434,0.239996947,6.0,2.55473615,0.922192884,86.0,-0.01134464,0.414570186,0.03611148,0.064685839,0.099529567,3.0,1.891696545,0.598638595,51.0,-0.000872665,0.388957543,0.039197552,0.074659583,0.215725836,5.0,1.297005794,-0.520623501,76.0,-0.010471976,0.405435715,0.045146986,0.073305428,0.359082681,7.0,0.897214398,-0.9750983,82.0,0.004363323,0.410673221,0.022643594,0.062174001,0.106425045,4.0,0.730313893,-0.993937582,65.0,0.000872665,0.397557211,0.028332609,0.059251996,0.151978572,5.0,0.069391021,-0.13833697,8.0,-0.008726646,0.353798062,0.040824325,0.088208322,0.256820315,6.0,0.876867415,-0.983313367,100.0,-0.001745329,0.484835711,0.035177462,0.059949939,0.178411257,4.0,0.199286363,-0.38810334,21.0,-0.010471976,0.368150016,0.035450396,0.075174448,0.223969416,6.0,,,,,,,0.6164,,0.0,0.0,0.0,0.0,1.0,3024.4305,3163.346,,,,,,,,,,,,,,,,,,,,,,,,,,0
S070,2,2024-11-21_13h14.36.924,MotivatedInference,2024.1.5,Win32,60.24096386,668be8e87e83611e680fb3ab,{{%SESSION_ID%},Chrome,,,,,,,,,,,,,,,,,,,,,,,,,,,,,,0.0,,,,,,,,9.0,,,,,,,,,conditions/conds_135.csv,5.0,1.0,,,,,,,,,3171.0759,3175.4919,"[0.0033000000121319317,0.01670000004787653,0.03249999999979991,0.04920000004767644,0.0657000000478547,0.08390000003555542,0.09999999999990905,0.11599999999998545,0.1325000000001637,0.14930000001186272,0.16649999999981446,0.18330000001196822,0.1992000000477674,0.21590000003561727,0.23250000000007276,0.24920000004749454,0.26590000003579917,0.28260000002364905,0.29930000001195367,0.31590000003598107,0.3327000000476801,0.3491000000240092,0.3658000000118591,0.3825000000001637,0.3992000000475855,0.4159000000358901,0.4333000000119682,0.4499999999998181,0.4657000000474909,0.48240000003579553,0.4991000000236454,0.5168000000121538,0.5333000000118773,0.5492000000476764,0.5666000000237545,0.5824999999999818,0.5992000000478583,0.6165000000000873,0.6334000000356355,0.6492000000475855,0.665800000012041,0.6829999999999927,0.6990000000000691,0.7164999999999964,0.7323000000119464,0.75,0.7663000000120519,0.7824999999997999,0.7991000000238273,0.8159999999998035,0.8324999999999818,0.8492000000478583,0.8658000000118591,0.8825000000001637,0.8991000000237364,0.915800000012041,0.9324999999998909,0.9492000000477674,0.9661000000237436,0.9826000000239219,0.9992000000474945,1.01580000001195,1.0324000000359774,1.0491000000238273,1.065800000012132,1.0824000000357046,1.0991000000240092,1.115800000011859,1.1324000000358865,1.1492000000475855,1.1660000000001673,1.1824999999998909,1.1991000000239183,1.2167000000476946,1.2331000000240238,1.2491000000236454,1.2659000000357992,1.2824000000359774,1.2992000000476764,1.315800000012132,1.3324999999999818,1.3493000000121356,1.365800000011859,1.3824000000358865,1.3991000000237364,1.4161000000240165,1.4324999999998909,1.4492000000477674,1.4659000000356173,1.4824000000357955,1.4992000000474945,1.5159000000357992,1.5333000000118773,1.5492000000476764,1.565900000035981,1.5824000000357046,1.5993000000121356,1.615800000011859,1.6325000000001637,1.650000000000091,1.6657000000477638,1.6824999999998909,1.7004000000356427,1.715700000047491,1.732600000023922,1.7492000000474945,1.7657000000476728,1.7824000000359774,1.7996000000239292,1.815800000012132,1.8324999999999818,1.8492000000478583,1.865800000011859,1.8825000000001637,1.8999000000358137,1.9166000000236636,1.93260000002374,1.9492000000477674,1.9658000000117681,1.9825000000000728,1.9999000000357228,2.0166000000240274,2.033100000023751,2.0491000000238273,2.065800000012132,2.0824000000357046,2.099100000024009,2.115700000047582,2.1329000000359883,2.1491000000237364,2.166400000035992,2.183100000023842,2.1991000000239183,2.2159000000356173,2.2325000000000728,2.2492000000474945,2.265900000035799,2.2824999999998,2.2991000000238273,2.3166000000237545,2.3334000000359083,2.3492000000478583,2.365800000011859,2.3825000000001637,2.3992000000475855,2.416300000012143,2.4333000000119682,2.4501000000236672,2.46630000001187,2.4825000000000728,2.4989999999997963,2.515700000047673,2.5324999999998,2.548999999999978,2.565900000035981,2.582499999999982,2.5992000000478583,2.615700000047582,2.6325000000001637,2.6492000000475855,2.665800000012041,2.682499999999891,2.699999999999818,2.7164999999999964,2.733200000047873,2.7489999999997963,2.7662000000477747,2.7824000000359774,2.7991000000238273,2.8157000000478547,2.8323000000118554,2.8488000000120337,2.865800000011859,2.8833000000117863,2.899600000023838,2.916400000035992,2.9333000000119682,2.9499000000359956,2.965800000011768,2.9824000000357955,2.9992000000474945,3.0165000000001783,3.033100000023751,3.0491000000238273,3.0657000000478547,3.082600000023831,3.0992000000478583,3.1159999999999854,3.1325000000001637,3.1492000000475855,3.165800000012041,3.1824000000356136,3.199999999999818,3.21630000001187,3.2325000000000728,3.2491000000236454,3.26580000001195,3.2824999999998,3.2993000000119537,3.316400000035628,3.332499999999982,3.349100000024009,3.365800000011859,3.3825000000001637,3.3991000000237364,3.41680000001179,3.43260000002374,3.4497000000478693,3.4662000000475928,3.4824000000357955,3.4991000000236454,3.5162000000477747,3.5324999999998,3.5491000000238273,3.5657000000478547,3.582499999999982,3.5992000000478583,3.615800000011859,3.6324000000358865,3.6493000000118627,3.665800000012041,3.682499999999891,3.6991000000239183,3.7159000000356173,3.732700000047771,3.7496000000237473,3.7661000000239255,3.7824000000359774,3.7991000000238273,3.8157000000478547,3.83270000004768,3.849100000024009,3.865800000011859,3.8824000000358865,3.8991000000237364,3.9166000000236636,3.932499999999891,3.9499000000359956,3.965800000011768,3.9824000000357955,3.9992000000474945,4.015700000047673,4.0324999999998,4.049100000023827,4.065900000035981,4.082100000023729,4.099100000024009,4.116700000047786,4.132999999999811,4.148999999999887,4.165700000047764,4.182499999999891,4.199900000035996,4.216499999999996,4.2324000000357955,4.249100000023645,4.265700000047673,4.282400000035977,4.299300000011954,4.315700000047855,4.332499999999982,4.349300000012136,4.365700000047582,4.383200000047509,4.398999999999887,4.415800000012041]",0.016650943,0.000459624,266.0,left,1.0,,,,,,1.0,0.0,12.0,0.5,4.948667542,1.0,2.77223883,0.673332987,9.0,0.01134464,0.355140301,0.038458273,0.073668072,0.274720221,7.0,1.456633824,-0.226346318,4.0,0.001745329,0.345391377,0.044661649,0.086491224,0.292502374,6.0,2.646847266,0.835746464,17.0,-0.004363323,0.364429878,0.03744875,0.082879054,0.20378895,5.0,2.346010023,0.99979256,26.0,-8.92894e-14,0.37233788,0.03804093,0.07765862,0.260457405,6.0,1.719039858,0.292162353,51.0,-0.000872665,0.388957543,0.039197552,0.074659583,0.215725836,5.0,1.675326336,0.207540476,76.0,-0.010471976,0.405435715,0.045146986,0.073305428,0.359082681,7.0,2.619339528,0.864676619,64.0,-0.012217305,0.396824946,0.026418425,0.079335183,0.168726505,6.0,0.690289254,-0.981963075,64.0,-0.012217305,0.396824946,0.026418425,0.079335183,0.168726505,6.0,2.520971527,0.946186749,56.0,0.002617994,0.391878159,0.037400891,0.06461151,0.256914973,6.0,2.229074319,0.967854636,40.0,0.001745329,0.381763748,0.031902579,0.075140032,0.211660484,6.0,1.230562825,-0.629156084,72.0,0.006108652,0.40239539,0.026269008,0.066501733,0.165237327,6.0,2.380278198,0.998840174,83.0,0.005235988,0.41175896,0.032251087,0.065012348,0.244231929,6.0,,,,,,,0.9685,,0.0,1.0,1.0,1.0,1.0,,,,,,,,,,,,,,,,,,,,,,,,,,,,0
S070,2,2024-11-21_13h14.36.924,MotivatedInference,2024.1.5,Win32,60.24096386,668be8e87e83611e680fb3ab,{{%SESSION_ID%},Chrome,,,,,,,,,,,,,,,,,,,,,,,,,,,,,,0.0,,,,,,,,5.0,,,,,,,,,conditions/conds_135.csv,5.0,1.0,,,,,,,,,3177.4585,3180.5444,"[0.0031999999878280505,0.019499999999879947,0.03360000002385277,0.05280000001175722,0.06950000000006185,0.08299999999962893,0.10269999998808998,0.11639999997578343,0.13299999999981083,0.15049999999973807,0.17019999998774438,0.1855000000000473,0.20269999998799904,0.21630000001187,0.2339999999999236,0.2543000000118809,0.2701999999881082,0.2871000000236563,0.3003999999759799,0.3163999999760563,0.33310000002347806,0.3498000000117827,0.3708999999757907,0.3838999999761654,0.4026000000235399,0.41639999997596533,0.43380000001161534,0.4548000000118009,0.4716000000234999,0.48610000002372544,0.5025000000000546,0.5163999999758744,0.5329999999999018,0.550499999999829,0.5704999999998108,0.5839999999998327,0.6031000000239146,0.6166999999877589,0.6381000000237691,0.6496999999881155,0.6664999999998145,0.6876999999881264,0.7031999999881009,0.7163999999761472,0.7329999999997199,0.7536999999879299,0.7708999999758817,0.7831000000237509,0.8028000000117572,0.8171000000238564,0.8361000000236345,0.8503999999761618,0.869499999999789,0.8863000000119428,0.9033000000117681,0.9173999999761691,0.9379999999996471,0.9518999999759217,0.9663999999761472,0.9856000000236236,0.9998000000118736,1.0211999999878572,1.03739999997606,1.0498000000116008,1.0703999999759617,1.0866000000237364,1.0998000000117827,1.1209999999996398,1.1338000000118882,1.1526999999878171,1.16680000001179,1.1859999999996944,1.1996999999878426,1.2208000000118773,1.2338999999760745,1.2533000000116772,1.2671000000236745,1.285899999976209,1.300499999999829,1.3208000000117863,1.3366999999880136,1.349999999999909,1.3696000000236381,1.3863000000119428,1.4018999999761945,1.416300000011688,1.4331000000238419,1.4498000000116917,1.46630000001187,1.4859999999998763,1.4996999999880245,1.5163000000115971,1.5338000000119791,1.5541000000234817,1.5671000000238564,1.5863000000117609,1.5996999999879336,1.6163999999757834,1.635800000011841,1.653199999987919,1.6671999999880427,1.6829999999999927,1.7003999999760708,1.7188000000119246,1.7359999999998763,1.7496000000237473,1.7663999999758744,1.7839999999996508,1.803800000011961,1.8171000000238564,1.8359999999997854,1.8533999999758635,1.8668999999758853,1.8861000000238164,1.9008000000117136,1.9203999999758707,1.9329999999999927,1.9524999999998727,1.9669999999996435,1.9861999999880027,2.000499999999647,2.020199999988108,2.0341000000235,2.0524999999997817,2.0663999999760563,2.08289999997578,2.1026000000238128,2.116199999988112,2.1361999999880936,2.152699999987817,2.1693999999761218,2.1829999999999927,2.2003000000117936,2.221699999987777,2.237499999999727,2.250399999975798,2.26949999999988,2.2838999999758016,2.2996000000234744,2.3170000000000073,2.3359999999997854,2.3533999999758635,2.3664999999996326,2.387399999975969,2.403300000011768,2.4191999999879954,2.4326999999880172,2.4541000000235726,2.4664999999999964,2.4861000000237254,2.5006000000234962,2.5193000000117536,2.533800000011979,2.5524999999997817,2.566300000011779,2.582999999999629,2.6036000000235617,2.6171000000235836,2.636500000000069,2.650399999975889,2.6698000000119464,2.68349999999964,2.703199999988101,2.7163999999761472,2.73580000001175,2.753100000023551,2.7663999999758744,2.7829999999999018,2.8036000000238346,2.8163999999760563,2.8376000000234853,2.850500000000011,2.869600000023638,2.8834999999999127,2.9023999999758416,2.9163999999759653,2.9366999999879226,2.9496000000235654,2.96719999998777,2.9869999999996253,3.0046000000238564,3.020100000023831,3.03369999998813,3.0524999999997817,3.0671000000238564,3.08569999998781]",0.016662162,0.00265942,186.0,right,1.0,,,,,,1.0,0.0,8.0,0.5,2.665676628,-1.0,2.310091802,0.995752095,89.0,0.014835299,0.418022232,0.039220845,0.067729576,0.134251055,3.0,2.907173362,0.451850498,62.0,-0.006981317,0.395568746,0.03641844,0.082091507,0.288170754,7.0,2.377997093,0.999049444,43.0,0.004363323,0.383893371,0.033132061,0.062242434,0.239996947,6.0,1.964433394,0.708432048,32.0,0.007853982,0.376580194,0.027808234,0.064839678,0.152904525,6.0,3.082578204,0.117755051,100.0,-0.001745329,0.484835711,0.035177462,0.059949939,0.178411257,4.0,1.112922587,-0.793018171,76.0,-0.010471976,0.405435715,0.045146986,0.073305428,0.359082681,7.0,0.184781698,-0.361208339,23.0,0.001745329,0.370048297,0.033576258,0.089212406,0.165879093,5.0,2.852166244,0.547064002,6.0,-0.001745329,0.3497664,0.039524515,0.103278094,0.256513403,7.0,0.0,0.0,0.0,0.0,0.0,0.0,0.0,0.0,0.0,0.0,0.0,0.0,0.0,0.0,0.0,0.0,0.0,0.0,0.0,0.0,0.0,0.0,0.0,0.0,0.0,0.0,0.0,0.0,0.0,0.0,0.0,0.0,0.0,0.0,0.0,0.0,,,,,,,0.8673,,0.0,2.0,2.0,2.0,1.0,,,,,,,,,,,,,,,,,,,,,,,,,,,,0
S070,2,2024-11-21_13h14.36.924,MotivatedInference,2024.1.5,Win32,60.24096386,668be8e87e83611e680fb3ab,{{%SESSION_ID%},Chrome,,,,,,,,,,,,,,,,,,,,,,,,,,,,,,0.0,,,,,,,,6.0,,,,,,,,,conditions/conds_135.csv,5.0,1.0,,,,,,,,,3182.4138,3185.4758,"[0.0025999999638770532,0.0153999999761254,0.027699999987817137,0.0470999999643027,0.061899999976049,0.08269999998810817,0.09499999999979991,0.1141999999881591,0.12839999997595442,0.14849999999978536,0.1613999999758562,0.18069999998806452,0.19719999998778803,0.21089999997593623,0.23239999997622363,0.24439999997593986,0.2660999999638989,0.27839999997604536,0.2978000000116481,0.31169999998792264,0.33059999996430633,0.3451999999879263,0.3638000000119064,0.37759999996387705,0.3943999999760308,0.4108999999762091,0.43219999998791536,0.44469999998773346,0.46619999998802086,0.47830000001158623,0.4970999999641208,0.5143000000116444,0.5308000000118227,0.5443000000118445,0.561899999976049,0.5816999999879044,0.5950999999640771,0.6140000000000327,0.627599999963877,0.6470999999642117,0.6608999999762091,0.6803000000118118,0.6973000000116372,0.7109999999997854,0.7316999999879954,0.7451999999880172,0.7635999999642991,0.7774999999996908,0.7943999999761218,0.8159999999998035,0.8283999999762273,0.8474999999998545,0.8609999999998763,0.8806999999878826,0.8943999999760308,0.9136999999877844,0.9273000000116554,0.9443000000119355,0.9610999999640626,0.9778000000119391,0.9981999999877189,1.0138999999758198,1.0306999999879736,1.0470000000000255,1.0620999999641754,1.0811999999878026,1.0950999999640771,1.115800000011859,1.1295999999642845,1.1475999999643136,1.1610999999638807,1.1818000000116626,1.1945999999638843,1.2109999999997854,1.2321999999880973,1.2443999999759399,1.2633999999761727,1.2778999999759435,1.2971999999881518,1.3108999999758453,1.32759999996415,1.3480999999642336,1.3643999999758307,1.3808000000117318,1.3941999999879044,1.4136999999877844,1.427599999964059,1.447099999963939,1.4658999999760454,1.4783000000115862,1.4984999999996944,1.5108999999761181,1.5301999999878717,1.546800000011899,1.5608999999758453,1.5773000000117463,1.5968000000116263,1.6108999999760272,1.6303999999759071,1.6443000000117536,1.6610000000000582,1.6774999999997817,1.6950999999639862,1.7141999999880682,1.7273999999761145,1.7480999999643245,1.7618000000115899,1.7805999999641244,1.7948000000119464,1.8135999999640262,1.8283999999762273,1.8475999999641317,1.861399999976129,1.8823999999758598,1.8945999999641572,1.9133000000119864,1.928300000011859,1.9495999999639935,1.9613000000117609,1.9805999999639425,1.9943000000116626,2.0138000000119973,2.0274999999996908,2.0470000000000255,2.0638000000117245,2.07759999996415,2.0969999999997526,2.110899999976027,2.1323000000115826,2.14819999998781,2.160800000011932,2.1833000000119682,2.1974999999997635,2.2108999999759362,2.2318000000118445,2.24439999997594,2.2641999999877953,2.277599999963968,2.2951999999877444,2.3159999999998035,2.32830000001195,2.3473999999760053,2.360899999976027,2.3799999999996544,2.3943000000117536,2.4138000000116335,2.4284999999999854,2.4441999999880863,2.4616999999880136,2.4823000000119464,2.4984999999996944,2.5109999999999673,2.528300000011768,2.54950000000008,2.5616999999879226,2.5779999999999745,2.5989999999997053,2.6116999999881045,2.6308000000117318,2.6443000000117536,2.661000000000058,2.680300000011812,2.6943000000119355,2.7108999999759362,2.7283000000115862,2.7495999999641754,2.7609999999999673,2.780300000011721,2.7943000000118445,2.816099999964081,2.8283999999762273,2.8480999999642336,2.8618000000119537,2.8804999999997563,2.895199999988108,2.910899999976209,2.9278999999760345,2.9481999999879918,2.9611999999879117,2.981999999999971,2.99439999997594,3.01389999997582,3.027599999963968,3.0493000000119537,3.0618000000117718]",0.016626087,0.003058714,185.0,left,1.0,,,,,,1.0,0.0,8.0,0.5,3.614644932,1.0,0.090999498,-0.180995914,59.0,0.006981317,0.393731017,0.031135395,0.06163787,0.205460115,5.0,2.536190492,0.935899641,95.0,-0.003490659,0.427246221,0.028411926,0.064304978,0.203029515,6.0,1.31692244,-0.486210392,86.0,-0.01134464,0.414570186,0.03611148,0.064685839,0.099529567,3.0,3.009479162,0.261163157,91.0,0.001745329,0.420659204,0.046109782,0.086244352,0.261967492,5.0,2.205040662,0.954651987,85.0,0.003490659,0.413672168,0.024690997,0.064801949,0.114487367,4.0,1.779304992,0.405035201,100.0,-0.001745329,0.484835711,0.035177462,0.059949939,0.178411257,4.0,2.014493849,0.775429522,80.0,0.000872665,0.408817555,0.034279956,0.069360427,0.160822937,4.0,2.515499521,0.949671729,56.0,0.002617994,0.391878159,0.037400891,0.06461151,0.256914973,6.0,0.0,0.0,0.0,0.0,0.0,0.0,0.0,0.0,0.0,0.0,0.0,0.0,0.0,0.0,0.0,0.0,0.0,0.0,0.0,0.0,0.0,0.0,0.0,0.0,0.0,0.0,0.0,0.0,0.0,0.0,0.0,0.0,0.0,0.0,0.0,0.0,,,,,,,0.6507,,0.0,3.0,3.0,3.0,1.0,,,,,,,,,,,,,,,,,,,,,,,,,,,,0
S070,2,2024-11-21_13h14.36.924,MotivatedInference,2024.1.5,Win32,60.24096386,668be8e87e83611e680fb3ab,{{%SESSION_ID%},Chrome,,,,,,,,,,,,,,,,,,,,,,,,,,,,,,0.0,,,,,,,,12.0,,,,,,,,,conditions/conds_135.csv,5.0,1.0,,,,,,,,,3187.1453,3191.6289,"[0.003199999988282798,0.016800000011699012,0.032300000012128294,0.04599999999982174,0.06289999997625273,0.08439999997608538,0.09689999997635823,0.11659999996436454,0.12980000001198277,0.15099999999983993,0.16609999996444458,0.17939999997634004,0.20019999998794447,0.21319999998786443,0.23209999996424813,0.2460000000000946,0.26580000001195003,0.2795000000000982,0.29639999997607447,0.3176999999882355,0.33009999996420447,0.34919999998828644,0.36630000001196095,0.38030000001208464,0.39939999997613995,0.4135000000001128,0.4323999999760417,0.44680000001199005,0.46709999996437546,0.4798000000118918,0.5001999999881264,0.5128999999760708,0.5295000000000982,0.5488000000118518,0.5628000000119755,0.58199999999988,0.596800000012081,0.6155999999641608,0.6318999999762127,0.646099999964008,0.6628000000118845,0.67939999997634,0.6988000000119428,0.7158000000117681,0.7293999999760672,0.746199999988221,0.7663000000120519,0.7795000000000982,0.798899999976129,0.8128000000119755,0.8320999999641572,0.846800000012081,0.86689999997634,0.8800999999643864,0.9008000000117136,0.9130999999642881,0.9323999999760417,0.9459999999999127,0.9626999999882173,0.9823000000119464,0.9960999999643718,1.0165999999644555,1.029399999976249,1.0486999999880027,1.0655999999644337,1.0803000000119027,1.0991999999882864,1.1134999999999309,1.1334999999999127,1.146699999987959,1.1656999999881918,1.1801999999879627,1.1998000000116917,1.2130999999640153,1.2323999999762236,1.2460999999643718,1.2678000000119027,1.279399999976249,1.298899999976129,1.3133000000120774,1.332599999964259,1.3466999999882319,1.3671999999878608,1.3800999999643864,1.4000999999643682,1.4164999999998145,1.4291999999882137,1.45049999999992,1.4633999999759908,1.4823999999762236,1.4960000000000946,1.5178000000119027,1.5301999999878717,1.5496999999882064,1.5653999999763073,1.5795999999641026,1.5986999999881846,1.6133000000118045,1.6328999999759617,1.6464999999998327,1.665800000012041,1.67939999997634,1.6998000000116917,1.7130999999640153,1.7345000000000255,1.7489999999997963,1.7628000000117936,1.7801999999878717,1.799399999976231,1.8126999999881264,1.8293999999759762,1.8498000000117827,1.8634999999999309,1.8825000000001637,1.8960000000001855,1.9153999999762163,1.9303000000118118,1.9503999999760708,1.9636999999879663,1.983699999987948,1.996199999988221,2.0171999999879517,2.0295000000000982,2.0486999999880027,2.0626999999881264,2.0823999999761327,2.10109999996439,2.1166999999882137,2.129399999976158,2.146099999964008,2.166899999976067,2.1800999999641135,2.1959999999999127,2.2173000000120737,2.2300999999642954,2.2496999999880245,2.26299999999992,2.2829999999999018,2.2968999999761763,2.316300000011779,2.333599999964008,2.3458999999761545,2.3626999999878535,2.3838999999761654,2.39659999996411,2.417399999976169,2.4326999999880172,2.446199999988039,2.4653999999759435,2.479399999976067,2.4985999999644264,2.5126999999879445,2.529300000011972,2.5485999999641535,2.5626999999881264,2.5793999999759762,2.5995999999640844,2.613499999999931,2.633199999987937,2.646800000011808,2.6655999999643427,2.680399999976089,2.6998000000116917,2.7130999999640153,2.734699999988152,2.746199999988221,2.76580000001195,2.782000000000153,2.7959999999998217,2.815699999988283,2.8293999999759762,2.848899999976311,2.8633999999760817,2.8823000000120373,2.8960000000001855,2.9176999999881446,2.9301999999879627,2.9490999999643464,2.9626999999882173,2.979399999976067,3.0003999999762527,3.0128000000117936,3.03209999996443,3.046199999987948,3.0655999999644337,3.079300000011699,3.0998000000117827,3.1166999999882137,3.129399999976158,3.1460000000001855,3.1641999999878863,3.1828999999761436,3.1959999999999127,3.2128000000120664,3.2338000000117972,3.2465000000001965,3.2698000000118554,3.2800999999640226,3.299399999976231,3.3126999999881264,3.33199999999988,3.346800000012081,3.366199999988112,3.3801999999882355,3.3995999999642663,3.4133999999762636,3.4328000000118664,3.4463999999761654,3.46559999996407,3.479399999976067,3.4990999999640735,3.5125999999640953,3.529399999976249,3.5459999999998217,3.5653999999763073,3.5793999999759762,3.5960000000000036,3.617199999987861,3.6300999999643864,3.650500000000193,3.66359999996439,3.682599999964168,3.6959999999999127,3.7154999999997926,3.7301999999881446,3.7488000000121247,3.7633999999761727,3.7823000000121283,3.798899999976129,3.8153999999763073,3.8293999999759762,3.849999999999909,3.8633999999760817,3.882000000000062,3.8960000000001855,3.9155000000000655,3.9320999999640662,3.946699999988141,3.9664999999999964,3.97930000001179,3.9988000000121247,4.015399999976125,4.029300000011972,4.048499999999876,4.063500000000204,4.079399999975976,4.101000000000113,4.113499999999931,4.133699999988039,4.1496999999881155,4.162599999964186,4.18380000001207,4.196199999988039,4.215699999987919,4.22930000001179,4.2486999999882755,4.2626999999879445,4.282000000000153,4.295999999999822,4.317000000000007,4.330199999988054,4.350699999988137,4.363499999999931,4.382199999988188,4.395899999976336,4.41519999998809,4.429300000012063,4.450899999976173,4.463399999975991,4.483399999975973]",0.016655019,0.003053528,270.0,right,0.0,,,,,,2.0,0.0,12.0,0.5,-2.548526313,-1.0,0.616583303,-0.943542474,19.0,-8.92894e-14,0.366380653,0.037711395,0.069882825,0.280007013,7.0,0.276037732,-0.524455485,89.0,0.014835299,0.418022232,0.039220845,0.067729576,0.134251055,3.0,0.391443767,-0.705329272,74.0,-0.002617994,0.403888444,0.032857311,0.06846285,0.186846183,6.0,0.31584738,-0.590513324,59.0,0.006981317,0.393731017,0.031135395,0.06163787,0.205460115,5.0,2.952489629,0.369253895,36.0,0.002617994,0.379263044,0.03913601,0.077664539,0.168574417,3.0,1.036006321,-0.87699878,94.0,0.004363323,0.42523076,0.035907823,0.059015617,0.218525823,5.0,0.073843643,-0.14715099,39.0,-0.006981317,0.381053424,0.030288742,0.070264002,0.227413277,7.0,2.877720677,0.503585523,43.0,0.004363323,0.383893371,0.033132061,0.062242434,0.239996947,6.0,2.971848665,0.333004336,59.0,0.006981317,0.393731017,0.031135395,0.06163787,0.205460115,5.0,1.760246642,0.3698993,51.0,-0.000872665,0.388957543,0.039197552,0.074659583,0.215725836,5.0,1.279595279,-0.550031617,24.0,-0.000872665,0.370951047,0.044446314,0.068882508,0.271498611,5.0,1.678503684,0.213752576,16.0,0.017453293,0.363466057,0.031192723,0.069909496,0.180964939,5.0,,,,,,,0.8672,,0.0,4.0,4.0,4.0,1.0,,,,,,,,,,,,,,,,,,,,,,,,,,,,0
S070,2,2024-11-21_13h14.36.924,MotivatedInference,2024.1.5,Win32,60.24096386,668be8e87e83611e680fb3ab,{{%SESSION_ID%},Chrome,,,,,,,,,,,,,,,,,,,,,,,,,,,,,,0.0,,,,,,,,2.0,,,,,,,,,conditions/conds_135.csv,5.0,1.0,,,,,,,,,3193.4944,3195.2252,"[0.001400000035573612,0.016800000011699012,0.03030000001172084,0.04980000001160079,0.06360000002359811,0.08399999999983265,0.09680000001162625,0.11699999999973443,0.13099999999985812,0.15010000002348534,0.1634000000353808,0.18010000002368542,0.20040000003564273,0.2143000000119173,0.23360000002367087,0.24730000001181907,0.26350000000002183,0.28090000003567184,0.300499999999829,0.3176000000235035,0.3306000000234235,0.3512000000473563,0.3669000000354572,0.38280000001168446,0.39680000001180815,0.41349999999965803,0.4309000000357628,0.45020000004751637,0.4644000000357664,0.48460000002341985,0.49780000001192093,0.5169999999998254,0.5309999999999491,0.5507000000475273,0.5642000000475491,0.5839000000355554,0.5974999999998545,0.6171000000235836,0.6306000000236054,0.652100000023438,0.6636000000235072,0.6829999999999927,0.6968000000115353,0.71630000001187,0.7309999999997672,0.7496000000237473,0.7641000000235181,0.7843000000116263,0.7976000000235217,0.8170000000000073,0.830900000035399,0.8496000000236563,0.8634999999999309,0.8849000000354863,0.8971000000237837,0.9164999999998145,0.9301000000236854,0.9499000000355409,0.9634999999998399,0.9802000000472617,0.9993000000117718,1.0143000000116444,1.033100000023751,1.0506000000236781,1.0662000000475018,1.0829000000353517,1.0968000000116263,1.1159000000357082,1.1306000000236054,1.1499999999996362,1.1636000000235072,1.1806000000237873,1.2018000000116444,1.21420000004764,1.2332000000474181,1.2468000000117172,1.26620000004732,1.283700000047702,1.296800000011899,1.3177000000473527,1.3304999999995744,1.3496000000236563,1.3634000000356536,1.3854000000355882,1.4001000000234853,1.413499999999658,1.4352000000476437,1.4468000000115353,1.4664999999999964,1.4827000000473163,1.4969000000355663,1.5176000000237764,1.5308000000118227,1.5498000000116008,1.563499999999749,1.5847000000476328,1.5968000000116263,1.6156000000237327,1.6309000000355809,1.6507000000474363,1.6643000000117354,1.68540000003577,1.6973000000116372,1.7167000000476946,1.7304999999996653]",0.016625962,0.003020125,105.0,left,1.0,,,,,,1.0,0.0,4.0,0.5,0.354177442,1.0,1.766443321,0.381384918,54.0,-0.000872665,0.390632361,0.034931933,0.073298853,0.195852464,4.0,1.775078226,0.397291748,14.0,-0.004363323,0.361562951,0.033827978,0.08680928,0.200727788,5.0,0.316823223,-0.592087263,89.0,0.014835299,0.418022232,0.039220845,0.067729576,0.134251055,3.0,3.057401356,0.167588039,66.0,-0.006108652,0.398200129,0.038012219,0.074472022,0.208169201,4.0,0.0,0.0,0.0,0.0,0.0,0.0,0.0,0.0,0.0,0.0,0.0,0.0,0.0,0.0,0.0,0.0,0.0,0.0,0.0,0.0,0.0,0.0,0.0,0.0,0.0,0.0,0.0,0.0,0.0,0.0,0.0,0.0,0.0,0.0,0.0,0.0,0.0,0.0,0.0,0.0,0.0,0.0,0.0,0.0,0.0,0.0,0.0,0.0,0.0,0.0,0.0,0.0,0.0,0.0,0.0,0.0,0.0,0.0,0.0,0.0,0.0,0.0,0.0,0.0,0.0,0.0,0.0,0.0,0.0,0.0,0.0,0.0,,,,,,,0.8007,,0.0,5.0,5.0,5.0,1.0,,,,,,,,,,,,,,,,,,,,,,,,,,,,0
S070,2,2024-11-21_13h14.36.924,MotivatedInference,2024.1.5,Win32,60.24096386,668be8e87e83611e680fb3ab,{{%SESSION_ID%},Chrome,,,,,,,,,,,,,,,,,,,,,,,,,,,,,,-1.0,,,,,,,,10.0,,,,,,,,,conditions/conds_135.csv,5.0,1.0,,,,,,,,,3300.9229,3305.3561,"[0.003499999999803549,0.016499999999723514,0.03310000002375091,0.049700000047323556,0.06710000002385641,0.08380000001170629,0.09980000001178269,0.11640000003535533,0.1338000000118882,0.15070000004743633,0.16640000003553723,0.18310000002384186,0.19980000001169174,0.21730000001161898,0.23349999999982174,0.2497000000475964,0.26630000001159715,0.2831000000237509,0.2998000000116008,0.3164000000356282,0.33310000002347806,0.34970000004750545,0.36640000003535533,0.3838000000118882,0.39990000003535897,0.41640000003553723,0.43310000002384186,0.4497000000474145,0.46640000003571913,0.4829999999997199,0.5004999999996471,0.5166000000235726,0.5329999999999018,0.5497000000473236,0.5664000000356282,0.5829999999996289,0.5997000000475055,0.6164000000353553,0.6329999999998108,0.6496000000238382,0.6664000000355372,0.6831000000238419,0.6996000000235654,0.7164000000357191,0.7341000000237727,0.7497000000475964,0.766800000011699,0.7839000000353735,0.7999000000354499,0.8164000000356282,0.8331000000234781,0.8497000000475055,0.8664000000353553,0.88310000002366,0.9004999999997381,0.9164999999998145,0.9331000000238419,0.9498000000116917,0.9664000000357191,0.9839000000356464,1.0006000000234962,1.0164000000354463,1.0329000000356245,1.0499999999997272,1.066300000011779,1.082999999999629,1.1004000000357337,1.1167000000473308,1.13310000002366,1.1497000000476874,1.166300000011688,1.1831000000238419,1.1998000000116917,1.2164000000357191,1.2332000000474181,1.2497000000475964,1.2664000000354463,1.2829999999999018,1.300499999999829,1.316300000011779,1.3338000000117063,1.3501000000237582,1.3663000000115062,1.38310000002366,1.399900000035359,1.416300000011688,1.4331000000238419,1.4497000000474145,1.4664000000357191,1.4829999999997199,1.5004999999996471,1.5163000000115971,1.533100000023751,1.5506000000236781,1.567300000011528,1.5834000000354536,1.600500000000011,1.6166000000234817,1.6329999999998108,1.6497000000476874,1.6673000000118918,1.6833000000115135,1.6997000000474145,1.7164000000357191,1.733100000023569,1.7498000000118736,1.7664000000354463,1.783100000023751,1.800499999999829,1.8164000000356282,1.832999999999629,1.8497000000475055,1.8666000000234817,1.8834000000356355,1.8999999999996362,1.9164999999998145,1.9331000000238419,1.9497000000474145,1.96630000001187,1.9829999999997199,1.9998000000118736,2.016300000011597,2.0329999999999018,2.0496000000234744,2.066400000035628,2.083100000023478,2.099900000035632,2.116300000011506,2.1334000000356355,2.1497000000476874,2.1664000000355372,2.1829000000357155,2.1996000000235654,2.216400000035719,2.23299999999972,2.2496000000237473,2.266300000011597,2.283100000023751,2.2997000000473236,2.316300000011779,2.332999999999629,2.3497000000475055,2.3671000000235836,2.382999999999811,2.3997000000476874,2.416300000011688,2.4329000000357155,2.4497000000474145,2.466400000035719,2.48299999999972,2.4997000000475964,2.516300000011597,2.5329999999999018,2.5497000000473236,2.566300000011779,2.582999999999629,2.5996000000236563,2.6164000000353553,2.63310000002366,2.6497000000476874,2.6664000000355372,2.6829999999999927,2.6998000000116917,2.71630000001187,2.73299999999972,2.7497000000475964,2.766300000011597,2.7829999999999018,2.799800000011601,2.816800000011881,2.8339000000355554,2.8496000000236563,2.866300000011506,2.8829000000355336,2.8997000000476874,2.9167000000475127,2.9329000000357155,2.9497000000474145,2.96630000001187,2.9829000000354426,2.9998000000118736,3.0164000000354463,3.033100000023751,3.0496000000234744,3.066400000035628,3.082999999999629,3.0997000000475055,3.116300000011506,3.132999999999811,3.149600000023838,3.1664000000355372,3.1838000000116153,3.199999999999818,3.2162000000475928,3.2327000000473163,3.2497000000475964,3.2664000000354463,3.283100000023751,3.2997000000473236,3.316300000011779,3.332999999999629,3.3498000000117827,3.366300000011506,3.38310000002366,3.3997000000476874,3.416300000011688,3.4338000000116153,3.4496000000235654,3.466400000035719,3.4827000000473163,3.4997000000475964,3.516300000011597,3.5333000000118773,3.5497000000473236,3.5661000000236527,3.5829000000353517,3.599499999999807,3.616300000011506,3.633700000047611,3.649600000023838,3.667300000011892,3.6829000000357155,3.6998000000116917,3.71630000001187,3.73299999999972,3.7497000000475964,3.766300000011597,3.7829999999999018,3.7997000000473236,3.8171000000238564,3.8339000000355554,3.8497000000475055,3.866900000035457,3.883700000047611,3.899600000023838,3.9164000000355372,3.9329999999999927,3.9497000000474145,3.966400000035719,3.98299999999972,3.9996000000237473,4.016300000011597,4.032999999999902,4.049700000047324,4.066300000011779,4.083100000023478,4.099800000011783,4.116300000011506,4.133800000011888,4.149600000023838,4.166300000011688,4.182999999999993,4.199600000023565,4.216400000035719,4.23299999999972,4.249700000047596,4.26620000004732,4.283400000035726,4.299600000023474,4.316300000011779,4.332999999999629,4.349600000023656,4.366300000011506,4.382999999999811,4.39980000001151,4.416300000011688,4.432999999999993]",0.016652256,0.000427986,267.0,right,1.0,,,,,,1.0,0.0,12.0,0.5,-0.147488663,-1.0,1.787036051,0.419123252,95.0,-0.003490659,0.427246221,0.028411926,0.064304978,0.203029515,6.0,1.535409367,-0.070714851,89.0,0.014835299,0.418022232,0.039220845,0.067729576,0.134251055,3.0,2.265074965,0.983440371,19.0,-8.92894e-14,0.366380653,0.037711395,0.069882825,0.280007013,7.0,1.318568664,-0.483330683,22.0,-0.006108652,0.369173441,0.034771665,0.081264392,0.215269419,6.0,2.451105013,0.982038016,50.0,-0.003490659,0.388365859,0.031859869,0.061653869,0.235670302,6.0,0.769824551,-0.999514964,26.0,-8.92894e-14,0.37233788,0.03804093,0.07765862,0.260457405,6.0,1.097552879,-0.811366976,41.0,0.013089969,0.382506884,0.032100804,0.075836611,0.218324429,6.0,2.151072423,0.917023481,16.0,0.017453293,0.363466057,0.031192723,0.069909496,0.180964939,5.0,1.360748152,-0.407848427,54.0,-0.000872665,0.390632361,0.034931933,0.073298853,0.195852464,4.0,1.207324254,-0.66458938,60.0,0.008726646,0.394321176,0.024708435,0.063628191,0.162696287,6.0,0.3097984,-0.580706958,7.0,-0.003490659,0.352071506,0.033456274,0.080650645,0.190019159,6.0,2.838973263,0.568958457,83.0,0.005235988,0.41175896,0.032251087,0.065012348,0.244231929,6.0,,,,,,,0.7832,,0.0,6.0,6.0,6.0,1.0,,,,,,,,,,,,,,,,,,,,,,,,,,,,0
S070,2,2024-11-21_13h14.36.924,MotivatedInference,2024.1.5,Win32,60.24096386,668be8e87e83611e680fb3ab,{{%SESSION_ID%},Chrome,,,,,,,,,,,,,,,,,,,,,,,,,,,,,,-1.0,,,,,,,,4.0,,,,,,,,,conditions/conds_135.csv,5.0,1.0,,,,,,,,,3307.1398,3308.8568,"[0.0025999999643318006,0.01609999996435363,0.03280000001223016,0.049899999976332765,0.0660000000002583,0.08319999998821004,0.0996999999883883,0.11589999997659106,0.13269999998829007,0.14930000001231747,0.16600000000016735,0.1835000000000946,0.19950000000017099,0.21600000000034925,0.23269999998819912,0.25019999998812636,0.26680000001215376,0.282699999988381,0.29930000001195367,0.31900000000041473,0.33359999996446277,0.34900000000016007,0.3663999999762382,0.3830000000002656,0.39969999998811545,0.4158999999763182,0.432699999988472,0.44939999997632185,0.46600000000034925,0.4826999999881991,0.4995000000003529,0.5160000000000764,0.532699999988381,0.5493000000119537,0.5668000000123357,0.5835000000001855,0.5993999999764128,0.6160999999642627,0.6330999999645428,0.6493000000123175,0.6660000000001673,0.682699999988472,0.6993999999763219,0.7160000000003492,0.73259999996435,0.75,0.7660999999643536,0.782699999988381,0.801199999988512,0.8163000000122338,0.8326999999881082,0.8493999999764128,0.8659999999999854,0.8826999999882901,0.9000999999643682,0.9158999999763182,0.9325999999646228,0.9493000000120446,0.9660000000003492,0.9833999999764274,0.9998999999761509,1.0160999999643536,1.032699999988381,1.0493000000119537,1.0668000000123357,1.0828000000119573,1.0993000000121356,1.1160999999642627,1.132599999964441,1.14939999997614,1.1660000000001673,1.182699999988472,1.1993999999763219,1.2163000000123247,1.2326999999881991,1.2493000000122265,1.2660000000000764,1.282699999988381,1.299000000000433,1.3160000000002583,1.332599999964259,1.3493999999764128,1.3659999999999854,1.3828999999764164,1.3993000000123175,1.4160000000001673,1.432699999988472,1.4493000000120446,1.4660000000003492,1.4826999999881991,1.4995000000003529,1.5160000000000764,1.532699999988381,1.54950000000008,1.5661999999883847,1.5824999999999818,1.5993999999764128,1.6159999999999854,1.63269999998829,1.649000000000342,1.6666999999883956,1.6835000000000946,1.6993000000120446,1.7168000000119719]",0.016642718,0.000657828,104.0,left,0.0,,,,,,2.0,0.0,4.0,0.5,-0.547140963,1.0,1.304211492,-0.508265611,33.0,-0.006108652,0.377230834,0.032847101,0.067598606,0.249691544,6.0,0.206557574,-0.401464357,53.0,-0.003490659,0.390095866,0.043303837,0.083823939,0.349451294,6.0,2.081006025,0.852327444,83.0,0.005235988,0.41175896,0.032251087,0.065012348,0.244231929,6.0,0.255894864,-0.48973844,6.0,-0.001745329,0.3497664,0.039524515,0.103278094,0.256513403,7.0,0.0,0.0,0.0,0.0,0.0,0.0,0.0,0.0,0.0,0.0,0.0,0.0,0.0,0.0,0.0,0.0,0.0,0.0,0.0,0.0,0.0,0.0,0.0,0.0,0.0,0.0,0.0,0.0,0.0,0.0,0.0,0.0,0.0,0.0,0.0,0.0,0.0,0.0,0.0,0.0,0.0,0.0,0.0,0.0,0.0,0.0,0.0,0.0,0.0,0.0,0.0,0.0,0.0,0.0,0.0,0.0,0.0,0.0,0.0,0.0,0.0,0.0,0.0,0.0,0.0,0.0,0.0,0.0,0.0,0.0,0.0,0.0,,,,,,,0.8657,,0.0,7.0,7.0,7.0,1.0,,,,,,,,,,,,,,,,,,,,,,,,,,,,0
S070,2,2024-11-21_13h14.36.924,MotivatedInference,2024.1.5,Win32,60.24096386,668be8e87e83611e680fb3ab,{{%SESSION_ID%},Chrome,,,,,,,,,,,,,,,,,,,,,,,,,,,,,,-1.0,,,,,,,,8.0,,,,,,,,,conditions/conds_135.csv,5.0,1.0,,,,,,,,,3310.7226,3313.8067,"[0.0025000000000545697,0.01650000000017826,0.03309999996463375,0.04979999995248363,0.06650000000036016,0.0840000000002874,0.09989999997651466,0.11639999997623818,0.13319999998839194,0.14969999998811545,0.1665000000002692,0.1831999999881191,0.20009999996455008,0.21649999999999636,0.233199999988301,0.24989999997615087,0.26650000000017826,0.2833999999761545,0.2996999999882064,0.31650000000036016,0.33319999998821004,0.34979999995266553,0.36719999998831554,0.38319999998839194,0.3998999999762418,0.41659999996454644,0.4338999999763473,0.45069999998804633,0.46649999999999636,0.48309999996445185,0.5000999999642772,0.5165000000001783,0.5330999999646338,0.5498999999763328,0.5665000000003602,0.58319999998821,0.6000000000003638,0.6166999999882137,0.6331999999883919,0.6497999999523927,0.6663999999764201,0.6831999999881191,0.6998999999764237,0.7164999999999964,0.7330999999644519,0.7497999999523017,0.7665000000001783,0.7830999999646338,0.800599999964561,0.8171999999881336,0.8332999999524873,0.8497999999526655,0.8665000000000873,0.8832999999526692,0.8997999999523927,0.9163999999764201,0.9333999999762455,0.9497999999525746,0.9664999999999964,0.9830999999644519,0.9998999999761509,1.0165000000001783,1.0330999999646338,1.0497999999524836,1.0675000000001091,1.0838999999764383,1.0997999999526655,1.1165000000000873,1.1330999999645428,1.1497999999523927,1.1665000000002692,1.183199999988119,1.1998999999764237,1.2167999999524,1.233199999988301,1.2497999999523017,1.2665000000001783,1.2831999999880281,1.2997999999524836,1.3165000000003602,1.3338999999764383,1.3497999999526655,1.3665000000000873,1.383199999988392,1.3998999999762418,1.41639999997642,1.43309999996427,1.4498999999764237,1.4671999999882246,1.4830999999644519,1.4998999999761509,1.5165000000001783,1.5330999999646338,1.5501999999883083,1.5670000000000073,1.5835000000001855,1.600500000000011,1.6170000000001892,1.633199999988392,1.6497999999523927,1.66639999997642,1.683199999988119,1.6996999999882973,1.7164999999999964,1.733199999988301,1.7497999999523017,1.7665000000001783,1.7830999999646338,1.7998999999763328,1.8165000000003602,1.83319999998821,1.8496999999883883,1.8665000000000873,1.883199999988392,1.9002999999524945,1.9165000000002692,1.93309999996427,1.9497999999525746,1.9664999999999964,1.983199999988301,1.9998999999761509,2.0165000000001783,2.0330999999646338,2.050599999964561,2.06650000000036,2.083099999964361,2.0997999999526655,2.116399999976238,2.133099999964543,2.1497999999523927,2.1665999999645464,2.18309999996427,2.1998999999764237,2.2165999999642736,2.235500000000229,2.2500999999642772,2.2665000000001783,2.2830999999646338,2.2996999999882064,2.316399999976511,2.33319999998821,2.3498999999765147,2.366399999976238,2.383099999964543,2.3997999999523927,2.416500000000269,2.4332999999523963,2.450599999964197,2.467299999952502,2.483099999964452,2.4997999999523017,2.5165000000001783,2.533199999988028,2.5505000000002838,2.566399999976511,2.583099999964361,2.5997999999526655,2.616799999952491,2.633099999964543,2.6497999999523927,2.66639999997642,2.68309999996427,2.6998999999764237,2.7164999999999964,2.733099999964452,2.7496999999880245,2.7665000000001783,2.7830999999646338,2.7997999999524836,2.81650000000036,2.8338999999764383,2.8497999999526655,2.866399999976238,2.883199999988392,2.8997999999523927,2.9165999999645464,2.933699999988221,2.9496999999882973,2.9663999999761472,2.9828999999763255,2.999500000000353,3.016399999976329,3.0330999999646338,3.0498999999763328,3.06650000000036,3.0838999999764383]",0.016656216,0.000425507,186.0,right,0.0,,,,,,2.0,0.0,8.0,0.5,-1.329421778,-1.0,1.852197859,0.533559019,74.0,-0.002617994,0.403888444,0.032857311,0.06846285,0.186846183,6.0,2.489201077,0.964826646,18.0,-0.008726646,0.365457086,0.031782524,0.075683607,0.153768306,4.0,0.570013397,-0.908644685,51.0,-0.000872665,0.388957543,0.039197552,0.074659583,0.215725836,5.0,0.485753123,-0.825736257,79.0,-0.004363323,0.40793127,0.02386995,0.059748747,0.165450333,7.0,0.110609067,-0.219418235,11.0,-0.013089969,0.357861323,0.044486954,0.075207378,0.243622836,5.0,0.334289124,-0.61987096,93.0,0.012217305,0.423353751,0.033559225,0.078739299,0.188587653,4.0,1.19727274,-0.679475241,31.0,0.004363323,0.375872077,0.0344646,0.07529372,0.228193104,6.0,2.92192503,0.425337935,28.0,0.006108652,0.373747518,0.036497013,0.082304542,0.218348002,5.0,0.0,0.0,0.0,0.0,0.0,0.0,0.0,0.0,0.0,0.0,0.0,0.0,0.0,0.0,0.0,0.0,0.0,0.0,0.0,0.0,0.0,0.0,0.0,0.0,0.0,0.0,0.0,0.0,0.0,0.0,0.0,0.0,0.0,0.0,0.0,0.0,,,,,,,0.5511,,0.0,8.0,8.0,8.0,1.0,,,,,,,,,,,,,,,,,,,,,,,,,,,,0
S070,2,2024-11-21_13h14.36.924,MotivatedInference,2024.1.5,Win32,60.24096386,668be8e87e83611e680fb3ab,{{%SESSION_ID%},Chrome,,,,,,,,,,,,,,,,,,,,,,,,,,,,,,-1.0,,,,,,,,3.0,,,,,,,,,conditions/conds_135.csv,5.0,1.0,,,,,,,,,3315.3728,3317.1226,"[0.0019999999999527063,0.01650000000017826,0.03289999997605264,0.050199999988308264,0.06689999997615814,0.0836999999883119,0.09969999998793355,0.11619999998811181,0.13339999997606355,0.14959999996426632,0.16630000001214285,0.1828999999761436,0.19939999997632185,0.21609999996417173,0.23250000000007276,0.24959999996417537,0.26619999998820276,0.28289999997605264,0.29950000000008004,0.3161999999879299,0.33289999997623454,0.34969999998793355,0.3661999999881118,0.38289999997641644,0.3994999999999891,0.4169999999999163,0.4328999999761436,0.449500000000171,0.46709999996437546,0.4830000000001746,0.49959999996417537,0.5165000000001783,0.5328999999760526,0.5508999999760817,0.5661999999879299,0.5828999999762345,0.5996999999879336,0.6161999999881118,0.6328999999764164,0.6494999999999891,0.6661999999882937,0.6828999999761436,0.699500000000171,0.7161999999880209,0.7328999999763255,0.749399999976049,0.7661999999882028,0.7828999999760526,0.7996999999882064,0.8160999999640808,0.8333999999763364,0.8494999999998072,0.8661999999881118,0.8825000000001637,0.8994999999999891,0.9161999999882937,0.9328999999761436,0.949500000000171,0.9670000000000982,0.9830000000001746,0.9994999999998981,1.0161999999882028,1.0328000000117754,1.0496999999882064,1.06619999998793,1.0828000000119573,1.0993999999764128,1.11689999997634,1.1333999999760636,1.150000000000091,1.1660999999644446,1.1835999999643718,1.199899999975969,1.2170000000000982,1.233599999964099,1.2495999999641754,1.2666999999883046,1.2828999999760526,1.29950000000008,1.316300000011779,1.3328000000119573,1.3495999999640844,1.366300000011961,1.3828999999764164,1.3995999999642663,1.4161999999882937,1.4328999999761436,1.4495999999644482,1.4661999999880209,1.4828999999763255,1.4994999999998981,1.5160999999643536,1.5328000000117754,1.54950000000008,1.56619999998793,1.5828999999762345,1.5994999999998072,1.616300000011961,1.6328000000121392,1.649499999999989,1.6668999999760672,1.683699999988221,1.699500000000171,1.7161999999880209,1.7328999999763255,1.7495999999641754]",0.01664381,0.000434231,106.0,right,1.0,,,,,,2.0,0.0,4.0,0.5,-1.467112222,1.0,1.285877716,-0.539494998,22.0,-0.006108652,0.369173441,0.034771665,0.081264392,0.215269419,6.0,0.177808634,-0.348169079,40.0,0.001745329,0.381763748,0.031902579,0.075140032,0.211660484,6.0,0.598970898,-0.931291306,54.0,-0.000872665,0.390632361,0.034931933,0.073298853,0.195852464,4.0,1.750566048,0.351843161,67.0,0.000872665,0.398829923,0.040120187,0.066830121,0.198372452,4.0,0.0,0.0,0.0,0.0,0.0,0.0,0.0,0.0,0.0,0.0,0.0,0.0,0.0,0.0,0.0,0.0,0.0,0.0,0.0,0.0,0.0,0.0,0.0,0.0,0.0,0.0,0.0,0.0,0.0,0.0,0.0,0.0,0.0,0.0,0.0,0.0,0.0,0.0,0.0,0.0,0.0,0.0,0.0,0.0,0.0,0.0,0.0,0.0,0.0,0.0,0.0,0.0,0.0,0.0,0.0,0.0,0.0,0.0,0.0,0.0,0.0,0.0,0.0,0.0,0.0,0.0,0.0,0.0,0.0,0.0,0.0,0.0,,,,,,,0.6182,,0.0,9.0,9.0,9.0,1.0,,,,,,,,,,,,,,,,,,,,,,,,,,,,0
S070,2,2024-11-21_13h14.36.924,MotivatedInference,2024.1.5,Win32,60.24096386,668be8e87e83611e680fb3ab,{{%SESSION_ID%},Chrome,,,,,,,,,,,,,,,,,,,,,,,,,,,,,,-1.0,,,,,,,,1.0,,,,,,,,,conditions/conds_135.csv,5.0,1.0,,,,,,,,,3318.7241,3320.4562,"[0.0016999999879772076,0.014799999952174403,0.03159999996432816,0.04899999999997817,0.0647999999523563,0.08149999999977808,0.09779999995225808,0.11489999997593259,0.13149999999995998,0.1488999999760381,0.1648999999761145,0.18149999999968713,0.19900000000006912,0.21499999999969077,0.23149999999986903,0.24809999996432452,0.26499999999987267,0.28150000000005093,0.2981999999879008,0.31500000000005457,0.3314999999997781,0.3481999999880827,0.36479999995208345,0.3817999999523636,0.39819999998780986,0.41479999995226535,0.43149999999968713,0.44819999998799176,0.46489999997584164,0.48149999999986903,0.4981999999877189,0.5147999999521744,0.5315000000000509,0.5480999999640517,0.5647999999523563,0.5814999999997781,0.5981999999880827,0.6146999999878062,0.63149999999996,0.6480999999639607,0.6648999999761145,0.6814999999996871,0.698299999952269,0.7154999999997926,0.7313999999760199,0.7481999999877189,0.7647999999521744,0.7815000000000509,0.7981999999879008,0.8148999999762054,0.8315999999640553,0.8481999999880827,0.8647999999520835,0.88149999999996,0.8981999999878099,0.9147999999522654,0.9315999999639644,0.94889999997622,0.9652999999520944,0.9813999999760199,0.9981999999877189,1.0148999999760235,1.0320999999639753,1.048299999952178,1.07109999996419,1.081499999999778,1.0988999999758562,1.115199999987908,1.1313999999761108,1.1481999999878099,1.1647999999522654,1.181399999975838,1.1981999999879918,1.2148999999758416,1.231499999999869,1.2480999999643245,1.2648999999760235,1.281500000000051,1.2981999999879008,1.315699999987828,1.331399999975929,1.3481999999880827,1.3648999999759326,1.3815999999642372,1.3981999999878099,1.4148999999761145,1.4321999999879154,1.4480999999641426,1.4647999999519925,1.481499999999869,1.4980999999643245,1.5148999999760235,1.5315999999643282,1.5481999999879008,1.5647999999523563,1.581499999999778,1.5981999999880827,1.6148999999759326,1.6321999999877335,1.6480999999639607,1.6647999999522654,1.6815999999639644,1.6981999999879918,1.7148999999758416,1.7317999999522726]",0.016635577,0.000983999,105.0,right,1.0,,,,,,1.0,0.0,4.0,0.5,2.709572856,-1.0,2.480103867,0.969449765,79.0,-0.004363323,0.40793127,0.02386995,0.059748747,0.165450333,7.0,2.518499084,0.947775444,23.0,0.001745329,0.370048297,0.033576258,0.089212406,0.165879093,5.0,2.062801531,0.832724573,45.0,0.006108652,0.385245638,0.032702855,0.065559913,0.166419284,5.0,0.020193953,-0.040376926,35.0,0.01134464,0.378665605,0.034694997,0.068673497,0.233172687,6.0,0.0,0.0,0.0,0.0,0.0,0.0,0.0,0.0,0.0,0.0,0.0,0.0,0.0,0.0,0.0,0.0,0.0,0.0,0.0,0.0,0.0,0.0,0.0,0.0,0.0,0.0,0.0,0.0,0.0,0.0,0.0,0.0,0.0,0.0,0.0,0.0,0.0,0.0,0.0,0.0,0.0,0.0,0.0,0.0,0.0,0.0,0.0,0.0,0.0,0.0,0.0,0.0,0.0,0.0,0.0,0.0,0.0,0.0,0.0,0.0,0.0,0.0,0.0,0.0,0.0,0.0,0.0,0.0,0.0,0.0,0.0,0.0,,,,,,,0.6572,,0.0,10.0,10.0,10.0,1.0,,,,,,,,,,,,,,,,,,,,,,,,,,,,0
S070,2,2024-11-21_13h14.36.924,MotivatedInference,2024.1.5,Win32,60.24096386,668be8e87e83611e680fb3ab,{{%SESSION_ID%},Chrome,,,,,,,,,,,,,,,,,,,,,,,,,,,,,,-1.0,,,,,,,,11.0,,,,,,,,,conditions/conds_135.csv,5.0,1.0,,,,,,,,,3322.1234,3326.5891,"[0.0034000000355263182,0.015499999999974534,0.032300000011673546,0.04880000001185181,0.06549999999970169,0.08240000003570458,0.10100000000011278,0.11630000001196095,0.1326000000235581,0.14890000003561,0.16550000000006548,0.18180000001166263,0.1989000000357919,0.2157000000474909,0.23220000004766916,0.24920000004749454,0.2657000000476728,0.2822000000473963,0.29890000003570094,0.3171000000238564,0.3334999999997308,0.3498000000117827,0.3656000000237327,0.382100000023911,0.3989999999998872,0.4166000000236636,0.4329000000357155,0.44910000002391826,0.46620000004759277,0.4826000000239219,0.49890000003551904,0.5156000000238237,0.5322000000473963,0.5489000000357009,0.5654999999997017,0.5822000000475782,0.5989000000354281,0.6166000000239364,0.6323000000120373,0.64890000003561,0.6655000000000655,0.6831000000238419,0.6994999999997162,0.7166000000238455,0.7329999999997199,0.7492000000474945,0.7654999999999745,0.7822000000473963,0.7991000000238273,0.8158000000116772,0.8323000000118554,0.8488000000120337,0.8657000000475819,0.8822000000477601,0.89890000003561,0.9155000000000655,0.9322000000474873,0.9498000000116917,0.966900000035821,0.9829000000354426,0.998900000035519,1.0154999999999745,1.0322000000473963,1.048900000035701,1.0654000000358792,1.0822000000475782,1.0988000000120337,1.1157000000475819,1.1322000000477601,1.1491000000237364,1.1656000000239146,1.1833000000119682,1.198900000035792,1.2154999999997926,1.2322000000476692,1.2496000000237473,1.26580000001195,1.2821000000235472,1.2994000000358028,1.3158000000116772,1.332100000023729,1.348900000035428,1.3654000000356064,1.382100000023911,1.39890000003561,1.4155000000000655,1.4322000000474873,1.4498000000116917,1.4666000000238455,1.4833000000116954,1.5002000000476983,1.5154999999999745,1.5324000000355227,1.5492000000476764,1.5659000000355263,1.5831000000239328,1.5991000000235545,1.6154999999998836,1.633200000047509,1.6499000000358137,1.6662000000474109,1.6822000000474873,1.6998000000116917,1.7164999999999964,1.7323000000119464,1.74880000001167,1.7654999999999745,1.7822000000473963,1.7988000000118518,1.8159999999998035,1.83270000004768,1.8493000000116808,1.8654999999998836,1.882600000023558,1.89890000003561,1.9156000000239146,1.9322000000474873,1.948900000035792,1.9654999999997926,1.98210000002382,1.9993000000117718,2.01580000001195,2.0322000000473963,2.048800000011852,2.0657000000474,2.0829000000358064,2.099999999999909,2.115900000035708,2.132100000023911,2.1486000000236345,2.1654000000357883,2.1824000000356136,2.198900000035792,2.2154999999997926,2.232200000047669,2.24880000001167,2.2654999999999745,2.282100000023547,2.299999999999727,2.3164999999999054,2.332100000023729,2.3488000000120337,2.366800000011608,2.3828000000116845,2.3984999999997854,2.4149999999999636,2.432100000023638,2.4486000000238164,2.465200000047389,2.482200000047669,2.49880000001167,2.5154999999999745,2.5322000000473963,2.548999999999978,2.5654999999997017,2.58199999999988,2.598900000035428,2.61640000003581,2.6328000000116845,2.6491000000237364,2.666300000011688,2.682499999999891,2.69840000003569,2.7154999999997926,2.732200000047669,2.74880000001167,2.7654000000356973,2.7819000000358756,2.7984999999998763,2.815400000035879,2.832100000023729,2.848400000035781,2.8654999999998836,2.883200000047509,2.8999000000358137,2.9164000000355372,2.9328000000118664,2.94930000001159,2.965800000011768,2.9823000000119464,2.9989999999997963,3.0154999999999745,3.0322000000473963,3.048999999999978,3.0654999999997017,3.0824000000357046,3.0988000000120337,3.1154999999998836,3.13220000004776,3.1484999999997854,3.1664999999998145,3.183200000047691,3.1988000000119428,3.2154999999997926,3.2324000000357955,3.2487000000473927,3.2660000000000764,3.2823000000116735,3.299400000035803,3.3159999999998035,3.332100000023729,3.3488000000120337,3.365700000047582,3.38220000004776,3.39890000003561,3.4154000000357883,3.4322000000474873,3.4491000000239183,3.4654000000355154,3.482200000047669,3.49880000001167,3.5154999999999745,3.533100000023751,3.548800000011852,3.565400000035879,3.5824000000357046,3.5997000000475055,3.615900000035708,3.63220000004776,3.648800000011761,3.666900000035639,3.6829999999999927,3.6984999999999673,3.7154999999997926,3.73210000002382,3.7497000000475964,3.7654999999999745,3.7822000000473963,3.798999999999978,3.815400000035879,3.832100000023729,3.8488000000120337,3.8654999999998836,3.882100000023911,3.89890000003561,3.9155000000000655,3.933100000023842,3.9488000000119428,3.9654999999997926,3.9823000000119464,3.9987000000473927,4.0154999999999745,4.032100000023547,4.048800000011852,4.065400000035879,4.082100000023729,4.098800000012034,4.115499999999884,4.132100000023911,4.149900000035814,4.165700000047764,4.182200000047487,4.1987000000476655,4.215400000035515,4.23210000002382,4.249300000011772,4.2654999999999745,4.281999999999698,4.298900000035701,4.3159999999998035,4.332800000011957,4.3487000000477565,4.365300000011757,4.382300000012037,4.398800000011761,4.415400000035788,4.4329000000357155,4.448800000011943,4.465499999999793]",0.016649627,0.000552842,269.0,left,0.0,,,,,,2.0,0.0,12.0,0.5,-3.887775057,1.0,0.75501736,-0.998154581,15.0,-0.006108652,0.362511679,0.045131456,0.089284594,0.250473103,5.0,0.178542021,-0.349543704,4.0,0.001745329,0.345391377,0.044661649,0.086491224,0.292502374,6.0,0.055099326,-0.10997575,2.0,0.008726646,0.338473989,0.032964075,0.086271212,0.185208292,4.0,3.117342868,0.048480559,43.0,0.004363323,0.383893371,0.033132061,0.062242434,0.239996947,6.0,2.55473615,0.922192884,86.0,-0.01134464,0.414570186,0.03611148,0.064685839,0.099529567,3.0,1.891696545,0.598638595,51.0,-0.000872665,0.388957543,0.039197552,0.074659583,0.215725836,5.0,1.297005794,-0.520623501,76.0,-0.010471976,0.405435715,0.045146986,0.073305428,0.359082681,7.0,0.897214398,-0.9750983,82.0,0.004363323,0.410673221,0.022643594,0.062174001,0.106425045,4.0,0.730313893,-0.993937582,65.0,0.000872665,0.397557211,0.028332609,0.059251996,0.151978572,5.0,0.069391021,-0.13833697,8.0,-0.008726646,0.353798062,0.040824325,0.088208322,0.256820315,6.0,0.876867415,-0.983313367,100.0,-0.001745329,0.484835711,0.035177462,0.059949939,0.178411257,4.0,0.199286363,-0.38810334,21.0,-0.010471976,0.368150016,0.035450396,0.075174448,0.223969416,6.0,,,,,,,0.6842,,0.0,11.0,11.0,11.0,1.0,,,,,,,,,,,,,,,,,,,,,,,,,,,,0
S070,2,2024-11-21_13h14.36.924,MotivatedInference,2024.1.5,Win32,60.24096386,668be8e87e83611e680fb3ab,{{%SESSION_ID%},Chrome,,,,,,,,,,,,,,,,,,,,,,,,,,,,,,1.0,,,,,,,,10.0,,,,,,,,,conditions/conds_135.csv,5.0,1.0,,,,,,,,,3329.606,3334.0723,"[0.003699999987929914,0.01639999997587438,0.03280000001177541,0.050499999999829015,0.06619999998792991,0.08369999998785715,0.09939999997595805,0.11619999998811181,0.1334999999999127,0.15039999997588893,0.16610000002356173,0.18299999999999272,0.1993999999758671,0.2171000000234926,0.23419999998804997,0.249399999976049,0.266199999987748,0.2828000000117754,0.2994999999996253,0.3161000000236527,0.3328000000119573,0.34969999998793355,0.3661000000238346,0.38239999997585983,0.3994999999999891,0.41649999999981446,0.43280000001186636,0.4493999999758671,0.46639999997614723,0.48349999999982174,0.499399999976049,0.5163000000115971,0.5331000000237509,0.5498000000116008,0.5661000000236527,0.5828000000119573,0.599399999975958,0.6161000000238346,0.6328000000116845,0.64939999997614,0.6661000000235617,0.6834999999996398,0.6996000000235654,0.7161000000237436,0.7326999999877444,0.749399999976049,0.7661000000234708,0.7828999999760526,0.8003999999759799,0.8161000000236527,0.8328999999757798,0.849399999975958,0.8661000000238346,0.883699999988039,0.8999999999996362,0.9161000000235617,0.9326999999880172,0.9493999999758671,0.9658999999760454,0.9831999999878462,0.9991000000236454,1.0161000000234708,1.0328000000117754,1.0493999999757762,1.066300000011779,1.0826999999881082,1.099399999975958,1.1171999999878608,1.1329999999998108,1.14939999997614,1.1661000000235617,1.1829999999999927,1.199399999975867,1.2168000000115171,1.2328000000115935,1.249399999976049,1.2661000000234708,1.2828000000117754,1.2993999999757762,1.3161000000236527,1.3328000000119573,1.349399999975958,1.3661000000238346,1.3828000000116845,1.399499999999989,1.4164999999998145,1.4328000000118664,1.4494999999997162,1.4671000000234926,1.4826999999877444,1.4994999999998981,1.5168999999759762,1.5326999999879263,1.5493999999757762,1.5661000000236527,1.5826999999881082,1.5996000000236563,1.6161000000238346,1.6328999999759617,1.64939999997614,1.6661000000235617,1.6828000000118664,1.7003999999760708,1.7161999999880209,1.7328000000115935,1.749399999976049,1.7663000000115971,1.7828000000117754,1.7993999999757762,1.8168999999761581,1.8328999999757798,1.8494999999998072,1.8661999999881118,1.8826999999878353,1.89939999997614,1.9158999999758635,1.9339999999997417,1.9494999999997162,1.9661000000237436,1.9826000000234671,1.9994999999998981,2.016100000023471,2.0328999999760526,2.049399999975776,2.0661000000236527,2.0838000000117063,2.099399999975958,2.117199999987861,2.1328000000116845,2.14939999997614,2.166899999976067,2.1829999999999927,2.1998000000116917,2.2159999999998945,2.2333000000116954,2.2491000000236454,2.266199999987748,2.2828000000117754,2.2994999999996253,2.31619999998793,2.332699999988108,2.349399999975958,2.3661000000238346,2.3826999999878353,2.399499999999989,2.4171000000237655,2.4328000000118664,2.4494999999997162,2.4671000000234926,2.4828000000115935,2.499499999999898,2.516100000023471,2.533100000023751,2.5493000000119537,2.565800000011677,2.582600000023831,2.599399999975958,2.6161000000238346,2.6326999999878353,2.6496999999881155,2.6661000000235617,2.683699999987766,2.6994999999997162,2.71719999998777,2.7326999999877444,2.749399999976049,2.7659999999996217,2.7826999999879263,2.799399999975776,2.816300000011779,2.8328000000119573,2.849399999975958,2.8661000000238346,2.8833000000117863,2.89980000001151,2.916199999987839,2.9328999999761436,2.949399999975867,2.9661000000237436,2.9839999999999236,3.0003000000115208,3.016100000023471,3.0335000000000036,3.049399999975776,3.0661000000236527,3.082699999988108,3.099499999999807,3.1161000000238346,3.1326999999878353,3.14939999997614,3.1661000000235617,3.1828000000118664,3.199399999975867,3.2161000000237436,3.2328000000115935,3.2496999999880245,3.2659999999996217,3.2828000000117754,3.299399999975776,3.3161000000236527,3.3328000000119573,3.349499999999807,3.3661000000238346,3.3826999999878353,3.3993000000118627,3.4161000000235617,3.433699999987766,3.450399999976071,3.4661000000237436,3.4828000000115935,3.499499999999898,3.516300000011597,3.5326999999879263,3.5494999999996253,3.5661000000236527,3.582699999988108,3.599399999975958,3.6161000000238346,3.6328999999759617,3.64939999997614,3.6661000000235617,3.6838000000116153,3.699399999975867,3.71719999998777,3.7326999999877444,3.749399999976049,3.7659999999996217,3.7828000000117754,3.7993000000119537,3.8161000000236527,3.83289999997578,3.8496000000236563,3.8663999999757834,3.8826999999878353,3.89939999997614,3.9158999999758635,3.9323999999760417,3.949399999975867,3.9659999999998945,3.9828000000115935,3.999399999976049,4.015999999999622,4.032800000011775,4.049600000023474,4.066100000023653,4.083800000011706,4.099399999975958,4.116300000011506,4.132699999987835,4.14939999997614,4.166899999976067,4.182899999976144,4.200300000011794,4.216899999975794,4.233100000023569,4.252800000011575,4.266199999987748,4.282600000023649,4.299399999975776,4.316100000023653,4.332699999988108,4.349399999975958,4.3659999999999854,4.382699999987835,4.399499999999989,4.416100000023562,4.43260000002374,4.449399999975867,4.466100000023744]",0.016650746,0.000599097,269.0,right,1.0,,,,,,1.0,0.0,12.0,0.5,-0.147488663,-1.0,1.787036051,0.419123252,95.0,-0.003490659,0.427246221,0.028411926,0.064304978,0.203029515,6.0,1.535409367,-0.070714851,89.0,0.014835299,0.418022232,0.039220845,0.067729576,0.134251055,3.0,2.265074965,0.983440371,19.0,-8.92894e-14,0.366380653,0.037711395,0.069882825,0.280007013,7.0,1.318568664,-0.483330683,22.0,-0.006108652,0.369173441,0.034771665,0.081264392,0.215269419,6.0,2.451105013,0.982038016,50.0,-0.003490659,0.388365859,0.031859869,0.061653869,0.235670302,6.0,0.769824551,-0.999514964,26.0,-8.92894e-14,0.37233788,0.03804093,0.07765862,0.260457405,6.0,1.097552879,-0.811366976,41.0,0.013089969,0.382506884,0.032100804,0.075836611,0.218324429,6.0,2.151072423,0.917023481,16.0,0.017453293,0.363466057,0.031192723,0.069909496,0.180964939,5.0,1.360748152,-0.407848427,54.0,-0.000872665,0.390632361,0.034931933,0.073298853,0.195852464,4.0,1.207324254,-0.66458938,60.0,0.008726646,0.394321176,0.024708435,0.063628191,0.162696287,6.0,0.3097984,-0.580706958,7.0,-0.003490659,0.352071506,0.033456274,0.080650645,0.190019159,6.0,2.838973263,0.568958457,83.0,0.005235988,0.41175896,0.032251087,0.065012348,0.244231929,6.0,,,,,,,0.5651,,0.0,12.0,12.0,12.0,1.0,,,,,,,,,,,,,,,,,,,,,,,,,,,,0
S070,2,2024-11-21_13h14.36.924,MotivatedInference,2024.1.5,Win32,60.24096386,668be8e87e83611e680fb3ab,{{%SESSION_ID%},Chrome,,,,,,,,,,,,,,,,,,,,,,,,,,,,,,1.0,,,,,,,,4.0,,,,,,,,,conditions/conds_135.csv,5.0,1.0,,,,,,,,,3335.6558,3337.3391,"[0.0018999999761035724,0.016300000012051896,0.03289999997650739,0.0496999999882064,0.06680000001188091,0.08289999997623454,0.09950000000026193,0.11619999998811181,0.13289999997641644,0.14969999998811545,0.1661999999882937,0.18299999999999272,0.19959999996444822,0.21630000001187,0.2328999999763255,0.24980000001187364,0.2673999999760781,0.28380000001197914,0.29959999996435727,0.3163000000122338,0.33389999997643827,0.3496999999883883,0.3665000000000873,0.38289999997641644,0.4006999999883192,0.4169999999999163,0.4329999999999927,0.4495999999644482,0.46609999996417173,0.4830000000001746,0.49959999996417537,0.5163000000120519,0.5328999999765074,0.5495999999643573,0.5663000000122338,0.5828999999762345,0.5998000000122374,0.616300000011961,0.6330000000002656,0.6505000000001928,0.6671999999880427,0.6828000000118664,0.6995999999644482,0.71630000001187,0.7328000000120483,0.7495000000003529,0.7660999999643536,0.7831999999880281,0.7995999999643573,0.8163000000122338,0.8328999999762345,0.8495999999645392,0.866300000011961,0.8828999999764164,0.9005000000001928,0.9163999999764201,0.9338999999763473,0.9495999999644482,0.9665999999642736,0.9828999999763255,0.9995999999641754,1.0161999999882028,1.0328000000122302,1.0498999999763328,1.066399999976511,1.0828999999762345,1.0995999999645392,1.1160999999642627,1.1340000000000146,1.1500999999643682,1.1661999999882937,1.1829999999999927,1.199500000000171,1.2161999999880209,1.2328999999763255,1.2495999999641754,1.266300000012052,1.2830000000003565,1.3001999999883083,1.3170000000000073,1.3328999999762345,1.3495999999645392,1.3661999999881118,1.383199999988392,1.399499999999989,1.4169999999999163,1.43309999996427,1.45009999996455,1.4658000000122229,1.4828999999763255,1.5001999999881264,1.516300000012052,1.533099999964179,1.5495999999643573,1.5663000000122338,1.5828999999762345,1.5995999999645392,1.6161999999881118,1.6328999999764164,1.6495999999642663,1.6663000000121428,1.68309999996427]",0.016645545,0.000481237,102.0,left,0.0,,,,,,2.0,0.0,4.0,0.5,-0.547140963,1.0,1.304211492,-0.508265611,33.0,-0.006108652,0.377230834,0.032847101,0.067598606,0.249691544,6.0,0.206557574,-0.401464357,53.0,-0.003490659,0.390095866,0.043303837,0.083823939,0.349451294,6.0,2.081006025,0.852327444,83.0,0.005235988,0.41175896,0.032251087,0.065012348,0.244231929,6.0,0.255894864,-0.48973844,6.0,-0.001745329,0.3497664,0.039524515,0.103278094,0.256513403,7.0,0.0,0.0,0.0,0.0,0.0,0.0,0.0,0.0,0.0,0.0,0.0,0.0,0.0,0.0,0.0,0.0,0.0,0.0,0.0,0.0,0.0,0.0,0.0,0.0,0.0,0.0,0.0,0.0,0.0,0.0,0.0,0.0,0.0,0.0,0.0,0.0,0.0,0.0,0.0,0.0,0.0,0.0,0.0,0.0,0.0,0.0,0.0,0.0,0.0,0.0,0.0,0.0,0.0,0.0,0.0,0.0,0.0,0.0,0.0,0.0,0.0,0.0,0.0,0.0,0.0,0.0,0.0,0.0,0.0,0.0,0.0,0.0,,,,,,,0.8664,,0.0,13.0,13.0,13.0,1.0,,,,,,,,,,,,,,,,,,,,,,,,,,,,0
S070,2,2024-11-21_13h14.36.924,MotivatedInference,2024.1.5,Win32,60.24096386,668be8e87e83611e680fb3ab,{{%SESSION_ID%},Chrome,,,,,,,,,,,,,,,,,,,,,,,,,,,,,,1.0,,,,,,,,12.0,,,,,,,,,conditions/conds_135.csv,5.0,1.0,,,,,,,,,3339.2056,3343.6887,"[0.00359999996408078,0.016299999952479993,0.03289999997605264,0.0496999999882064,0.06639999997605628,0.08289999997623454,0.10079999995241451,0.11639999997623818,0.13329999995221442,0.15039999997634368,0.16639999997596533,0.1828999999761436,0.19939999997632185,0.21619999998802086,0.23300000000017462,0.2496999999880245,0.26629999995248,0.2829999999999018,0.2996999999882064,0.31629999995220714,0.33289999997623454,0.35029999995231265,0.36709999996401166,0.3829999999998108,0.39969999998811545,0.4162999999521162,0.4329999999999927,0.44989999997596897,0.4665999999642736,0.4826999999881991,0.4996999999880245,0.51629999995248,0.5329999999999018,0.5496999999882064,0.5662999999522071,0.5838999999759835,0.6002999999523126,0.6163999999762382,0.6328999999759617,0.6496999999881155,0.6661999999882937,0.68309999996427,0.7003999999760708,0.7170000000000982,0.7328999999763255,0.7505000000001019,0.7673999999760781,0.783099999964179,0.7996999999882064,0.8170000000000073,0.8328999999762345,0.8502999999523126,0.866299999952389,0.8828999999759617,0.8995999999642663,0.9162999999521162,0.9328999999761436,0.9495999999644482,0.9662999999522981,0.9830000000001746,1,1.01629999995248,1.0329999999999018,1.0495999999643573,1.0662999999522071,1.0837999999521344,1.100500000000011,1.1163999999762382,1.1332999999522144,1.1495999999642663,1.1662999999521162,1.1828999999761436,1.1995999999644482,1.216299999952298,1.2328999999763255,1.2495999999641754,1.2661999999882028,1.2829999999999018,1.2996999999882064,1.3163999999760563,1.3328999999762345,1.3495999999640844,1.366299999952389,1.3828999999759617,1.3995999999642663,1.4162999999521162,1.432599999964168,1.449500000000171,1.4663999999761472,1.4828999999763255,1.4994999999998981,1.51629999995248,1.5328999999760526,1.5502999999521307,1.5670000000000073,1.5830000000000837,1.5995999999640844,1.616299999952389,1.6328999999759617,1.6495999999642663,1.6669999999999163,1.6829999999999927,1.6995999999644482,1.716299999952298,1.7330000000001746,1.7495999999641754,1.7661999999882028,1.7828999999760526,1.7995999999643573,1.816799999952309,1.8336999999878572,1.8496999999879336,1.866299999952389,1.883699999988039,1.8995999999642663,1.9169999999999163,1.9328999999761436,1.949500000000171,1.9670000000000982,1.9830000000001746,1.9995999999641754,2.01629999995248,2.0329999999999018,2.0496999999882064,2.066899999976158,2.0832999999524873,2.099499999999807,2.1165999999643645,2.1328999999759617,2.14939999997614,2.1661999999882937,2.1828999999761436,2.199599999964448,2.2165999999642736,2.2328999999763255,2.2495999999641754,2.26629999995248,2.2828999999760526,2.2995999999643573,2.316299999952207,2.333599999964008,2.3495999999640844,2.366199999988112,2.3838999999761654,2.400000000000091,2.4161999999882937,2.4326999999880172,2.449599999964448,2.466199999988021,2.4828999999763255,2.4995999999641754,2.51629999995248,2.5329999999999018,2.5495999999643573,2.566299999952207,2.5828999999762345,2.599499999999807,2.61689999997634,2.6328999999759617,2.6495999999642663,2.666299999952116,2.6827999999522945,2.699599999964448,2.716899999976249,2.7333999999759726,2.7496999999880245,2.76629999995248,2.7827999999522035,2.7995999999643573,2.817500000000109,2.8330000000000837,2.849499999999807,2.866199999988112,2.8828999999759617,2.899499999999989,2.9171999999880427,2.933699999988221,2.949500000000171,2.966299999952298,2.9828999999763255,2.999499999999898,3.0161999999882028,3.0328999999760526,3.050499999999829,3.0665999999641826,3.0828999999762345,3.0995999999640844,3.1160999999642627,3.1328999999759617,3.149499999999989,3.1661999999882937,3.1828999999761436,3.199500000000171,3.216299999952298,3.2328999999763255,3.249499999999898,3.26629999995248,3.283599999964281,3.2996999999882064,3.316299999952207,3.333599999964008,3.3502999999523126,3.366299999952389,3.3828999999759617,3.399499999999989,3.415899999976318,3.4329999999999927,3.449599999964448,3.466299999952298,3.4828999999763255,3.499499999999898,3.51629999995248,3.5328999999760526,3.5495999999643573,3.56619999998793,3.5832999999524873,3.5995999999640844,3.616399999976238,3.6328999999759617,3.649499999999989,3.6661999999882937,3.6829999999999927,3.699999999999818,3.7164999999999964,3.7327999999524764,3.749499999999898,3.76629999995248,3.7829999999999018,3.79950000000008,3.816299999952207,3.833599999964008,3.8502999999523126,3.866299999952389,3.8828999999759617,3.8995999999642663,3.9161999999882937,3.9328999999761436,3.949500000000171,3.966299999952298,3.9828999999763255,3.999499999999898,4.016199999988203,4.0327999999522035,4.050299999952131,4.066699999988032,4.0828999999762345,4.099799999952211,4.115899999976136,4.132999999999811,4.150000000000091,4.166199999988294,4.183899999976347,4.199899999975969,4.216199999988021,4.2328999999763255,4.249599999964175,4.266199999988203,4.282899999976053,4.299399999976231,4.31619999998793,4.332799999952385,4.349499999999807,4.366199999988112,4.382899999975962,4.39939999997614,4.416199999988294,4.43309999996427,4.449599999964448,4.466199999988021,4.4828999999763255]",0.016651673,0.000448839,270.0,left,1.0,,,,,,2.0,0.0,12.0,0.5,-2.548526313,-1.0,0.616583303,-0.943542474,19.0,-8.92894e-14,0.366380653,0.037711395,0.069882825,0.280007013,7.0,0.276037732,-0.524455485,89.0,0.014835299,0.418022232,0.039220845,0.067729576,0.134251055,3.0,0.391443767,-0.705329272,74.0,-0.002617994,0.403888444,0.032857311,0.06846285,0.186846183,6.0,0.31584738,-0.590513324,59.0,0.006981317,0.393731017,0.031135395,0.06163787,0.205460115,5.0,2.952489629,0.369253895,36.0,0.002617994,0.379263044,0.03913601,0.077664539,0.168574417,3.0,1.036006321,-0.87699878,94.0,0.004363323,0.42523076,0.035907823,0.059015617,0.218525823,5.0,0.073843643,-0.14715099,39.0,-0.006981317,0.381053424,0.030288742,0.070264002,0.227413277,7.0,2.877720677,0.503585523,43.0,0.004363323,0.383893371,0.033132061,0.062242434,0.239996947,6.0,2.971848665,0.333004336,59.0,0.006981317,0.393731017,0.031135395,0.06163787,0.205460115,5.0,1.760246642,0.3698993,51.0,-0.000872665,0.388957543,0.039197552,0.074659583,0.215725836,5.0,1.279595279,-0.550031617,24.0,-0.000872665,0.370951047,0.044446314,0.068882508,0.271498611,5.0,1.678503684,0.213752576,16.0,0.017453293,0.363466057,0.031192723,0.069909496,0.180964939,5.0,,,,,,,0.6671,,0.0,14.0,14.0,14.0,1.0,,,,,,,,,,,,,,,,,,,,,,,,,,,,0
S070,2,2024-11-21_13h14.36.924,MotivatedInference,2024.1.5,Win32,60.24096386,668be8e87e83611e680fb3ab,{{%SESSION_ID%},Chrome,,,,,,,,,,,,,,,,,,,,,,,,,,,,,,1.0,,,,,,,,6.0,,,,,,,,,conditions/conds_135.csv,5.0,1.0,,,,,,,,,3345.3554,3348.4719,"[0.0032000000473999535,0.01640000003590103,0.03310000002375091,0.0497000000477783,0.06640000003562818,0.08300000000008367,0.10050000000001091,0.11660000002393645,0.13310000002365996,0.14970000004768735,0.16640000003553723,0.18299999999999272,0.1997000000474145,0.21630000001187,0.23380000001179724,0.25020000004769827,0.26640000003590103,0.28390000003582827,0.3001000000235763,0.3162000000475018,0.3330000000000837,0.34970000004750545,0.3664000000358101,0.38340000003563546,0.3998000000119646,0.41640000003553723,0.43370000004779286,0.4497000000474145,0.46649999999999636,0.4829999999997199,0.4997000000475964,0.5166000000235726,0.5334000000357264,0.5497000000477783,0.5677000000478074,0.5829000000358064,0.5998000000117827,0.616300000011961,0.6329999999998108,0.6497000000476874,0.6664000000355372,0.6839000000354645,0.7004000000356427,0.7164000000357191,0.7329999999997199,0.7497000000475964,0.7664999999997235,0.7829999999999018,0.7997000000477783,0.8164000000356282,0.8332000000477819,0.8497000000475055,0.8664000000358101,0.8828000000116845,0.8997000000476874,0.9162000000474109,0.9331000000238419,0.9497000000474145,0.96630000001187,0.9829999999997199,0.9997000000475964,1.016800000011699,1.0338000000119791,1.0504000000355518,1.0664000000356282,1.0830000000000837,1.0997000000475055,1.116300000011961,1.1329999999998108,1.1497000000476874,1.1664000000355372,1.1837000000477929,1.1996000000235654,1.21630000001187,1.2329999999997199,1.2497000000475964,1.2669999999998254,1.2834000000357264,1.2997000000477783,1.3164000000356282,1.3331000000239328,1.3497000000475055,1.36640000003581,1.38310000002366,1.3998000000119646,1.4164000000355372,1.4329999999999927,1.4497000000474145,1.4671000000239474,1.4838000000117972,1.4997000000475964,1.516400000035901,1.5335000000000036,1.5501000000235763,1.566300000011779,1.5830000000000837,1.5996000000236563,1.61640000003581,1.6327000000474072,1.6497000000476874,1.666300000011688,1.6829999999999927,1.6997000000474145,1.7172000000477965,1.7336000000236709,1.7497000000475964,1.766400000035901,1.7829999999999018,1.7997000000477783,1.8171000000238564,1.8338000000117063,1.8496000000236563,1.8672000000474327,1.883200000047509,1.8998000000119646,1.9162000000474109,1.9334000000358174,1.95049999999992,1.9662000000475928,1.983100000023569,1.9997000000475964,2.016400000035901,2.0329999999999018,2.0497000000477783,2.0664999999999054,2.0830000000000837,2.0997000000475055,2.1171000000235836,2.133700000047611,2.150200000047789,2.1664000000355372,2.183100000023842,2.1997000000474145,2.2166000000238455,2.2334000000355445,2.2493000000117718,2.266300000012052,2.283100000023751,2.2997000000477783,2.316400000035628,2.3330000000000837,2.349499999999807,2.366300000011961,2.382999999999811,2.3997000000476874,2.417300000011892,2.433700000047793,2.4503000000117936,2.4671000000239474,2.48299999999972,2.4997000000475964,2.516300000012052,2.5329999999999018,2.5497000000477783,2.5664999999999054,2.5830000000000837,2.600100000023758,2.61640000003581,2.632999999999811,2.6497000000476874,2.666900000035639,2.6829999999999927,2.6996000000235654,2.716400000035719,2.73299999999972,2.7503000000119755,2.766300000012052,2.783100000023751,2.7997000000477783,2.816400000035628,2.8330000000000837,2.8496000000236563,2.86640000003581,2.882999999999811,2.8998000000119646,2.916300000011688,2.9329999999999927,2.9502000000475164,2.9661000000237436,2.9829000000358974,3.0004000000358246,3.016700000047422,3.0329999999999018,3.0497000000477783,3.0659999999998035,3.0830000000000837,3.0996000000236563,3.11640000003581]",0.016648128,0.000455547,188.0,left,1.0,,,,,,1.0,0.0,8.0,0.5,3.614644932,1.0,0.090999498,-0.180995914,59.0,0.006981317,0.393731017,0.031135395,0.06163787,0.205460115,5.0,2.536190492,0.935899641,95.0,-0.003490659,0.427246221,0.028411926,0.064304978,0.203029515,6.0,1.31692244,-0.486210392,86.0,-0.01134464,0.414570186,0.03611148,0.064685839,0.099529567,3.0,3.009479162,0.261163157,91.0,0.001745329,0.420659204,0.046109782,0.086244352,0.261967492,5.0,2.205040662,0.954651987,85.0,0.003490659,0.413672168,0.024690997,0.064801949,0.114487367,4.0,1.779304992,0.405035201,100.0,-0.001745329,0.484835711,0.035177462,0.059949939,0.178411257,4.0,2.014493849,0.775429522,80.0,0.000872665,0.408817555,0.034279956,0.069360427,0.160822937,4.0,2.515499521,0.949671729,56.0,0.002617994,0.391878159,0.037400891,0.06461151,0.256914973,6.0,0.0,0.0,0.0,0.0,0.0,0.0,0.0,0.0,0.0,0.0,0.0,0.0,0.0,0.0,0.0,0.0,0.0,0.0,0.0,0.0,0.0,0.0,0.0,0.0,0.0,0.0,0.0,0.0,0.0,0.0,0.0,0.0,0.0,0.0,0.0,0.0,,,,,,,0.7199,,0.0,15.0,15.0,15.0,1.0,,,,,,,,,,,,,,,,,,,,,,,,,,,,0
S070,2,2024-11-21_13h14.36.924,MotivatedInference,2024.1.5,Win32,60.24096386,668be8e87e83611e680fb3ab,{{%SESSION_ID%},Chrome,,,,,,,,,,,,,,,,,,,,,,,,,,,,,,1.0,,,,,,,,9.0,,,,,,,,,conditions/conds_135.csv,5.0,1.0,,,,,,,,,3350.1918,3354.626,"[0.0033000000121319317,0.016199999988202762,0.03280000001177541,0.0490999999642554,0.06589999997640916,0.08430000001180815,0.10069999998813728,0.11719999998831554,0.13339999997606355,0.15059999996447004,0.16669999998794083,0.18509999996422266,0.19980000001214648,0.2159999999998945,0.23500000000012733,0.24980000001187364,0.2663000000120519,0.28250000000025466,0.2993999999762309,0.3163999999760563,0.3346999999880609,0.35109999996439,0.3673999999764419,0.3845000000001164,0.4001999999882173,0.41600000000016735,0.43280000001186636,0.45109999996429906,0.4668999999762491,0.4826999999881991,0.499399999976049,0.5158999999762273,0.5326999999879263,0.5490999999642554,0.5660000000002583,0.5833999999763364,0.5990999999644373,0.6173000000121647,0.6348999999763691,0.6501999999882173,0.6665999999640917,0.68309999996427,0.699500000000171,0.7170999999643755,0.7335000000002765,0.749399999976049,0.7678000000119027,0.7849999999998545,0.8003000000121574,0.8183000000121865,0.832599999964259,0.8493999999764128,0.8670000000001892,0.8835999999641899,0.90059999996447,0.9169999999999163,0.9328000000118664,0.9495999999644482,0.967399999976351,0.9840999999642008,1.0008000000120774,1.0178000000119027,1.0326999999879263,1.0495999999643573,1.0658999999764092,1.0828000000119573,1.1008000000119864,1.1176999999879627,1.1340999999642918,1.1503999999763437,1.1660000000001673,1.1840000000001965,1.1996999999882973,1.2165999999642736,1.2330000000001746,1.2503999999762527,1.2673000000118009,1.2835000000000036,1.299399999976231,1.316300000011779,1.3324999999999818,1.351699999988341,1.3668000000120628,1.382599999964441,1.399499999999989,1.415800000012041,1.4326999999880172,1.449500000000171,1.4683000000118227,1.4845999999643027,1.5001999999881264,1.5158999999762273,1.5348999999760053,1.5513999999761836,1.5660000000002583,1.5828999999762345,1.5990999999644373,1.6176999999879627,1.6333999999760636,1.6491999999880136,1.6660000000001673,1.6829999999999927,1.6993000000120446,1.71630000001187,1.7330000000001746,1.7503999999762527,1.7661999999882028,1.7841999999882319,1.7993000000119537,1.8166999999880318,1.835399999976289,1.8510000000001128,1.8665999999643645,1.8828000000121392,1.9011999999879663,1.91639999997642,1.9326999999880172,1.9496999999882973,1.9658000000117681,1.9826999999881991,1.9994999999998981,2.0158999999762273,2.0328000000117754,2.0495999999643573,2.0660999999645355,2.0828000000119573,2.1013999999763655,2.117000000000189,2.1328999999764164,2.1491999999880136,2.1660999999644446,2.183599999964372,2.200000000000273,2.2159999999998945,2.2330000000001746,2.2491999999883774,2.2661999999882028,2.2825000000002547,2.2993000000119537,2.3160999999645355,2.332499999999982,2.349399999976413,2.366300000011961,2.384099999964292,2.39939999997614,2.415800000012041,2.43380000001207,2.4506999999880463,2.465800000011768,2.48259999996435,2.5000999999642772,2.5165999999644555,2.5338999999762564,2.5505000000002838,2.5683000000121865,2.583800000012161,2.6001999999880354,2.617999999999938,2.633699999988039,2.6501999999882173,2.6660000000001673,2.6828000000118664,2.6991999999881955,2.7175999999644773,2.733699999987948,2.7493000000117718,2.7660999999643536,2.7825000000002547,2.7993000000119537,2.81619999998793,2.8340000000002874,2.850399999976162,2.86689999997634,2.882800000012139,2.89939999997614,2.91680000001179,2.93309999996427,2.949500000000171,2.965800000011768,2.9828999999763255,2.9996999999880245,3.0170999999641026,3.0340999999643827,3.050000000000182,3.0680999999644882,3.083800000012161,3.0995999999640844,3.117399999976442,3.133699999988039,3.1491999999880136,3.1660000000001673,3.1835000000000946,3.2003000000117936,3.2159999999998945,3.2328999999763255,3.2500999999642772,3.267399999976078,3.2846999999883337,3.3013999999761836,3.31619999998793,3.332499999999982,3.3490999999644373,3.367000000000189,3.38359999996419,3.3998000000119646,3.4161999999882937,3.4326999999880172,3.449500000000171,3.465800000011768,3.48259999996435,3.499499999999898,3.51580000001195,3.5326999999879263,3.54950000000008,3.5670999999642845,3.5845999999642117,3.599999999999909,3.615800000011859,3.632800000012139,3.6490999999641645,3.6660000000001673,3.6848999999760963,3.700000000000273,3.7159999999998945,3.7330000000001746,3.7493000000117718,3.7660000000000764,3.7828999999760526,3.7991999999881045,3.81619999998793,3.832499999999982,3.8493000000121356,3.866199999988112,3.8833999999760636,3.9008999999764455,3.916899999976067,3.933599999964372,3.9493000000120446,3.9663999999761472,3.98259999996435,3.999499999999898,4.0181999999881555,4.032999999999902,4.049599999964357,4.065800000012132,4.082699999988108,4.099999999999909,4.11689999997634,4.132800000012139,4.1490999999641645,4.165899999976318,4.183699999988221,4.200699999988046,4.2159999999998945,4.23419999998805,4.250199999988126,4.265899999976227,4.283199999988028,4.299300000011954,4.3160999999645355,4.332399999976133,4.349300000012136,4.367699999987963,4.383699999988039,4.39939999997614,4.417099999964194,4.434099999964474]",0.016657143,0.000897975,267.0,left,1.0,,,,,,1.0,0.0,12.0,0.5,4.948667542,1.0,2.77223883,0.673332987,9.0,0.01134464,0.355140301,0.038458273,0.073668072,0.274720221,7.0,1.456633824,-0.226346318,4.0,0.001745329,0.345391377,0.044661649,0.086491224,0.292502374,6.0,2.646847266,0.835746464,17.0,-0.004363323,0.364429878,0.03744875,0.082879054,0.20378895,5.0,2.346010023,0.99979256,26.0,-8.92894e-14,0.37233788,0.03804093,0.07765862,0.260457405,6.0,1.719039858,0.292162353,51.0,-0.000872665,0.388957543,0.039197552,0.074659583,0.215725836,5.0,1.675326336,0.207540476,76.0,-0.010471976,0.405435715,0.045146986,0.073305428,0.359082681,7.0,2.619339528,0.864676619,64.0,-0.012217305,0.396824946,0.026418425,0.079335183,0.168726505,6.0,0.690289254,-0.981963075,64.0,-0.012217305,0.396824946,0.026418425,0.079335183,0.168726505,6.0,2.520971527,0.946186749,56.0,0.002617994,0.391878159,0.037400891,0.06461151,0.256914973,6.0,2.229074319,0.967854636,40.0,0.001745329,0.381763748,0.031902579,0.075140032,0.211660484,6.0,1.230562825,-0.629156084,72.0,0.006108652,0.40239539,0.026269008,0.066501733,0.165237327,6.0,2.380278198,0.998840174,83.0,0.005235988,0.41175896,0.032251087,0.065012348,0.244231929,6.0,,,,,,,0.7679,,0.0,16.0,16.0,16.0,1.0,,,,,,,,,,,,,,,,,,,,,,,,,,,,0
S070,2,2024-11-21_13h14.36.924,MotivatedInference,2024.1.5,Win32,60.24096386,668be8e87e83611e680fb3ab,{{%SESSION_ID%},Chrome,,,,,,,,,,,,,,,,,,,,,,,,,,,,,,1.0,,,,,,,,2.0,,,,,,,,,conditions/conds_135.csv,5.0,1.0,,,,,,,,,3356.408,3358.1412,"[0.0013999999764564564,0.018500000000130967,0.034100000023954635,0.05080000001225926,0.0676999999882355,0.08419999998841377,0.10050000000001091,0.11730000001216467,0.13550000000032014,0.15089999997644554,0.16800000000012005,0.18369999998822095,0.20000000000027285,0.21639999997614723,0.233199999988301,0.25110000002405286,0.26680000001215376,0.2833000000118773,0.29960000002392917,0.31839999997646373,0.33319999998821004,0.34950000000026193,0.3665000000000873,0.3838999999761654,0.4006999999883192,0.41630000001214285,0.43310000002384186,0.45030000001224835,0.46830000001227745,0.48389999997607447,0.4996999999880245,0.5166000000240274,0.5328999999765074,0.5496999999882064,0.5666000000237545,0.5828999999762345,0.5998000000122374,0.6165000000000873,0.6338000000118882,0.6508999999764455,0.6668000000122447,0.6846999999884247,0.7016999999882501,0.7163999999761472,0.7346000000238746,0.7501000000238491,0.7663999999763291,0.78369999998813,0.7996000000239292,0.8181000000240601,0.8351000000238855,0.8511000000239619,0.8665000000000873,0.8833000000122411,0.9016000000237909,0.9169999999999163,0.9333000000119682,0.9508000000118955,0.9678000000121756,0.9839999999999236,1.0001999999881264,1.0165000000001783,1.0330000000003565,1.0498000000120555,1.0666000000237545,1.0828999999762345,1.0998000000122374,1.1181000000237873,1.134199999988141,1.1508000000121683,1.1678000000119937,1.1851999999880718,1.2003999999760708,1.2163999999761472,1.2328999999763255,1.25,1.266300000012052,1.283100000023751,1.300000000000182,1.3163000000122338,1.3328000000119573,1.349600000024111,1.366300000011961,1.3846999999882428,1.4018999999761945,1.4176999999881446,1.4335000000000946,1.4503999999760708,1.4664999999999964,1.4833000000121501,1.4996999999880245,1.5161999999882028,1.5328000000122302,1.5498999999763328,1.5664999999999054,1.5856000000239874,1.6023000000118373,1.6163999999762382,1.6328999999764164,1.6508999999764455,1.6668999999760672,1.6831000000238419,1.7000000000002728,1.7161999999880209,1.733199999988301]",0.016651923,0.000847052,105.0,left,1.0,,,,,,1.0,0.0,4.0,0.5,0.354177442,1.0,1.766443321,0.381384918,54.0,-0.000872665,0.390632361,0.034931933,0.073298853,0.195852464,4.0,1.775078226,0.397291748,14.0,-0.004363323,0.361562951,0.033827978,0.08680928,0.200727788,5.0,0.316823223,-0.592087263,89.0,0.014835299,0.418022232,0.039220845,0.067729576,0.134251055,3.0,3.057401356,0.167588039,66.0,-0.006108652,0.398200129,0.038012219,0.074472022,0.208169201,4.0,0.0,0.0,0.0,0.0,0.0,0.0,0.0,0.0,0.0,0.0,0.0,0.0,0.0,0.0,0.0,0.0,0.0,0.0,0.0,0.0,0.0,0.0,0.0,0.0,0.0,0.0,0.0,0.0,0.0,0.0,0.0,0.0,0.0,0.0,0.0,0.0,0.0,0.0,0.0,0.0,0.0,0.0,0.0,0.0,0.0,0.0,0.0,0.0,0.0,0.0,0.0,0.0,0.0,0.0,0.0,0.0,0.0,0.0,0.0,0.0,0.0,0.0,0.0,0.0,0.0,0.0,0.0,0.0,0.0,0.0,0.0,0.0,,,,,,,0.834,,0.0,17.0,17.0,17.0,1.0,,,,,,,,,,,,,,,,,,,,,,,,,,,,0
S070,2,2024-11-21_13h14.36.924,MotivatedInference,2024.1.5,Win32,60.24096386,668be8e87e83611e680fb3ab,{{%SESSION_ID%},Chrome,,,,,,,,,,,,,,,,,,,,,,,,,,,,,,0.0,,,,,,,,7.0,,,,,,,,,conditions/conds_135.csv,5.0,1.0,,,,,,,,,3366.8089,3369.9241,"[0.0025000000000545697,0.01530000001184817,0.03210000002354718,0.04949999999962529,0.06520000004775284,0.08340000003545356,0.09940000003552996,0.11530000001175722,0.13220000004730537,0.1492000000475855,0.16530000001193912,0.18220000004748726,0.19849999999996726,0.21530000001166627,0.2323000000119464,0.24860000002354354,0.2654000000356973,0.2837000000477019,0.3002000000474254,0.31599999999980355,0.3327000000476801,0.34999999999990905,0.36649999999963256,0.3834999999999127,0.3998000000119646,0.41510000002381275,0.43190000003551177,0.44990000003554087,0.4666000000238455,0.48380000001179724,0.5002000000476983,0.5166000000235726,0.5331000000237509,0.5509999999999309,0.5657000000474,0.5829000000358064,0.5993000000116808,0.6153000000117572,0.632100000023911,0.6484000000355081,0.6669000000356391,0.68260000002374,0.6997000000474145,0.717300000011619,0.7333000000116954,0.7499000000357228,0.7659000000357992,0.7837000000477019,0.7994999999996253,0.8154000000354245,0.8324999999999818,0.8492000000474036,0.8653000000117572,0.8818000000119355,0.8986000000236345,0.9152000000476619,0.9319000000355118,0.9487000000476655,0.9668000000119719,0.9819000000356937,0.9999000000357228,1.0164999999997235,1.031999999999698,1.0498000000116008,1.0664999999999054,1.082999999999629,1.099999999999909,1.11640000003581,1.1327000000474072,1.1484000000355081,1.1661000000235617,1.1843000000117172,1.1999000000355409,1.216900000035821,1.2329000000354426,1.2509000000354717,1.2659999999996217,1.2823000000116735,1.2986000000237254,1.317400000035832,1.3328000000119573,1.3486000000239073,1.3654000000356064,1.3819000000357846,1.3987000000474836,1.4177000000477165,1.43420000004744,1.4498000000116917,1.4666000000238455,1.4836000000236709,1.4994999999998981,1.5167000000474218,1.531999999999698,1.548900000035701,1.5653000000115753,1.582100000023729,1.598900000035428,1.61640000003581,1.632600000023558,1.6484000000355081,1.6653000000119391,1.6824000000356136,1.6984999999999673,1.7179999999998472,1.733100000023569,1.7497000000475964,1.7664999999997235,1.783100000023751,1.7997000000473236,1.8154000000354245,1.8318000000117536,1.85149999999976,1.86640000003581,1.8834000000356355,1.899499999999989,1.9149999999999636,1.9318000000116626,1.9488000000119428,1.9649000000354135,1.9818000000118445,1.9994999999998981,2.0164000000354463,2.031900000035421,2.048900000035701,2.0661000000236527,2.0846000000237837,2.0996000000236563,2.11520000004748,2.1327000000474072,2.148400000035508,2.165200000047662,2.1829999999999927,2.199000000000069,2.217300000011619,2.2328000000115935,2.24880000001167,2.2654000000356973,2.281999999999698,2.299400000035803,2.315800000011677,2.3318000000117536,2.348500000000058,2.3654999999998836,2.3818000000119355,2.3989999999998872,2.41560000002346,2.4318000000116626,2.449000000000069,2.4671000000234926,2.4845000000000255,2.4998000000118736,2.5164999999997235,2.531999999999698,2.548800000011852,2.566800000011881,2.5834000000354536,2.599999999999909,2.615700000047582,2.632000000000062,2.648400000035508,2.665200000047662,2.681999999999789,2.701000000000022,2.7174999999997453,2.73210000002382,2.7497000000475964,2.766300000011597,2.7829999999999018,2.7984999999998763,2.8154000000354245,2.8317000000474764,2.849900000035632,2.8674999999998363,2.8829000000355336,2.8986000000236345,2.9154000000357883,2.932100000023638,2.949999999999818,2.966900000035821,2.983200000047418,2.9996000000237473,3.01580000001195,3.031999999999698,3.048800000011852,3.0651000000239037,3.084100000023682,3.099499999999807,3.115100000023631]",0.01664492,0.00094485,188.0,left,1.0,,,,,,2.0,0.0,8.0,0.5,-0.030068004,-1.0,1.334199913,-0.455730595,78.0,0.004363323,0.407032945,0.030231373,0.057417546,0.211999481,6.0,0.903748575,-0.97211691,100.0,-0.001745329,0.484835711,0.035177462,0.059949939,0.178411257,4.0,1.98590442,0.738077253,51.0,-0.000872665,0.388957543,0.039197552,0.074659583,0.215725836,5.0,1.98282493,0.733907716,37.0,-0.010471976,0.379878099,0.039758221,0.071440932,0.269646059,5.0,1.839529636,0.511961441,78.0,0.004363323,0.407032945,0.030231373,0.057417546,0.211999481,6.0,1.290087792,-0.532386284,24.0,-0.000872665,0.370951047,0.044446314,0.068882508,0.271498611,5.0,0.621680834,-0.946870511,20.0,0.004363323,0.367239871,0.029881231,0.073743484,0.121468441,4.0,2.589509005,0.893089885,3.0,0.001745329,0.342027877,0.030569748,0.094119191,0.219456558,8.0,0.0,0.0,0.0,0.0,0.0,0.0,0.0,0.0,0.0,0.0,0.0,0.0,0.0,0.0,0.0,0.0,0.0,0.0,0.0,0.0,0.0,0.0,0.0,0.0,0.0,0.0,0.0,0.0,0.0,0.0,0.0,0.0,0.0,0.0,0.0,0.0,,,,,,,0.6846,,0.0,18.0,18.0,18.0,1.0,,,,,,,,,,,,,,,,,,,,,,,,,,,,0
S070,2,2024-11-21_13h14.36.924,MotivatedInference,2024.1.5,Win32,60.24096386,668be8e87e83611e680fb3ab,{{%SESSION_ID%},Chrome,,,,,,,,,,,,,,,,,,,,,,,,,,,,,,0.0,,,,,,,,3.0,,,,,,,,,conditions/conds_135.csv,5.0,1.0,,,,,,,,,3371.626,3373.3238,"[0.0018000000118263415,0.015600000023823668,0.028600000023743632,0.04530000001159351,0.06289999997579798,0.08160000002362722,0.09530000001177541,0.11269999998785352,0.13330000001178632,0.14549999999962893,0.16519999998808998,0.1793999999758853,0.1999999999998181,0.2124999999996362,0.23330000001169537,0.24549999999999272,0.2648000000117463,0.27930000001197186,0.29510000002346715,0.318399999976009,0.3314999999997781,0.3451999999879263,0.3648999999759326,0.3786000000236527,0.3953999999757798,0.4119999999998072,0.43380000001161534,0.4461000000237618,0.4648000000115644,0.47860000002356173,0.49530000001186636,0.5118999999758671,0.5329999999999018,0.5458000000116954,0.5619999999998981,0.578699999987748,0.5960000000000036,0.6131999999879554,0.6336000000237618,0.6503000000116117,0.6621000000236563,0.681399999975838,0.6986000000238164,0.71189999997614,0.7316000000237182,0.7451999999880172,0.7628000000117936,0.7828000000117754,0.7964999999999236,0.8146999999880791,0.8301000000237764,0.8478999999761072,0.8618000000119537,0.8811000000237073,0.8951000000238309,0.9146000000237109,0.9286000000238346,0.9501999999879445,0.9626999999877626,0.9813999999760199,0.9961999999877662,1.0163999999758744,1.031999999999698,1.0453000000115935,1.0654999999997017,1.0788000000115971,1.0981999999880827,1.1118999999757762,1.12869999998793,1.1496999999881155,1.1671000000237655,1.1794999999997344,1.1988999999757652,1.2128000000116117,1.2316999999879954,1.247300000011819,1.2619999999997162,1.2784999999998945,1.2999999999997272,1.3118000000117718,1.3318000000117536,1.3481999999880827,1.3618999999757762,1.3816999999880863,1.3951999999881082,1.4148999999761145,1.429300000011608,1.4491000000234635,1.4628000000116117,1.4813000000117427,1.4951999999880172,1.511899999975867,1.5293000000119719,1.5489999999999782,1.5623000000118736,1.5784999999996217,1.5951999999879263,1.6148999999759326,1.6296000000238564,1.6453000000119573,1.6646999999879881,1.6784999999999854,1.697800000011739]",0.016627451,0.002885228,103.0,right,1.0,,,,,,2.0,0.0,4.0,0.5,-1.467112222,1.0,1.285877716,-0.539494998,22.0,-0.006108652,0.369173441,0.034771665,0.081264392,0.215269419,6.0,0.177808634,-0.348169079,40.0,0.001745329,0.381763748,0.031902579,0.075140032,0.211660484,6.0,0.598970898,-0.931291306,54.0,-0.000872665,0.390632361,0.034931933,0.073298853,0.195852464,4.0,1.750566048,0.351843161,67.0,0.000872665,0.398829923,0.040120187,0.066830121,0.198372452,4.0,0.0,0.0,0.0,0.0,0.0,0.0,0.0,0.0,0.0,0.0,0.0,0.0,0.0,0.0,0.0,0.0,0.0,0.0,0.0,0.0,0.0,0.0,0.0,0.0,0.0,0.0,0.0,0.0,0.0,0.0,0.0,0.0,0.0,0.0,0.0,0.0,0.0,0.0,0.0,0.0,0.0,0.0,0.0,0.0,0.0,0.0,0.0,0.0,0.0,0.0,0.0,0.0,0.0,0.0,0.0,0.0,0.0,0.0,0.0,0.0,0.0,0.0,0.0,0.0,0.0,0.0,0.0,0.0,0.0,0.0,0.0,0.0,,,,,,,0.6678,,0.0,19.0,19.0,19.0,1.0,,,,,,,,,,,,,,,,,,,,,,,,,,,,0
S070,2,2024-11-21_13h14.36.924,MotivatedInference,2024.1.5,Win32,60.24096386,668be8e87e83611e680fb3ab,{{%SESSION_ID%},Chrome,,,,,,,,,,,,,,,,,,,,,,,,,,,,,,0.0,,,,,,,,8.0,,,,,,,,,conditions/conds_135.csv,5.0,1.0,,,,,,,,,3374.9884,3378.0959,"[0.003100000024005567,0.019800000011855445,0.035499999999956344,0.049500000000080036,0.06990000003588648,0.08750000000009095,0.09930000001213557,0.11890000003586465,0.13750000000027285,0.15040000003591558,0.16620000004786561,0.18660000002410015,0.2029000000356973,0.21900000000005093,0.23250000000007276,0.252200000047651,0.26620000004777467,0.2829999999999018,0.3003000000121574,0.3170000000000073,0.3328000000119573,0.35230000001183726,0.369100000023991,0.382700000047862,0.3994999999999891,0.4169999999999163,0.43730000001187364,0.45330000001195003,0.46620000004759277,0.48310000002402376,0.49960000002374727,0.5161000000239255,0.5326000000241038,0.5524000000359592,0.5662000000479566,0.5829000000358064,0.5995000000002619,0.6161000000238346,0.6373000000121465,0.6548000000120737,0.6662000000478656,0.6836000000239437,0.7040000000001783,0.7204000000360793,0.7329000000358974,0.7519999999999527,0.7661000000239255,0.7835000000000036,0.8023000000121101,0.8174000000358319,0.835400000035861,0.8502000000476073,0.8708000000119682,0.8830000000002656,0.9023000000120192,0.9161000000240165,0.9328000000118664,0.9524000000360502,0.9704000000360793,0.9829000000358974,0.9994000000360757,1.0162000000477747,1.0328000000122302,1.04950000000008,1.0707000000479638,1.0835000000001855,1.1026000000238128,1.116900000035912,1.1367000000477674,1.1503000000120664,1.1708000000121501,1.1835000000000946,1.204400000036003,1.2188000000119246,1.232700000047771,1.2519000000356755,1.2661000000239255,1.2828000000122302,1.29950000000008,1.3170000000000073,1.33760000002394,1.3534000000358901,1.3662000000476837,1.3828000000121392,1.4023000000120192,1.419100000024173,1.4327000000475891,1.4496000000240201,1.470200000047953,1.4863000000118518,1.4994999999998981,1.519100000024082,1.5326000000241038,1.5524000000359592,1.5661000000241074,1.5868000000118627,1.6046000000237655,1.616300000011961,1.6357000000480184,1.653400000036072,1.6669999999999163,1.6867000000479493,1.7031000000238237,1.7161000000237436,1.7329000000358974,1.7494000000360757,1.7706000000239328,1.7836000000238528,1.8024000000359592,1.8163000000122338,1.8367000000475855,1.8503000000118845,1.8702000000475891,1.8832000000479638,1.9031000000240965,1.9160000000001673,1.9328000000118664,1.9545000000002801,1.96630000001187,1.9879000000360065,2.0003000000119755,2.0162000000477747,2.0329999999999018,2.0546000000240383,2.06690000003573,2.0866000000237364,2.1031000000239146,2.1187000000477383,2.132700000047862,2.1493000000118627,2.169700000047669,2.1828000000118664,2.2025000000003274,2.215900000036072,2.2357000000479275,2.2494000000360757,2.2661000000239255,2.282700000047953,2.300100000024031,2.319100000023809,2.3336000000240347,2.3522000000480148,2.3662000000476837,2.3874000000359956,2.4003000000120664,2.4204000000358974,2.436400000035974,2.449500000000171,2.4661000000237436,2.4828000000120483,2.4996000000237473,2.520800000012059,2.5332000000476,2.549600000023929,2.570200000047862,2.5835000000001855,2.6024999999999636,2.619600000024093,2.6379000000360975,2.649499999999989,2.6688000000121974,2.682700000047589,2.7004000000360975,2.72280000001183,2.7328000000120483,2.749499999999898,2.7709000000359083,2.787100000024111,2.79950000000008,2.8161000000241074,2.833700000047884,2.849500000000262,2.86920000004784,2.8829000000359883,2.902100000023893,2.9161000000240165,2.9328000000118664,2.952200000047924,2.9661000000237436,2.9835000000002765,3.00440000003573,3.016300000012052,3.0354999999999563,3.04950000000008,3.0692000000476582,3.0835000000001855,3.1073000000119464]",0.016689247,0.002859881,187.0,left,1.0,,,,,,2.0,0.0,8.0,0.5,-1.329421778,-1.0,1.852197859,0.533559019,74.0,-0.002617994,0.403888444,0.032857311,0.06846285,0.186846183,6.0,2.489201077,0.964826646,18.0,-0.008726646,0.365457086,0.031782524,0.075683607,0.153768306,4.0,0.570013397,-0.908644685,51.0,-0.000872665,0.388957543,0.039197552,0.074659583,0.215725836,5.0,0.485753123,-0.825736257,79.0,-0.004363323,0.40793127,0.02386995,0.059748747,0.165450333,7.0,0.110609067,-0.219418235,11.0,-0.013089969,0.357861323,0.044486954,0.075207378,0.243622836,5.0,0.334289124,-0.61987096,93.0,0.012217305,0.423353751,0.033559225,0.078739299,0.188587653,4.0,1.19727274,-0.679475241,31.0,0.004363323,0.375872077,0.0344646,0.07529372,0.228193104,6.0,2.92192503,0.425337935,28.0,0.006108652,0.373747518,0.036497013,0.082304542,0.218348002,5.0,0.0,0.0,0.0,0.0,0.0,0.0,0.0,0.0,0.0,0.0,0.0,0.0,0.0,0.0,0.0,0.0,0.0,0.0,0.0,0.0,0.0,0.0,0.0,0.0,0.0,0.0,0.0,0.0,0.0,0.0,0.0,0.0,0.0,0.0,0.0,0.0,,,,,,,0.7675,,0.0,20.0,20.0,20.0,1.0,,,,,,,,,,,,,,,,,,,,,,,,,,,,0
S070,2,2024-11-21_13h14.36.924,MotivatedInference,2024.1.5,Win32,60.24096386,668be8e87e83611e680fb3ab,{{%SESSION_ID%},Chrome,,,,,,,,,,,,,,,,,,,,,,,,,,,,,,0.0,,,,,,,,10.0,,,,,,,,,conditions/conds_135.csv,5.0,1.0,,,,,,,,,3379.8619,3384.3386,"[0.003499999999803549,0.012999999999919964,0.028600000023743632,0.04250000000001819,0.058999999999741704,0.0785000000000764,0.09730000001172812,0.1093000000118991,0.12860000002365268,0.14260000002377637,0.16340000003583555,0.176700000047731,0.19560000002365996,0.21000000000003638,0.2288000000116881,0.2434000000357628,0.26220000004786925,0.2759000000355627,0.2926000000238673,0.30920000004743997,0.32940000003554815,0.3459000000357264,0.3622000000477783,0.375600000023951,0.3978000000120119,0.4101000000237036,0.42990000003555906,0.4434000000355809,0.4623000000119646,0.4806000000239692,0.49350000000004,0.5131000000237691,0.5267000000476401,0.5455000000001746,0.5599999999999454,0.5787000000477747,0.5924999999997453,0.6134999999999309,0.6267000000475491,0.6434000000358537,0.6629000000357337,0.6765000000000327,0.69560000002366,0.7132000000474363,0.7258000000119864,0.7424000000355591,0.7619000000358938,0.7759000000355627,0.7926000000238673,0.8141000000237,0.8259000000357446,0.8424999999997453,0.8603000000121028,0.87940000003573,0.8968000000118082,0.9101000000237036,0.9291000000239364,0.9426000000239583,0.9621000000238382,0.9759000000358355,0.9934000000357628,1.01299999999992,1.0264000000356646,1.0458000000116954,1.063100000023951,1.0759000000357446,1.0979000000356791,1.1092000000476219,1.125600000023951,1.1455000000000837,1.1591000000239546,1.178800000011961,1.1933000000117318,1.213600000023689,1.2264000000359374,1.245700000047691,1.2599999999997635,1.2799000000359229,1.2933000000120956,1.3130000000001019,1.3263000000119973,1.3424000000359229,1.3592000000476219,1.3759000000359265,1.3926000000237764,1.4139000000359374,1.4303000000118118,1.4426000000239583,1.461999999999989,1.4758000000119864,1.4954000000357155,1.5091000000238637,1.5258000000117136,1.542400000035741,1.5596000000236927,1.5787000000477747,1.5936000000237982,1.6144000000358574,1.6259000000359265,1.6424999999999272,1.6591000000239546,1.6766000000238819,1.6977000000474618,1.7097000000476328,1.729900000035741,1.7461000000239437,1.7618000000120446,1.77599999999984,1.7970000000000255,1.809800000011819,1.8307000000477274,1.8426000000235945,1.8623000000120555,1.8759000000359265,1.8924999999999272,1.914600000023711,1.9266000000238819,1.9463000000118882,1.96260000002394,1.9759000000358355,1.9958000000119682,2.0097000000478147,2.030999999999949,2.042900000035843,2.0625,2.0759000000357446,2.0954000000356245,2.109200000047622,2.1259000000359265,2.1426000000237764,2.1592000000478038,2.1758000000118045,2.197300000012092,2.2100000000000364,2.2294999999999163,2.2433000000119137,2.262000000000171,2.2759000000355627,2.2926000000238673,2.309300000011717,2.3294999999998254,2.3427000000474436,2.3640000000000327,2.376100000023598,2.3960000000001855,2.4092000000478038,2.4259000000356536,2.446300000011888,2.459900000035759,2.4792000000475127,2.4933000000119137,2.5123000000116917,2.526600000023791,2.5477000000478256,2.5596000000236927,2.5787000000477747,2.5924999999997453,2.6100000000001273,2.6312000000475564,2.6433000000120046,2.662400000035632,2.6759000000356536,2.692500000000109,2.710300000012012,2.730400000035843,2.742900000035661,2.7622000000478693,2.7792000000476946,2.792500000000018,2.80920000004744,2.8258000000118955,2.845100000023649,2.86200000000008,2.8759000000359265,2.895100000023831,2.9091000000239546,2.928800000011961,2.9433000000117318,2.962100000023838,2.9759000000358355,2.997300000011819,3.010200000047462,3.0284000000356173,3.042500000000018,3.059300000011717,3.076700000047822,3.09690000003593,3.11200000000008,3.1257000000478,3.1426000000237764,3.1591000000239546,3.1758000000118045,3.1923000000119828,3.209900000035759,3.23050000000012,3.2433000000119137,3.259400000035839,3.2758000000117136,3.292500000000018,3.309100000023591,3.326600000023973,3.3431000000236963,3.3600000000001273,3.37940000003573,3.3932000000477274,3.40940000003593,3.4264000000357555,3.4454000000355336,3.46260000002394,3.4759000000358355,3.492400000035559,3.509200000047713,3.526600000023791,3.547800000012103,3.5641000000237,3.576000000000022,3.59690000003593,3.609300000011899,3.6259000000359265,3.6476000000238855,3.6599999999998545,3.6787000000476837,3.6933000000117318,3.712999999999738,3.7297000000476146,3.7454000000357155,3.759200000047713,3.7807000000475455,3.7959000000355445,3.80920000004744,3.8258000000118955,3.8449999999998,3.859200000047622,3.8757000000478,3.89240000003565,3.9092000000478038,3.9258000000118045,3.942500000000109,3.9638000000118154,3.979900000035741,3.9926000000236854,4.013200000047618,4.026600000023791,4.042500000000018,4.05920000004744,4.076900000035948,4.096100000023853,4.109200000047622,4.1284999999998035,4.142499999999927,4.158900000035828,4.180100000023685,4.193499999999858,4.211900000035712,4.2302000000477165,4.2927000000477165,4.297200000047724,4.34290000003557,4.360200000047826,4.376200000047447,4.3927000000476255,4.409900000035577,4.425999999999931,4.443600000023707,4.459600000023784,4.47649999999976]",0.016879245,0.004409268,266.0,left,0.0,,,,,,1.0,0.0,12.0,0.5,-0.147488663,-1.0,1.787036051,0.419123252,95.0,-0.003490659,0.427246221,0.028411926,0.064304978,0.203029515,6.0,1.535409367,-0.070714851,89.0,0.014835299,0.418022232,0.039220845,0.067729576,0.134251055,3.0,2.265074965,0.983440371,19.0,-8.92894e-14,0.366380653,0.037711395,0.069882825,0.280007013,7.0,1.318568664,-0.483330683,22.0,-0.006108652,0.369173441,0.034771665,0.081264392,0.215269419,6.0,2.451105013,0.982038016,50.0,-0.003490659,0.388365859,0.031859869,0.061653869,0.235670302,6.0,0.769824551,-0.999514964,26.0,-8.92894e-14,0.37233788,0.03804093,0.07765862,0.260457405,6.0,1.097552879,-0.811366976,41.0,0.013089969,0.382506884,0.032100804,0.075836611,0.218324429,6.0,2.151072423,0.917023481,16.0,0.017453293,0.363466057,0.031192723,0.069909496,0.180964939,5.0,1.360748152,-0.407848427,54.0,-0.000872665,0.390632361,0.034931933,0.073298853,0.195852464,4.0,1.207324254,-0.66458938,60.0,0.008726646,0.394321176,0.024708435,0.063628191,0.162696287,6.0,0.3097984,-0.580706958,7.0,-0.003490659,0.352071506,0.033456274,0.080650645,0.190019159,6.0,2.838973263,0.568958457,83.0,0.005235988,0.41175896,0.032251087,0.065012348,0.244231929,6.0,,,,,,,0.649,,0.0,21.0,21.0,21.0,1.0,,,,,,,,,,,,,,,,,,,,,,,,,,,,0
S070,2,2024-11-21_13h14.36.924,MotivatedInference,2024.1.5,Win32,60.24096386,668be8e87e83611e680fb3ab,{{%SESSION_ID%},Chrome,,,,,,,,,,,,,,,,,,,,,,,,,,,,,,0.0,,,,,,,,1.0,,,,,,,,,conditions/conds_135.csv,5.0,1.0,,,,,,,,,3385.988,3387.7218,"[0.0018999999765583198,0.016000000000076398,0.03300000000035652,0.049899999976332765,0.06619999998838466,0.08380000001216104,0.0993999999764128,0.11619999998811181,0.13300000000026557,0.15039999997634368,0.16660000002411834,0.18299999999999272,0.19960000002402012,0.21630000001232474,0.2328999999763255,0.24960000002420202,0.2663999999763291,0.2828999999765074,0.29960000002392917,0.3163000000122338,0.33410000002413653,0.3503999999761618,0.3670000000001892,0.3830000000002656,0.3996000000238382,0.41600000000016735,0.4328999999761436,0.44969999998829735,0.46630000001232474,0.4830000000001746,0.4993000000122265,0.5161000000239255,0.5330000000003565,0.5496000000239292,0.5671999999881336,0.5828999999762345,0.6003999999761618,0.6170000000001892,0.6328999999764164,0.6496999999881155,0.6663000000121428,0.6829999999999927,0.7010000000000218,0.7168999999762491,0.7331000000240238,0.749600000024202,0.7663000000120519,0.7830000000003565,0.7996000000239292,0.816399999976511,0.8328999999762345,0.8496000000241111,0.8671000000240383,0.8828999999764164,0.8996999999881155,0.9163000000121428,0.9329999999999927,0.9496000000240201,0.968000000000302,0.983199999988301,0.999600000024202,1.0161999999882028,1.03369999998813,1.0505000000002838,1.0663000000122338,1.083800000012161,1.1003000000123393,1.1166999999882137,1.1328000000121392,1.1496999999881155,1.1663000000121428,1.1828999999761436,1.1996999999882973,1.2163000000123247,1.2330000000001746,1.2496999999884792,1.266300000012052,1.28369999998813,1.3003999999764346,1.316399999976511,1.333699999988312,1.349500000000262,1.3661999999881118,1.383800000012343,1.4003999999763437,1.4163000000121428,1.4328999999761436,1.4498000000121465,1.4671999999882246,1.4828999999763255,1.499600000024202,1.516300000012052,1.5328999999765074,1.5496000000239292,1.5663000000122338,1.5828999999762345,1.599500000000262,1.6163999999762382,1.6336999999884938,1.6503999999763437,1.6663000000121428,1.6828999999761436,1.6996000000240201,1.7163000000123247,1.7336999999884029]",0.016651923,0.000571096,105.0,left,0.0,,,,,,1.0,0.0,4.0,0.5,2.709572856,-1.0,2.480103867,0.969449765,79.0,-0.004363323,0.40793127,0.02386995,0.059748747,0.165450333,7.0,2.518499084,0.947775444,23.0,0.001745329,0.370048297,0.033576258,0.089212406,0.165879093,5.0,2.062801531,0.832724573,45.0,0.006108652,0.385245638,0.032702855,0.065559913,0.166419284,5.0,0.020193953,-0.040376926,35.0,0.01134464,0.378665605,0.034694997,0.068673497,0.233172687,6.0,0.0,0.0,0.0,0.0,0.0,0.0,0.0,0.0,0.0,0.0,0.0,0.0,0.0,0.0,0.0,0.0,0.0,0.0,0.0,0.0,0.0,0.0,0.0,0.0,0.0,0.0,0.0,0.0,0.0,0.0,0.0,0.0,0.0,0.0,0.0,0.0,0.0,0.0,0.0,0.0,0.0,0.0,0.0,0.0,0.0,0.0,0.0,0.0,0.0,0.0,0.0,0.0,0.0,0.0,0.0,0.0,0.0,0.0,0.0,0.0,0.0,0.0,0.0,0.0,0.0,0.0,0.0,0.0,0.0,0.0,0.0,0.0,,,,,,,0.6508,,0.0,22.0,22.0,22.0,1.0,,,,,,,,,,,,,,,,,,,,,,,,,,,,0
S070,2,2024-11-21_13h14.36.924,MotivatedInference,2024.1.5,Win32,60.24096386,668be8e87e83611e680fb3ab,{{%SESSION_ID%},Chrome,,,,,,,,,,,,,,,,,,,,,,,,,,,,,,0.0,,,,,,,,4.0,,,,,,,,,conditions/conds_135.csv,5.0,1.0,,,,,,,,,3389.3887,3391.1227,"[0.0024000000357773388,0.016199999988202762,0.03240000003552268,0.04890000003570094,0.06560000002400557,0.08219999998800631,0.09890000003588284,0.11560000002373272,0.13230000001203734,0.14890000003561,0.1663000000116881,0.18299999999999272,0.19869999998809362,0.21549999999979264,0.23219999998809726,0.24890000003551904,0.26549999999997453,0.2821999999878244,0.29960000002392917,0.31630000001177905,0.3330000000000837,0.3499000000356318,0.3661999999881118,0.38230000001203734,0.3986999999879117,0.4155000000000655,0.43210000002363813,0.44880000001194276,0.46560000002364177,0.48310000002402376,0.4996999999880245,0.5154999999999745,0.5326999999879263,0.5488000000118518,0.5664000000356282,0.5823000000118554,0.5989000000358828,0.6156000000237327,0.6321999999881882,0.6496000000238382,0.6663000000116881,0.6829999999999927,0.6996000000240201,0.7156000000236418,0.7325000000000728,0.7493000000117718,0.7654999999999745,0.7820000000001528,0.7991999999881045,0.8155000000001564,0.8321999999880063,0.8489000000358828,0.8654999999998836,0.882100000023911,0.8989999999998872,0.915800000012041,0.9321999999879154,0.9491000000239183,0.9654999999997926,0.9821999999880973,0.9988000000116699,1.0169999999998254,1.0326999999879263,1.0488000000118518,1.0655000000001564,1.0821999999880063,1.0988000000120337,1.1154999999998836,1.1321999999881882,1.1488000000117609,1.166300000011688,1.1829999999999927,1.1988000000119428,1.2164000000357191,1.2331000000240238,1.2496999999880245,1.2656000000238237,1.2821999999878244,1.2988000000118518,1.3155000000001564,1.3329000000358064,1.3488000000120337,1.3654999999998836,1.3829000000355336,1.3999000000358137,1.4155000000000655,1.4323000000117645,1.4493000000120446,1.4664000000357191,1.4831000000240238,1.498900000035519,1.5156000000238237,1.5323000000116735,1.5488000000118518,1.5656000000240056,1.5821999999880063,1.5988000000120337,1.6154999999998836,1.6321999999881882,1.64890000003561,1.666300000011688,1.6829000000357155,1.698900000035792,1.7154999999997926,1.7338000000117972]",0.016648077,0.000544903,105.0,right,1.0,,,,,,2.0,0.0,4.0,0.5,-0.547140963,1.0,1.304211492,-0.508265611,33.0,-0.006108652,0.377230834,0.032847101,0.067598606,0.249691544,6.0,0.206557574,-0.401464357,53.0,-0.003490659,0.390095866,0.043303837,0.083823939,0.349451294,6.0,2.081006025,0.852327444,83.0,0.005235988,0.41175896,0.032251087,0.065012348,0.244231929,6.0,0.255894864,-0.48973844,6.0,-0.001745329,0.3497664,0.039524515,0.103278094,0.256513403,7.0,0.0,0.0,0.0,0.0,0.0,0.0,0.0,0.0,0.0,0.0,0.0,0.0,0.0,0.0,0.0,0.0,0.0,0.0,0.0,0.0,0.0,0.0,0.0,0.0,0.0,0.0,0.0,0.0,0.0,0.0,0.0,0.0,0.0,0.0,0.0,0.0,0.0,0.0,0.0,0.0,0.0,0.0,0.0,0.0,0.0,0.0,0.0,0.0,0.0,0.0,0.0,0.0,0.0,0.0,0.0,0.0,0.0,0.0,0.0,0.0,0.0,0.0,0.0,0.0,0.0,0.0,0.0,0.0,0.0,0.0,0.0,0.0,,,,,,,0.6514,,0.0,23.0,23.0,23.0,1.0,,,,,,,,,,,,,,,,,,,,,,,,,,,,0
S070,2,2024-11-21_13h14.36.924,MotivatedInference,2024.1.5,Win32,60.24096386,668be8e87e83611e680fb3ab,{{%SESSION_ID%},Chrome,,,,,,,,,,,,,,,,,,,,,,,,,,,,,,-1.0,,,,,,,,9.0,,,,,,,,,conditions/conds_135.csv,5.0,1.0,,,,,,,,,3394.4046,3398.8878,"[0.0038999999760562787,0.016299999952025246,0.032999999999901775,0.05069999998795538,0.06649999999990541,0.08409999996410988,0.10039999997616178,0.11599999999998545,0.1328999999759617,0.14959999996426632,0.1662999999521162,0.18299999999999272,0.1996999999878426,0.21709999996437546,0.2330999999639971,0.24959999996417537,0.26629999995202525,0.28379999995240723,0.300499999999829,0.3170999999642845,0.3330999999643609,0.35059999996428814,0.3666999999882137,0.3828999999759617,0.39969999998811545,0.4162999999521162,0.4329999999999927,0.44959999996399347,0.4672999999520471,0.48389999997607447,0.49979999995230173,0.5162999999520252,0.5328999999760526,0.5502999999521307,0.5663999999760563,0.5830000000000837,0.6003999999761618,0.6170999999640117,0.6332999999522144,0.6495999999642663,0.6662999999521162,0.683699999988221,0.7000999999640953,0.7171999999882246,0.7332999999521235,0.7503999999762527,0.7665999999640007,0.7828999999760526,0.7995999999643573,0.8163999999760563,0.8328999999762345,0.8503999999761618,0.8663999999762382,0.8829999999998108,0.9004999999997381,0.9169999999999163,0.9337999999520434,0.9499999999998181,0.9664999999999964,0.9830999999639971,0.9996999999880245,1.0162999999520252,1.0331999999880281,1.0502999999521307,1.0666999999880318,1.0830000000000837,1.0996999999879336,1.116299999952389,1.1329999999998108,1.1497999999523927,1.1662999999521162,1.1837999999520434,1.2002999999522217,1.2170000000000982,1.2331999999878462,1.2495999999641754,1.2669999999998254,1.2831999999880281,1.2995999999643573,1.3162999999522071,1.333099999964361,1.3494999999998072,1.366299999952389,1.3828999999759617,1.399499999999989,1.4169999999999163,1.433699999988221,1.4495999999639935,1.4670999999643755,1.4837999999522253,1.5001999999881264,1.5160000000000764,1.5327999999522035,1.5495999999643573,1.5670999999642845,1.58319999998821,1.5995999999640844,1.6170999999640117,1.6329999999998108,1.6495999999642663,1.6662999999521162,1.6837999999520434,1.7002999999522217,1.7161999999880209,1.7329999999997199,1.7502999999524036,1.7662999999520252,1.7828999999760526,1.7999999999997272,1.8170000000000073,1.8332999999520325,1.8500999999641863,1.8671999999878608,1.883699999988039,1.900000000000091,1.9170999999641936,1.93309999996427,1.95049999999992,1.966299999952298,1.9838999999760745,2.0002999999524036,2.0170999999641026,2.033599999964281,2.0502999999521307,2.0671999999881336,2.0839999999998327,2.1001999999880354,2.1166999999882137,2.133699999988039,2.150099999964368,2.166299999952116,2.1828999999761436,2.1995999999639935,2.2171999999882246,2.233599999964099,2.2502999999524036,2.2663999999758744,2.2829999999999018,2.2995999999643573,2.3170999999642845,2.333699999987857,2.350399999976162,2.3665000000000873,2.382999999999811,2.400399999975889,2.416899999976067,2.433199999988119,2.450399999976071,2.4666999999881227,2.4828999999758707,2.499499999999898,2.5162999999520252,2.5328999999760526,2.550499999999829,2.56619999998793,2.5830000000000837,2.600500000000011,2.6166999999882137,2.63359999996419,2.649899999976242,2.666299999952116,2.6828999999761436,2.70049999999992,2.7167999999524,2.73299999999972,2.750500000000102,2.7663999999758744,2.7829999999999018,2.80039999997598,2.8170999999642845,2.8328999999762345,2.850599999964288,2.866199999988112,2.883099999964088,2.900000000000091,2.9163999999759653,2.9329999999999927,2.9502999999522217,2.9666999999881227,2.98299999999972,3.0002999999524036,3.01669999998785,3.0328999999760526,3.0502999999521307,3.0670000000000073,3.0828999999762345,3.100500000000011,3.1169999999997344,3.132999999999811,3.149499999999989,3.166799999952218,3.183699999988221,3.1995999999639935,3.2160999999641717,3.23299999999972,3.2502999999524036,3.2665999999640007,3.2829999999999018,3.300499999999829,3.3170000000000073,3.3333999999758817,3.349499999999807,3.3669999999997344,3.3837999999523163,3.400399999975889,3.41729999995232,3.4337999999520434,3.4502999999522217,3.4666999999881227,3.4828999999758707,3.5002999999524036,3.5168999999759762,3.5333999999761545,3.54950000000008,3.567899999975907,3.58319999998821,3.5995999999640844,3.616199999988112,3.632999999999811,3.65029999995204,3.6670999999641936,3.683599999964372,3.70049999999992,3.7170000000000982,3.733699999987948,3.750599999964379,3.7669999999998254,3.783599999964281,3.799399999976231,3.8163999999760563,3.8328999999762345,3.849499999999807,3.866799999952036,3.882999999999811,3.900399999975889,3.9169999999999163,3.933699999988221,3.9494999999997162,3.966899999976249,3.98299999999972,4,4.01669999998785,4.033099999964179,4.05039999997598,4.066699999988032,4.0828999999762345,4.099599999964084,4.116299999952389,4.132999999999811,4.150199999988217,4.166599999964092,4.183599999964372,4.200299999952222,4.2170999999643755,4.232899999975871,4.249499999999898,4.266199999988203,4.283500000000004,4.299899999975878,4.316499999999905,4.333000000000084,4.350500000000011,4.3665999999643645,4.382899999975962,4.399599999964266,4.416899999976067,4.43309999996427,4.450399999976071,4.466299999952298,4.48299999999972]",0.016650929,0.000556851,270.0,left,1.0,,,,,,1.0,0.0,12.0,0.5,4.948667542,1.0,2.77223883,0.673332987,9.0,0.01134464,0.355140301,0.038458273,0.073668072,0.274720221,7.0,1.456633824,-0.226346318,4.0,0.001745329,0.345391377,0.044661649,0.086491224,0.292502374,6.0,2.646847266,0.835746464,17.0,-0.004363323,0.364429878,0.03744875,0.082879054,0.20378895,5.0,2.346010023,0.99979256,26.0,-8.92894e-14,0.37233788,0.03804093,0.07765862,0.260457405,6.0,1.719039858,0.292162353,51.0,-0.000872665,0.388957543,0.039197552,0.074659583,0.215725836,5.0,1.675326336,0.207540476,76.0,-0.010471976,0.405435715,0.045146986,0.073305428,0.359082681,7.0,2.619339528,0.864676619,64.0,-0.012217305,0.396824946,0.026418425,0.079335183,0.168726505,6.0,0.690289254,-0.981963075,64.0,-0.012217305,0.396824946,0.026418425,0.079335183,0.168726505,6.0,2.520971527,0.946186749,56.0,0.002617994,0.391878159,0.037400891,0.06461151,0.256914973,6.0,2.229074319,0.967854636,40.0,0.001745329,0.381763748,0.031902579,0.075140032,0.211660484,6.0,1.230562825,-0.629156084,72.0,0.006108652,0.40239539,0.026269008,0.066501733,0.165237327,6.0,2.380278198,0.998840174,83.0,0.005235988,0.41175896,0.032251087,0.065012348,0.244231929,6.0,,,,,,,0.8178,,0.0,24.0,24.0,24.0,1.0,,,,,,,,,,,,,,,,,,,,,,,,,,,,0
S070,2,2024-11-21_13h14.36.924,MotivatedInference,2024.1.5,Win32,60.24096386,668be8e87e83611e680fb3ab,{{%SESSION_ID%},Chrome,,,,,,,,,,,,,,,,,,,,,,,,,,,,,,-1.0,,,,,,,,2.0,,,,,,,,,conditions/conds_135.csv,5.0,1.0,,,,,,,,,3400.7221,3402.4552,"[0.0017999999522544385,0.0156999999881009,0.03199999999969805,0.048399999976027175,0.06529999995200342,0.08279999995193066,0.09949999999980719,0.11549999999988358,0.13219999998773346,0.14869999998791172,0.1653999999757616,0.18219999998791536,0.19919999998774074,0.2153999999759435,0.23269999998774438,0.24889999997594714,0.26529999995227627,0.28199999999969805,0.29859999996415354,0.31539999997585255,0.33199999999987995,0.3486999999877298,0.36539999997603445,0.3819999999996071,0.3985999999640626,0.41619999998783896,0.4326999999880172,0.44959999996399347,0.46529999995209437,0.482499999999618,0.5004999999996471,0.5152999999522763,0.531999999999698,0.5486999999880027,0.5652999999520034,0.5818999999760308,0.5986999999877298,0.6153999999760345,0.6327999999521126,0.6485999999640626,0.6654999999996107,0.6820999999640662,0.6993999999758671,0.7160999999641717,0.7320999999642481,0.7502999999519488,0.7656999999881009,0.7822999999521016,0.7984999999998763,0.8152999999520034,0.8321999999880063,0.8486999999877298,0.8653999999760345,0.8820999999638843,0.89939999997614,0.9154999999996107,0.93309999996427,0.9495999999639935,0.9654999999997926,0.9820999999642481,0.9988999999759471,1.0153999999761254,1.0327999999522035,1.0491999999881045,1.065599999963979,1.08199999999988,1.099399999975958,1.1157999999522872,1.1326999999878353,1.14939999997614,1.1658999999758635,1.181999999999789,1.1986999999880936,1.2152999999520944,1.2326999999877444,1.2494999999998981,1.2653999999761254,1.281999999999698,1.2994999999996253,1.3158999999759544,1.332599999964259,1.3486999999877298,1.3653999999760345,1.3827999999521126,1.3990999999641645,1.4152999999519125,1.431999999999789,1.4495999999639935,1.465699999987919,1.481999999999971,1.4986999999878208,1.5153999999761254,1.5326999999879263,1.5493999999757762,1.5652999999520034,1.5828999999757798,1.599299999952109,1.6157999999522872,1.6322999999520107,1.6490999999641645,1.6654999999996107,1.6824999999998909,1.6986999999880936,1.7152999999520944,1.7327999999520216]",0.016644231,0.000585371,105.0,left,1.0,,,,,,1.0,0.0,4.0,0.5,0.354177442,1.0,1.766443321,0.381384918,54.0,-0.000872665,0.390632361,0.034931933,0.073298853,0.195852464,4.0,1.775078226,0.397291748,14.0,-0.004363323,0.361562951,0.033827978,0.08680928,0.200727788,5.0,0.316823223,-0.592087263,89.0,0.014835299,0.418022232,0.039220845,0.067729576,0.134251055,3.0,3.057401356,0.167588039,66.0,-0.006108652,0.398200129,0.038012219,0.074472022,0.208169201,4.0,0.0,0.0,0.0,0.0,0.0,0.0,0.0,0.0,0.0,0.0,0.0,0.0,0.0,0.0,0.0,0.0,0.0,0.0,0.0,0.0,0.0,0.0,0.0,0.0,0.0,0.0,0.0,0.0,0.0,0.0,0.0,0.0,0.0,0.0,0.0,0.0,0.0,0.0,0.0,0.0,0.0,0.0,0.0,0.0,0.0,0.0,0.0,0.0,0.0,0.0,0.0,0.0,0.0,0.0,0.0,0.0,0.0,0.0,0.0,0.0,0.0,0.0,0.0,0.0,0.0,0.0,0.0,0.0,0.0,0.0,0.0,0.0,,,,,,,0.7677,,0.0,25.0,25.0,25.0,1.0,,,,,,,,,,,,,,,,,,,,,,,,,,,,0
S070,2,2024-11-21_13h14.36.924,MotivatedInference,2024.1.5,Win32,60.24096386,668be8e87e83611e680fb3ab,{{%SESSION_ID%},Chrome,,,,,,,,,,,,,,,,,,,,,,,,,,,,,,-1.0,,,,,,,,7.0,,,,,,,,,conditions/conds_135.csv,5.0,1.0,,,,,,,,,3404.2052,3407.304,"[0.003000000000156433,0.015499999999974534,0.03210000002400193,0.04880000001185181,0.0654000000358792,0.08260000002383094,0.09919999998828644,0.11569999998800995,0.13200000000006185,0.14880000001176086,0.16540000003578825,0.1823000000117645,0.19880000001194276,0.21550000000024738,0.23240000003579553,0.24869999998827552,0.2654000000356973,0.28210000002400193,0.2988000000118518,0.31550000000015643,0.33199999999987995,0.34950000000026193,0.36630000001196095,0.3821999999881882,0.39890000003561,0.41540000003578825,0.4321000000240929,0.4493000000120446,0.46540000003597015,0.48210000002382003,0.49880000001212466,0.5153000000118482,0.5321000000240019,0.5488000000118518,0.5653000000120301,0.5821000000237291,0.5986999999881846,0.6154000000356064,0.632100000023911,0.6496999999881155,0.6661999999882937,0.6820000000002437,0.6986999999880936,0.7154000000359702,0.73210000002382,0.7489000000359738,0.7653000000118482,0.7821000000240019,0.7986999999880027,0.8153000000120301,0.8321999999880063,0.8488000000120337,0.8661999999881118,0.882100000023911,0.8994000000357119,0.9161999999882937,0.9320000000002437,0.9488000000119428,0.9654000000359702,0.9819999999999709,0.9988000000121247,1.0159000000357992,1.032100000024002,1.0489999999999782,1.06619999998793,1.0829000000358064,1.099500000000262,1.11569999998801,1.13269999998829,1.1491999999880136,1.1654000000357883,1.1821000000240929,1.1988000000119428,1.2155000000002474,1.23210000002382,1.2486999999882755,1.2654000000356973,1.282100000024002,1.2988000000118518,1.3155000000001564,1.332100000023729,1.349600000024111,1.3654000000356064,1.3820000000000618,1.3986999999879117,1.4154000000357883,1.4329000000357155,1.4494000000358938,1.465300000012121,1.481999999999971,1.4986999999882755,1.5154000000356973,1.532100000024002,1.5486999999880027,1.5655000000001564,1.582100000023729,1.599500000000262,1.6161000000238346,1.6320000000000618,1.6486999999879117,1.6654000000357883,1.6821000000240929,1.6986999999880936,1.7155000000002474,1.73210000002382,1.7486999999882755,1.7659000000357992,1.782100000024002,1.7996000000239292,1.8154000000358792,1.832100000023729,1.849500000000262,1.8661000000238346,1.882100000023911,1.8988000000117609,1.915800000012041,1.9321000000240929,1.9486999999880936,1.9654000000359702,1.98210000002382,1.9988000000121247,2.015300000011848,2.0328000000117754,2.0486999999880027,2.065400000035879,2.0821999999880063,2.0994000000359847,2.1161000000238346,2.132100000023911,2.1486999999879117,2.16590000003589,2.1824000000356136,2.1988000000119428,2.2161000000237436,2.2328000000120483,2.2496000000237473,2.2654999999999745,2.282100000024002,2.29950000000008,2.31619999998793,2.332100000023729,2.3494000000359847,2.3661000000238346,2.382600000024013,2.3986999999879117,2.41590000003589,2.432499999999891,2.4486999999880936,2.46540000003597,2.4831000000240238,2.4991000000241,2.515300000011848,2.532000000000153,2.54950000000008,2.565900000035981,2.58199999999988,2.599600000024111,2.6161000000238346,2.632100000023911,2.6486999999879117,2.6661000000240165,2.683100000023842,2.69960000002402,2.7159000000356173,2.7325000000000728,2.7496999999880245,2.76580000001195,2.782199999988279,2.799600000023929,2.8161000000241074,2.832499999999982,2.8486999999881846,2.8661000000238346,2.8829000000359883,2.899499999999989,2.9155000000000655,2.9323000000117645,2.94960000002402,2.9661000000237436,2.9829000000358974,2.9991999999879226,3.015900000035799,3.032000000000153,3.048800000011852,3.066300000011779,3.082499999999982,3.0986999999881846]",0.016643548,0.000508938,187.0,right,0.0,,,,,,2.0,0.0,8.0,0.5,-0.030068004,-1.0,1.334199913,-0.455730595,78.0,0.004363323,0.407032945,0.030231373,0.057417546,0.211999481,6.0,0.903748575,-0.97211691,100.0,-0.001745329,0.484835711,0.035177462,0.059949939,0.178411257,4.0,1.98590442,0.738077253,51.0,-0.000872665,0.388957543,0.039197552,0.074659583,0.215725836,5.0,1.98282493,0.733907716,37.0,-0.010471976,0.379878099,0.039758221,0.071440932,0.269646059,5.0,1.839529636,0.511961441,78.0,0.004363323,0.407032945,0.030231373,0.057417546,0.211999481,6.0,1.290087792,-0.532386284,24.0,-0.000872665,0.370951047,0.044446314,0.068882508,0.271498611,5.0,0.621680834,-0.946870511,20.0,0.004363323,0.367239871,0.029881231,0.073743484,0.121468441,4.0,2.589509005,0.893089885,3.0,0.001745329,0.342027877,0.030569748,0.094119191,0.219456558,8.0,0.0,0.0,0.0,0.0,0.0,0.0,0.0,0.0,0.0,0.0,0.0,0.0,0.0,0.0,0.0,0.0,0.0,0.0,0.0,0.0,0.0,0.0,0.0,0.0,0.0,0.0,0.0,0.0,0.0,0.0,0.0,0.0,0.0,0.0,0.0,0.0,,,,,,,0.972,,0.0,26.0,26.0,26.0,1.0,,,,,,,,,,,,,,,,,,,,,,,,,,,,0
S070,2,2024-11-21_13h14.36.924,MotivatedInference,2024.1.5,Win32,60.24096386,668be8e87e83611e680fb3ab,{{%SESSION_ID%},Chrome,,,,,,,,,,,,,,,,,,,,,,,,,,,,,,-1.0,,,,,,,,12.0,,,,,,,,,conditions/conds_135.csv,5.0,1.0,,,,,,,,,3409.2715,3413.7373,"[0.0036999999883846613,0.0156999999881009,0.033100000024205656,0.049899999976332765,0.06589999997640916,0.08300000000008367,0.0996999999883883,0.11639999997623818,0.13330000001224107,0.15000000000009095,0.16639999997642008,0.18310000002384186,0.19900000000006912,0.21649999999999636,0.23269999998819912,0.24969999998847925,0.26610000002392553,0.2823000000121283,0.29980000001205553,0.31650000000036016,0.33319999998821004,0.34919999998828644,0.3656999999884647,0.3831000000241147,0.3996000000238382,0.4166999999883956,0.4323999999764965,0.45100000000002183,0.4661999999884756,0.4823000000119464,0.499000000000251,0.5163999999763291,0.5331999999884829,0.5500000000001819,0.5661999999883847,0.5823000000123102,0.5998999999765147,0.616300000011961,0.6331000000241147,0.6498999999762418,0.6665000000002692,0.6831999999881191,0.6998000000121465,0.7183000000122775,0.7321999999880973,0.7493000000122265,0.7656999999881009,0.7831999999884829,0.800100000024031,0.8160000000002583,0.8323999999761327,0.8498000000122374,0.8661000000238346,0.8823999999763146,0.8993000000123175,0.9165000000002692,0.9323999999764965,0.9490000000000691,0.9664999999999964,0.9830000000001746,1.0001000000238491,1.0161000000239255,1.0323999999764055,1.0488999999765838,1.0656999999882828,1.0823000000123102,1.0998000000122374,1.1159999999999854,1.133199999988392,1.1498000000119646,1.165800000012041,1.1823000000122192,1.1998000000121465,1.2163999999761472,1.2333000000121501,1.249600000024202,1.2661999999882028,1.2823999999764055,1.2988999999765838,1.3161000000241074,1.3323999999761327,1.3496999999883883,1.3658999999761363,1.3823000000120373,1.3998000000119646,1.4166999999883956,1.4325000000003456,1.4490000000000691,1.4663999999761472,1.483199999988301,1.4996999999884792,1.5166000000240274,1.5323000000121283,1.5496000000239292,1.566399999976511,1.5821000000241838,1.5993999999764128,1.6156999999884647,1.6323000000120373,1.649000000000342,1.6660000000001673,1.682699999988472,1.6990000000000691,1.7156000000240965,1.7336000000241256,1.749000000000251,1.7656000000238237,1.7838000000119791,1.7996999999882064,1.8156999999882828,1.8323999999761327,1.8493000000121356,1.8656999999884647,1.8823999999763146,1.899000000000342,1.9156999999881918,1.9323000000122192,1.9490000000000691,1.9656000000240965,1.9823000000119464,1.999000000000251,2.0156000000238237,2.0323000000121283,2.0496999999882064,2.065699999988283,2.083100000023933,2.0998999999765147,2.116399999976238,2.1323999999763146,2.149000000000342,2.16639999997642,2.183100000023842,2.199399999976322,2.2156999999883737,2.2323000000119464,2.2488000000121247,2.26580000001195,2.2823000000121283,2.2996999999882064,2.315699999988283,2.3323999999761327,2.3498000000122374,2.3656000000241875,2.3823000000120373,2.399100000024191,2.415699999988192,2.4323999999764965,2.4491000000239183,2.4656999999883737,2.4823000000119464,2.5006999999882282,2.5161000000239255,2.5323000000121283,2.5488000000123066,2.565699999988283,2.58230000001231,2.5986999999881846,2.615800000012314,2.632199999988188,2.648899999976493,2.665699999988192,2.6825000000003456,2.6991000000239183,2.7156000000240965,2.7323999999762236,2.749000000000251,2.765699999988101,2.783300000012332,2.8003999999764346,2.815699999988283,2.8323999999761327,2.849399999976413,2.8656999999884647,2.8823999999763146,2.899000000000342,2.915699999988192,2.9323000000122192,2.9493000000120446,2.9664999999999964,2.9823999999762236,2.999000000000251,3.015699999988101,3.0323999999764055,3.0498000000120555,3.065699999988283,3.083100000023933,3.099100000024009,3.1156999999884647,3.1323999999763146,3.149100000024191,3.165699999988192,3.1823999999764965,3.199000000000069,3.2161000000241984,3.2321999999880973,3.2491999999883774,3.2658999999762273,3.2823999999764055,3.2991000000238273,3.3168000000123357,3.3323999999761327,3.348899999976311,3.3656999999884647,3.3823000000120373,3.399100000024191,3.415699999988192,3.4323999999764965,3.4491000000239183,3.4664999999999964,3.4831000000240238,3.4998000000123284,3.5158999999762273,3.5323000000121283,3.549399999976231,3.5656000000240056,3.582199999988461,3.599399999976413,3.615399999976489,3.6323999999763146,3.648899999976493,3.665699999988192,3.6823000000122192,3.699000000000069,3.7156999999883737,3.7323999999762236,3.7491000000241,3.766300000012052,3.782600000024104,3.7993000000119537,3.8161999999883847,3.8328999999762345,3.85019999998849,3.8656999999884647,3.8823999999763146,3.9001999999882173,3.915800000012041,3.93219999998837,3.9488000000119428,3.9661000000241984,3.9830000000001746,3.999000000000251,4.015699999988101,4.032300000012128,4.049100000023827,4.065800000012132,4.083100000023933,4.09900000000016,4.116699999988214,4.133100000024115,4.149000000000342,4.165699999988192,4.182600000024195,4.199100000023918,4.215699999988374,4.232300000011946,4.2486999999882755,4.265600000023824,4.283199999988483,4.299100000023827,4.315600000024006,4.33230000001231,4.349100000024009,4.365699999988465,4.38269999998829,4.399000000000342,4.415699999988192,4.4323999999764965,4.449000000000069,4.465699999988374]",0.016649254,0.000612646,269.0,left,1.0,,,,,,2.0,0.0,12.0,0.5,-2.548526313,-1.0,0.616583303,-0.943542474,19.0,-8.92894e-14,0.366380653,0.037711395,0.069882825,0.280007013,7.0,0.276037732,-0.524455485,89.0,0.014835299,0.418022232,0.039220845,0.067729576,0.134251055,3.0,0.391443767,-0.705329272,74.0,-0.002617994,0.403888444,0.032857311,0.06846285,0.186846183,6.0,0.31584738,-0.590513324,59.0,0.006981317,0.393731017,0.031135395,0.06163787,0.205460115,5.0,2.952489629,0.369253895,36.0,0.002617994,0.379263044,0.03913601,0.077664539,0.168574417,3.0,1.036006321,-0.87699878,94.0,0.004363323,0.42523076,0.035907823,0.059015617,0.218525823,5.0,0.073843643,-0.14715099,39.0,-0.006981317,0.381053424,0.030288742,0.070264002,0.227413277,7.0,2.877720677,0.503585523,43.0,0.004363323,0.383893371,0.033132061,0.062242434,0.239996947,6.0,2.971848665,0.333004336,59.0,0.006981317,0.393731017,0.031135395,0.06163787,0.205460115,5.0,1.760246642,0.3698993,51.0,-0.000872665,0.388957543,0.039197552,0.074659583,0.215725836,5.0,1.279595279,-0.550031617,24.0,-0.000872665,0.370951047,0.044446314,0.068882508,0.271498611,5.0,1.678503684,0.213752576,16.0,0.017453293,0.363466057,0.031192723,0.069909496,0.180964939,5.0,,,,,,,1.1349,,0.0,27.0,27.0,27.0,1.0,,,,,,,,,,,,,,,,,,,,,,,,,,,,0
S070,2,2024-11-21_13h14.36.924,MotivatedInference,2024.1.5,Win32,60.24096386,668be8e87e83611e680fb3ab,{{%SESSION_ID%},Chrome,,,,,,,,,,,,,,,,,,,,,,,,,,,,,,-1.0,,,,,,,,6.0,,,,,,,,,conditions/conds_135.csv,5.0,1.0,,,,,,,,,3415.8717,3418.9715,"[0.0029999999997016857,0.016100000023470784,0.03249999999979991,0.04960000002347442,0.06580000001167718,0.08240000003570458,0.09880000001157896,0.11540000003560635,0.13280000001168446,0.14910000002373636,0.16549999999961074,0.1829000000357155,0.1991000000234635,0.21630000001187,0.2321999999876425,0.2488000000116699,0.26549999999997453,0.2828000000117754,0.29940000003534806,0.3154999999997017,0.3321999999880063,0.3489000000354281,0.3658000000118591,0.38210000002345623,0.3996000000238382,0.41640000003553723,0.43240000003561363,0.448800000011488,0.4654000000355154,0.4821999999876425,0.49949999999989814,0.5161000000234708,0.5328000000117754,0.5491000000238273,0.5654000000354245,0.5829000000353517,0.5986999999877298,0.6154000000356064,0.6321000000234562,0.64890000003561,0.6676999999876898,0.6818000000116626,0.698800000011488,0.7154999999997926,0.7329999999997199,0.7491000000236454,0.7654000000356973,0.7828000000117754,0.7994999999996253,0.8161999999879299,0.8328000000115026,0.8494999999998072,0.8654999999998836,0.8821000000234562,0.8996000000238382,0.9159000000354354,0.93260000002374,0.9486999999880936,0.9654000000355154,0.98210000002382,0.9988000000116699,1.0161000000234708,1.0324999999998,1.0488000000118518,1.0654000000354245,1.0828000000115026,1.0989999999997053,1.1154000000356064,1.1321000000234562,1.1496999999876607,1.1661000000235617,1.1821999999879154,1.1996999999878426,1.2161999999880209,1.2324000000353408,1.2493000000117718,1.2659000000353444,1.2821000000235472,1.2988000000118518,1.3154999999997017,1.33199999999988,1.34940000003553,1.3654000000356064,1.3821000000234562,1.399499999999989,1.4154999999996107,1.4329000000357155,1.448800000011488,1.465699999987919,1.4828000000115935,1.4989999999997963,1.5161000000234708,1.5326999999879263,1.5489999999999782,1.5654999999997017,1.582100000023729,1.5986999999877298,1.6163000000115062,1.6321999999877335,1.6486999999879117,1.6654999999996107,1.6821000000236381,1.699400000035439,1.7161999999880209,1.7331999999878462,1.7489999999997963,1.766199999987748,1.7824000000355227,1.7996000000234744,1.8158000000116772,1.832100000023729,1.848800000011579,1.8654999999998836,1.8821000000234562,1.8986999999879117,1.9154000000353335,1.9328000000118664,1.949400000035439,1.9654000000355154,1.98210000002382,1.99880000001167,2.016199999987748,2.032600000023649,2.0496000000234744,2.065699999987828,2.0818000000117536,2.09869999998773,2.1154000000356064,2.1328000000116845,2.1491999999880136,2.1654000000353335,2.18260000002374,2.199400000035439,2.216199999988021,2.2323000000114916,2.24880000001167,2.2654000000356973,2.283199999988028,2.2994999999996253,2.315800000011677,2.3329000000353517,2.348900000035428,2.3654000000356064,2.3828000000116845,2.3989999999998872,2.4154000000353335,2.432100000023638,2.449400000035439,2.4654999999997926,2.48210000002382,2.49880000001167,2.5154000000356973,2.531999999999698,2.5494999999996253,2.5661000000236527,2.5824000000357046,2.5986000000234526,2.6159999999999854,2.632600000023558,2.649400000035712,2.665699999987737,2.6821999999879154,2.69930000001159,2.7159999999998945,2.7323000000114916,2.74880000001167,2.765300000011848,2.7829000000356245,2.799400000035348,2.8154000000354245,2.8328000000115026,2.84869999998773,2.865300000011757,2.8826999999878353,2.899600000023838,2.9154000000353335,2.9328000000118664,2.9491000000234635,2.9654000000355154,2.9826999999877444,2.999499999999898,3.0154999999999745,3.032100000023547,3.048800000011852,3.0661000000236527,3.082100000023729,3.0996000000236563]",0.016648387,0.000582563,187.0,left,1.0,,,,,,1.0,0.0,8.0,0.5,3.614644932,1.0,0.090999498,-0.180995914,59.0,0.006981317,0.393731017,0.031135395,0.06163787,0.205460115,5.0,2.536190492,0.935899641,95.0,-0.003490659,0.427246221,0.028411926,0.064304978,0.203029515,6.0,1.31692244,-0.486210392,86.0,-0.01134464,0.414570186,0.03611148,0.064685839,0.099529567,3.0,3.009479162,0.261163157,91.0,0.001745329,0.420659204,0.046109782,0.086244352,0.261967492,5.0,2.205040662,0.954651987,85.0,0.003490659,0.413672168,0.024690997,0.064801949,0.114487367,4.0,1.779304992,0.405035201,100.0,-0.001745329,0.484835711,0.035177462,0.059949939,0.178411257,4.0,2.014493849,0.775429522,80.0,0.000872665,0.408817555,0.034279956,0.069360427,0.160822937,4.0,2.515499521,0.949671729,56.0,0.002617994,0.391878159,0.037400891,0.06461151,0.256914973,6.0,0.0,0.0,0.0,0.0,0.0,0.0,0.0,0.0,0.0,0.0,0.0,0.0,0.0,0.0,0.0,0.0,0.0,0.0,0.0,0.0,0.0,0.0,0.0,0.0,0.0,0.0,0.0,0.0,0.0,0.0,0.0,0.0,0.0,0.0,0.0,0.0,,,,,,,0.7002,,0.0,28.0,28.0,28.0,1.0,,,,,,,,,,,,,,,,,,,,,,,,,,,,0
S070,2,2024-11-21_13h14.36.924,MotivatedInference,2024.1.5,Win32,60.24096386,668be8e87e83611e680fb3ab,{{%SESSION_ID%},Chrome,,,,,,,,,,,,,,,,,,,,,,,,,,,,,,-1.0,,,,,,,,5.0,,,,,,,,,conditions/conds_135.csv,5.0,1.0,,,,,,,,,3420.6716,3423.7712,"[0.003099999964433664,0.016299999952479993,0.032099999964430026,0.048799999952279904,0.06639999997605628,0.08239999997613268,0.0987999999524618,0.11619999998811181,0.1330999999645428,0.1488999999760381,0.16539999997621635,0.1828999999761436,0.19950000000017099,0.21619999998802086,0.23279999995247636,0.2488999999764019,0.26549999999997453,0.28209999996443,0.29979999995248363,0.3160999999645355,0.3330999999643609,0.34889999997631094,0.3654999999998836,0.3821999999881882,0.3987999999526437,0.4160999999644446,0.43339999997624545,0.44909999996434635,0.4655000000002474,0.48219999998809726,0.49949999999989814,0.5161999999882028,0.5329999999999018,0.5487999999522799,0.5655000000001564,0.5828999999762345,0.5993999999764128,0.6157999999522872,0.6321999999881882,0.6486999999883665,0.6655000000000655,0.682099999964521,0.699500000000171,0.7157999999521962,0.7327999999524764,0.7490999999645283,0.7653999999761254,0.7827999999522035,0.7993999999762309,0.8155999999644337,0.8330000000000837,0.8487999999524618,0.8653999999760345,0.8820999999643391,0.8998999999762418,0.9157999999524691,0.9328999999761436,0.9490000000000691,0.9653999999763982,0.9821999999880973,0.9987999999525528,1.01629999995248,1.0325000000002547,1.04879999995228,1.0655000000001564,1.0828999999762345,1.098899999976311,1.1153999999760345,1.1327999999525673,1.149499999999989,1.1661999999882937,1.1828999999761436,1.1996999999882973,1.2157999999521962,1.2317999999522726,1.249000000000251,1.265699999988101,1.28209999996443,1.29879999995228,1.3161999999883847,1.3323999999761327,1.3487999999524618,1.3671999999883155,1.3817999999523636,1.398899999976038,1.4155999999643427,1.4326999999880172,1.4495999999644482,1.4658999999760454,1.4833999999764274,1.4990999999645283,1.5153999999761254,1.53209999996443,1.5496999999882064,1.5655999999644337,1.5820999999641572,1.5987999999524618,1.6153999999760345,1.6334999999999127,1.6487999999526437,1.6653999999762163,1.682099999964521,1.6987999999523709,1.7155000000002474,1.7321999999880973,1.7486999999882755,1.7658999999762273,1.78209999996443,1.7986999999880027,1.81579999995256,1.83199999999988,1.8485999999643354,1.8659999999999854,1.88269999998829,1.8987999999526437,1.9158999999763182,1.932099999964521,1.9487999999523709,1.9653999999763982,1.981999999999971,1.999399999976049,2.0153999999761254,2.03209999996443,2.0486999999880027,2.0655000000001564,2.082099999964157,2.0986999999881846,2.1150999999645137,2.132099999964339,2.1496999999881155,2.1665999999645464,2.1820000000002437,2.1996999999882973,2.2156999999883737,2.2316999999879954,2.249399999976049,2.2655999999642518,2.28209999996443,2.29879999995228,2.3153999999763073,2.33199999999988,2.348799999952462,2.3653999999760345,2.382099999964339,2.3986999999883665,2.4155000000000655,2.432099999964521,2.448799999952371,2.4653999999763982,2.481999999999971,2.4987999999525528,2.5153999999761254,2.5317999999524545,2.5490999999642554,2.5653999999763073,2.582099999964157,2.598799999952462,2.6153999999760345,2.6327999999525673,2.6485999999645173,2.6660000000001673,2.6826999999880172,2.698799999952371,2.7153999999763982,2.732099999964248,2.7487999999525528,2.7653999999761254,2.78209999996443,2.798999999999978,2.815899999976409,2.832099999964157,2.8496999999883883,2.866199999988112,2.882000000000062,2.8986999999883665,2.915699999988192,2.9318999999763946,2.9486999999880936,2.9653999999763982,2.982099999964248,2.9986999999882755,3.0165000000001783,3.032000000000153,3.049399999976231,3.0653999999763073,3.08199999999988,3.099500000000262]",0.016647312,0.000596692,187.0,right,1.0,,,,,,1.0,0.0,8.0,0.5,2.665676628,-1.0,2.310091802,0.995752095,89.0,0.014835299,0.418022232,0.039220845,0.067729576,0.134251055,3.0,2.907173362,0.451850498,62.0,-0.006981317,0.395568746,0.03641844,0.082091507,0.288170754,7.0,2.377997093,0.999049444,43.0,0.004363323,0.383893371,0.033132061,0.062242434,0.239996947,6.0,1.964433394,0.708432048,32.0,0.007853982,0.376580194,0.027808234,0.064839678,0.152904525,6.0,3.082578204,0.117755051,100.0,-0.001745329,0.484835711,0.035177462,0.059949939,0.178411257,4.0,1.112922587,-0.793018171,76.0,-0.010471976,0.405435715,0.045146986,0.073305428,0.359082681,7.0,0.184781698,-0.361208339,23.0,0.001745329,0.370048297,0.033576258,0.089212406,0.165879093,5.0,2.852166244,0.547064002,6.0,-0.001745329,0.3497664,0.039524515,0.103278094,0.256513403,7.0,0.0,0.0,0.0,0.0,0.0,0.0,0.0,0.0,0.0,0.0,0.0,0.0,0.0,0.0,0.0,0.0,0.0,0.0,0.0,0.0,0.0,0.0,0.0,0.0,0.0,0.0,0.0,0.0,0.0,0.0,0.0,0.0,0.0,0.0,0.0,0.0,,,,,,,0.683,,0.0,29.0,29.0,29.0,1.0,,,,,,,,,,,,,,,,,,,,,,,,,,,,0
S070,2,2024-11-21_13h14.36.924,MotivatedInference,2024.1.5,Win32,60.24096386,668be8e87e83611e680fb3ab,{{%SESSION_ID%},Chrome,,,,,,,,,,,,,,,,,,,,,,,,,,,,,,1.0,,,,,,,,5.0,,,,,,,,,conditions/conds_135.csv,5.0,1.0,,,,,,,,,3426.704,3429.7713,"[0.0033000000116771844,0.016800000011699012,0.032999999999901775,0.04990000003544992,0.06630000001177905,0.08310000002347806,0.09980000001178269,0.11640000003581008,0.13299999999981083,0.14960000002383822,0.16710000002376546,0.18299999999999272,0.1997000000474145,0.21640000003571913,0.233100000023569,0.25040000003582463,0.26610000002392553,0.2831000000237509,0.29970000004732356,0.3164000000356282,0.3330000000000837,0.34970000004750545,0.36710000002358356,0.3832000000475091,0.40040000003546083,0.41640000003553723,0.4329999999999927,0.4497000000474145,0.46610000002374363,0.483100000023569,0.4997000000475964,0.5164000000354463,0.5329999999999018,0.5497000000473236,0.56690000003573,0.5830000000000837,0.5997000000475055,0.6169999999997344,0.6338000000118882,0.6497000000476874,0.6663000000116881,0.6831000000238419,0.6996000000235654,0.7168000000119719,0.7332000000474181,0.7494999999998981,0.7663000000115971,0.7829999999999018,0.7997000000473236,0.8164999999999054,0.8330000000000837,0.8497000000475055,0.8664000000358101,0.8829999999998108,0.8997000000476874,0.9164000000355372,0.9329999999999927,0.9497000000474145,0.9671000000234926,0.983100000023569,0.9997000000475964,1.0171000000236745,1.0329999999999018,1.0496000000239292,1.0672000000477055,1.0832000000473272,1.1004000000357337,1.1162000000476837,1.13310000002366,1.1498000000119646,1.1664000000355372,1.1829999999999927,1.1997000000474145,1.2164000000357191,1.2329999999997199,1.2497000000475964,1.2663000000115971,1.2836000000238528,1.3004000000355518,1.31690000003573,1.333700000047429,1.3497000000475055,1.366300000011961,1.3829999999998108,1.3999999999996362,1.4167000000475127,1.4329000000357155,1.4497000000474145,1.4664000000357191,1.4829999999997199,1.4997000000475964,1.5163000000115971,1.5329999999999018,1.5496000000239292,1.566300000011779,1.5830000000000837,1.6001000000237582,1.61640000003581,1.6329999999998108,1.6497000000476874,1.6664000000355372,1.683700000047338,1.6997000000474145,1.7171000000234926,1.7336000000236709,1.7496000000237473,1.76620000004732,1.7829999999999018,1.7997000000473236,1.8164000000356282,1.833100000023478,1.8497000000475055,1.866300000011961,1.883700000047611,1.8993000000118627,1.916300000011688,1.933700000047338,1.9497000000474145,1.96630000001187,1.9829999999997199,2.0002000000476983,2.0171000000236745,2.033100000023751,2.04950000000008,2.066300000011779,2.083200000047327,2.0997000000475055,2.116300000011961,2.132999999999811,2.1497000000476874,2.1664000000355372,2.183100000023842,2.1997000000474145,2.216400000035719,2.23299999999972,2.2504000000358246,2.266300000011597,2.2829999999999018,2.2997000000473236,2.316300000011779,2.3330000000000837,2.3504000000357337,2.3672000000474327,2.3839000000357373,2.399999999999636,2.416300000011688,2.4329999999999927,2.44930000001159,2.466400000035719,2.48299999999972,2.4997000000475964,2.5164000000354463,2.533100000023751,2.549800000011601,2.566400000035628,2.5830000000000837,2.5997000000475055,2.616300000011961,2.632999999999811,2.649600000023838,2.666300000011688,2.6829000000357155,2.6997000000474145,2.7176000000235945,2.733600000023671,2.7502000000476983,2.766700000047422,2.783100000023751,2.7993000000119537,2.816400000035628,2.8330000000000837,2.8497000000475055,2.8669999999997344,2.882999999999811,2.8997000000476874,2.9164000000355372,2.9329999999999927,2.9496000000235654,2.966400000035719,2.98299999999972,2.9996000000237473,3.016300000011597,3.0329000000356245,3.050400000035552,3.0673000000119828]",0.016652174,0.000439609,185.0,right,1.0,,,,,,1.0,0.0,8.0,0.5,2.665676628,-1.0,2.310091802,0.995752095,89.0,0.014835299,0.418022232,0.039220845,0.067729576,0.134251055,3.0,2.907173362,0.451850498,62.0,-0.006981317,0.395568746,0.03641844,0.082091507,0.288170754,7.0,2.377997093,0.999049444,43.0,0.004363323,0.383893371,0.033132061,0.062242434,0.239996947,6.0,1.964433394,0.708432048,32.0,0.007853982,0.376580194,0.027808234,0.064839678,0.152904525,6.0,3.082578204,0.117755051,100.0,-0.001745329,0.484835711,0.035177462,0.059949939,0.178411257,4.0,1.112922587,-0.793018171,76.0,-0.010471976,0.405435715,0.045146986,0.073305428,0.359082681,7.0,0.184781698,-0.361208339,23.0,0.001745329,0.370048297,0.033576258,0.089212406,0.165879093,5.0,2.852166244,0.547064002,6.0,-0.001745329,0.3497664,0.039524515,0.103278094,0.256513403,7.0,0.0,0.0,0.0,0.0,0.0,0.0,0.0,0.0,0.0,0.0,0.0,0.0,0.0,0.0,0.0,0.0,0.0,0.0,0.0,0.0,0.0,0.0,0.0,0.0,0.0,0.0,0.0,0.0,0.0,0.0,0.0,0.0,0.0,0.0,0.0,0.0,,,,,,,0.5834,,0.0,30.0,30.0,30.0,1.0,,,,,,,,,,,,,,,,,,,,,,,,,,,,0
S070,2,2024-11-21_13h14.36.924,MotivatedInference,2024.1.5,Win32,60.24096386,668be8e87e83611e680fb3ab,{{%SESSION_ID%},Chrome,,,,,,,,,,,,,,,,,,,,,,,,,,,,,,1.0,,,,,,,,1.0,,,,,,,,,conditions/conds_135.csv,5.0,1.0,,,,,,,,,3431.3706,3433.1038,"[0.0015999999641280738,0.016399999976329127,0.03289999997605264,0.049599999964357266,0.06629999995220714,0.08289999997623454,0.09959999996408442,0.11619999998811181,0.13329999995221442,0.15000000000009095,0.1661999999882937,0.1828999999761436,0.19959999996444822,0.21700000000009823,0.23279999995247636,0.25,0.26629999995248,0.28289999997605264,0.3003999999759799,0.3170000000000073,0.3327999999523854,0.3495999999640844,0.3661999999881118,0.38289999997641644,0.40029999995249455,0.4169999999999163,0.4329999999999927,0.4495999999644482,0.46619999998802086,0.4830000000001746,0.5005000000001019,0.5165999999644555,0.5328999999760526,0.5495999999643573,0.5661999999879299,0.5828999999762345,0.5995999999640844,0.6161999999881118,0.6329999999998108,0.6494999999999891,0.6661999999882937,0.683699999988221,0.699500000000171,0.7161999999880209,0.7328999999763255,0.7495999999641754,0.7660999999643536,0.7828999999760526,0.7997999999524836,0.8161999999879299,0.8335999999644628,0.8498999999760599,0.8660999999642627,0.8828999999764164,0.8996999999881155,0.9161999999882937,0.9328999999761436,0.9495999999644482,0.9670000000000982,0.9828999999763255,0.9994999999998981,1.0161999999882028,1.0329999999999018,1.0495999999643573,1.06619999998793,1.0830000000000837,1.0992999999525637,1.1161999999881118,1.1328999999764164,1.149499999999989,1.16729999995232,1.1835000000000946,1.2001999999879445,1.2165999999642736,1.2334999999998217,1.249399999976049,1.2660999999643536,1.2827999999522035,1.2997999999524836,1.3168999999761581,1.3337999999521344,1.3497999999522108,1.3661999999881118,1.3828999999764164,1.3996999999881155,1.416299999952571,1.4328999999761436,1.4495999999644482,1.4661999999880209,1.4828999999763255,1.499399999976049,1.5161999999882028,1.5325999999640771,1.5492999999523818,1.5662999999522071,1.5828999999762345,1.5995999999640844,1.6161999999881118,1.6328999999764164,1.6495999999642663,1.6661999999882937,1.6828999999761436,1.6995999999644482,1.7161999999880209,1.7330000000001746]",0.016648077,0.000399995,105.0,right,1.0,,,,,,1.0,0.0,4.0,0.5,2.709572856,-1.0,2.480103867,0.969449765,79.0,-0.004363323,0.40793127,0.02386995,0.059748747,0.165450333,7.0,2.518499084,0.947775444,23.0,0.001745329,0.370048297,0.033576258,0.089212406,0.165879093,5.0,2.062801531,0.832724573,45.0,0.006108652,0.385245638,0.032702855,0.065559913,0.166419284,5.0,0.020193953,-0.040376926,35.0,0.01134464,0.378665605,0.034694997,0.068673497,0.233172687,6.0,0.0,0.0,0.0,0.0,0.0,0.0,0.0,0.0,0.0,0.0,0.0,0.0,0.0,0.0,0.0,0.0,0.0,0.0,0.0,0.0,0.0,0.0,0.0,0.0,0.0,0.0,0.0,0.0,0.0,0.0,0.0,0.0,0.0,0.0,0.0,0.0,0.0,0.0,0.0,0.0,0.0,0.0,0.0,0.0,0.0,0.0,0.0,0.0,0.0,0.0,0.0,0.0,0.0,0.0,0.0,0.0,0.0,0.0,0.0,0.0,0.0,0.0,0.0,0.0,0.0,0.0,0.0,0.0,0.0,0.0,0.0,0.0,,,,,,,0.5847,,0.0,31.0,31.0,31.0,1.0,,,,,,,,,,,,,,,,,,,,,,,,,,,,0
S070,2,2024-11-21_13h14.36.924,MotivatedInference,2024.1.5,Win32,60.24096386,668be8e87e83611e680fb3ab,{{%SESSION_ID%},Chrome,,,,,,,,,,,,,,,,,,,,,,,,,,,,,,1.0,,,,,,,,7.0,,,,,,,,,conditions/conds_135.csv,5.0,1.0,,,,,,,,,3434.7038,3437.787,"[0.002899999975852552,0.01639999997587438,0.032999999999901775,0.0496999999882064,0.06719999998813364,0.0830999999643609,0.09949999999980719,0.11639999997623818,0.13299999999981083,0.14980000001196458,0.1663000000116881,0.18299999999999272,0.19959999996399347,0.21630000001187,0.23299999999971988,0.2496999999880245,0.26630000001159715,0.2829999999999018,0.30030000001170265,0.31719999998813364,0.3330000000000837,0.3495999999640844,0.3665000000000873,0.3829999999998108,0.39969999998811545,0.4163000000116881,0.4336999999877662,0.4496999999878426,0.46630000001187,0.48280000001204826,0.49980000001187364,0.5163999999758744,0.5335999999642809,0.5496999999882064,0.566300000011779,0.5830000000000837,0.5995999999640844,0.6161999999881118,0.633699999988039,0.6503999999758889,0.6664999999998145,0.6836999999877662,0.6995999999639935,0.71630000001187,0.7328999999758707,0.7495999999641754,0.7663000000115971,0.7843999999759035,0.7999999999997272,0.8163999999760563,0.8330999999643609,0.8503000000118845,0.866300000011961,0.8825999999639862,0.8995999999642663,0.9169999999999163,0.9329999999999927,0.9496999999878426,0.96630000001187,0.9829999999997199,0.9996999999880245,1.0163999999758744,1.0329999999999018,1.0496999999882064,1.0670999999642845,1.0838000000117063,1.09989999997606,1.116300000011961,1.1333999999760636,1.1500999999639134,1.166300000011688,1.1828999999761436,1.1998000000116917,1.2161999999880209,1.2326999999881991,1.2495999999641754,1.2663000000115971,1.2829999999999018,1.2995999999643573,1.316300000011779,1.3330000000000837,1.3495999999640844,1.366300000011961,1.3829999999998108,1.3995999999642663,1.416300000011688,1.4333999999762455,1.4496999999878426,1.46630000001187,1.484300000011899,1.4998999999761509,1.5163000000115971,1.5329999999999018,1.5496999999882064,1.566300000011779,1.5830000000000837,1.5993000000116808,1.61730000001171,1.6328999999759617,1.6495999999642663,1.666300000011688,1.6829999999999927,1.6995999999639935,1.7163999999761472,1.7329999999997199,1.7498000000118736,1.7663000000115971,1.784099999963928,1.7999999999997272,1.816300000011779,1.8338999999759835,1.8494999999998072,1.866300000011961,1.883699999988039,1.90099999999984,1.916300000011688,1.9328999999761436,1.9495999999639935,1.96630000001187,1.9826999999881991,1.9996999999880245,2.016300000011597,2.0328999999760526,2.0496999999882064,2.0663999999760563,2.0830000000000837,2.0996999999879336,2.116199999988112,2.1334999999999127,2.149499999999989,2.166300000011688,2.183599999963917,2.1995999999639935,2.2163999999761472,2.23299999999972,2.2498000000118736,2.2669999999998254,2.2828000000117754,2.2995999999643573,2.316300000011779,2.3328999999762345,2.349999999999909,2.366300000011961,2.3828999999759617,2.3996999999881155,2.4158999999758635,2.4326999999880172,2.4494999999997162,2.46630000001187,2.4834999999998217,2.5001999999881264,2.5161999999882028,2.5328999999760526,2.5495999999643573,2.5666999999880318,2.5831999999877553,2.5995999999640844,2.6158999999761363,2.632599999963986,2.6498000000119646,2.666300000011688,2.6828999999761436,2.6994999999997162,2.7165999999642736,2.7328999999758707,2.7493000000117718,2.7671999999879517,2.7829999999999018,2.8000999999640044,2.8170000000000073,2.833099999964361,2.8495999999640844,2.866300000011961,2.88359999996419,2.900000000000091,2.9163999999759653,2.9328999999761436,2.9498000000116917,2.966199999988021,2.9828999999758707,2.999499999999898,3.016300000011597,3.0329999999999018,3.04950000000008,3.06619999998793,3.0828999999762345]",0.016648649,0.000496704,186.0,right,0.0,,,,,,2.0,0.0,8.0,0.5,-0.030068004,-1.0,1.334199913,-0.455730595,78.0,0.004363323,0.407032945,0.030231373,0.057417546,0.211999481,6.0,0.903748575,-0.97211691,100.0,-0.001745329,0.484835711,0.035177462,0.059949939,0.178411257,4.0,1.98590442,0.738077253,51.0,-0.000872665,0.388957543,0.039197552,0.074659583,0.215725836,5.0,1.98282493,0.733907716,37.0,-0.010471976,0.379878099,0.039758221,0.071440932,0.269646059,5.0,1.839529636,0.511961441,78.0,0.004363323,0.407032945,0.030231373,0.057417546,0.211999481,6.0,1.290087792,-0.532386284,24.0,-0.000872665,0.370951047,0.044446314,0.068882508,0.271498611,5.0,0.621680834,-0.946870511,20.0,0.004363323,0.367239871,0.029881231,0.073743484,0.121468441,4.0,2.589509005,0.893089885,3.0,0.001745329,0.342027877,0.030569748,0.094119191,0.219456558,8.0,0.0,0.0,0.0,0.0,0.0,0.0,0.0,0.0,0.0,0.0,0.0,0.0,0.0,0.0,0.0,0.0,0.0,0.0,0.0,0.0,0.0,0.0,0.0,0.0,0.0,0.0,0.0,0.0,0.0,0.0,0.0,0.0,0.0,0.0,0.0,0.0,,,,,,,0.6182,,0.0,32.0,32.0,32.0,1.0,,,,,,,,,,,,,,,,,,,,,,,,,,,,0
S070,2,2024-11-21_13h14.36.924,MotivatedInference,2024.1.5,Win32,60.24096386,668be8e87e83611e680fb3ab,{{%SESSION_ID%},Chrome,,,,,,,,,,,,,,,,,,,,,,,,,,,,,,1.0,,,,,,,,11.0,,,,,,,,,conditions/conds_135.csv,5.0,1.0,,,,,,,,,3439.4037,3443.8209,"[0.0036999999883846613,0.016699999988304626,0.032999999999901775,0.04960000002392917,0.0663000000122338,0.08300000000008367,0.09960000002411107,0.11640000003581008,0.1331000000241147,0.14980000001196458,0.16699999999991633,0.1831999999881191,0.19969999998829735,0.21710000002394736,0.23300000000017462,0.24960000002374727,0.2663000000120519,0.2829999999999018,0.30040000003600653,0.3168000000118809,0.3334000000359083,0.3496999999883883,0.36630000001196095,0.38290000003598834,0.3996000000238382,0.41630000001214285,0.4338000000120701,0.44969999998829735,0.46630000001187,0.4830000000001746,0.49980000001187364,0.516400000035901,0.5329999999999018,0.5496999999882064,0.5661999999883847,0.5829000000358064,0.5998000000122374,0.6164000000358101,0.6331999999883919,0.6501999999882173,0.6671000000237655,0.6835000000000946,0.699500000000171,0.7164999999999964,0.7330000000001746,0.7496000000237473,0.7668000000121538,0.7829999999999018,0.7996000000239292,0.8163000000122338,0.8329000000358064,0.8498000000122374,0.8664000000358101,0.8830000000002656,0.8996999999881155,0.9171000000237655,0.9329999999999927,0.9496999999882973,0.96630000001187,0.9829000000358974,0.9998000000118736,1.0165000000001783,1.0329999999999018,1.0496000000239292,1.0664000000356282,1.0828000000119573,1.099600000024111,1.11640000003581,1.1330000000002656,1.1496000000238382,1.1663000000121428,1.1829999999999927,1.1998000000121465,1.2164000000357191,1.2330000000001746,1.2496000000237473,1.266300000012052,1.2828000000122302,1.2996000000239292,1.3170000000000073,1.3336000000240347,1.3496999999883883,1.366300000011961,1.3830000000002656,1.400000000000091,1.4163000000121428,1.4329999999999927,1.4504000000356427,1.46630000001187,1.483699999987948,1.4996000000237473,1.5166999999883046,1.5329000000360793,1.5499000000359047,1.5663000000122338,1.5829000000358064,1.5998000000122374,1.616300000011961,1.6330000000002656,1.6505000000001928,1.6669999999999163,1.6831000000238419,1.6999000000359956,1.7164000000357191,1.7330000000001746,1.7496000000237473,1.766300000012052,1.7829000000360793,1.7996000000239292,1.8163000000122338,1.8330000000000837,1.849600000024111,1.866300000011961,1.8830000000002656,1.8996000000238382,1.9163000000121428,1.9329000000357155,1.9496000000240201,1.9661999999880209,1.9829000000358974,2.001100000024053,2.016300000012052,2.033800000011979,2.0498000000120555,2.066400000035628,2.0829000000358064,2.099500000000262,2.116300000011961,2.1329000000359883,2.149600000023838,2.1671000000237655,2.1829999999999927,2.19960000002402,2.216400000035719,2.2330000000001746,2.2496999999880245,2.266300000012052,2.2829999999999018,2.299600000023929,2.316300000012234,2.333699999988312,2.349999999999909,2.3695000000002437,2.3833000000117863,2.399600000023838,2.416400000035992,2.4329999999999927,2.44960000002402,2.4670000000000982,2.4829000000358974,2.4996999999880245,2.516300000012052,2.5329000000360793,2.549600000023929,2.5666999999880318,2.5830000000000837,2.600500000000011,2.616300000011961,2.6329000000359883,2.650500000000193,2.666300000012143,2.683699999988221,2.70049999999992,2.716400000035719,2.7329000000358974,2.7496000000237473,2.766400000035901,2.7829999999999018,2.799600000023929,2.816400000035628,2.8330000000000837,2.849600000024111,2.866300000011961,2.8830000000002656,2.899600000023838,2.9169999999999163,2.933100000023842,2.94960000002402,2.96630000001187,2.9829000000358974,2.9996000000237473,3.016300000012052,3.0329000000360793,3.0498000000120555,3.0666999999880318,3.0836000000240347,3.1003000000118845,3.1159999999999854,3.1330000000002656,3.1496999999881155,3.1660000000001673,3.1829000000357155,3.2004000000356427,3.21630000001187,3.2330000000001746,3.2496000000237473,3.266300000012052,3.2839000000358283,3.3003000000121574,3.3171000000238564,3.3334000000359083,3.349600000024111,3.366300000011961,3.3829000000359883,3.3996999999881155,3.416400000035992,3.4326999999880172,3.44960000002402,3.466400000035719,3.4830000000001746,3.4996000000237473,3.516300000012052,3.533199999988028,3.5505000000002838,3.5661999999883847,3.5830000000000837,3.599600000024111,3.616300000011961,3.6331000000241147,3.6504000000359156,3.6669999999999163,3.683699999988221,3.69960000002402,3.7166000000238455,3.733199999988301,3.7496000000237473,3.766300000012052,3.7829999999999018,3.8004000000360065,3.8166000000237545,3.8330000000000837,3.849500000000262,3.866199999988112,3.8829000000359883,3.899600000023838,3.916900000035639,3.9329000000357155,3.9501999999879445,3.9670000000000982,3.983699999987948,4,4.016600000024027,4.033100000023751,4.049600000023929,4.067100000023856,4.083300000012059,4.099600000024111,4.116199999988112,4.133000000000266,4.151000000000295,4.166500000000269,4.1829000000357155,4.20049999999992,4.216699999988123,4.233699999987948,4.249600000023747,4.266400000035901,4.283900000035828,4.300300000012157,4.316199999988385,4.333000000000084,4.349300000012136,4.366300000011961,4.382900000035988,4.399600000023838,4.416999999999916]",0.016653962,0.000527072,266.0,left,0.0,,,,,,2.0,0.0,12.0,0.5,-3.887775057,1.0,0.75501736,-0.998154581,15.0,-0.006108652,0.362511679,0.045131456,0.089284594,0.250473103,5.0,0.178542021,-0.349543704,4.0,0.001745329,0.345391377,0.044661649,0.086491224,0.292502374,6.0,0.055099326,-0.10997575,2.0,0.008726646,0.338473989,0.032964075,0.086271212,0.185208292,4.0,3.117342868,0.048480559,43.0,0.004363323,0.383893371,0.033132061,0.062242434,0.239996947,6.0,2.55473615,0.922192884,86.0,-0.01134464,0.414570186,0.03611148,0.064685839,0.099529567,3.0,1.891696545,0.598638595,51.0,-0.000872665,0.388957543,0.039197552,0.074659583,0.215725836,5.0,1.297005794,-0.520623501,76.0,-0.010471976,0.405435715,0.045146986,0.073305428,0.359082681,7.0,0.897214398,-0.9750983,82.0,0.004363323,0.410673221,0.022643594,0.062174001,0.106425045,4.0,0.730313893,-0.993937582,65.0,0.000872665,0.397557211,0.028332609,0.059251996,0.151978572,5.0,0.069391021,-0.13833697,8.0,-0.008726646,0.353798062,0.040824325,0.088208322,0.256820315,6.0,0.876867415,-0.983313367,100.0,-0.001745329,0.484835711,0.035177462,0.059949939,0.178411257,4.0,0.199286363,-0.38810334,21.0,-0.010471976,0.368150016,0.035450396,0.075174448,0.223969416,6.0,,,,,,,0.6501,,0.0,33.0,33.0,33.0,1.0,,,,,,,,,,,,,,,,,,,,,,,,,,,,0
S070,2,2024-11-21_13h14.36.924,MotivatedInference,2024.1.5,Win32,60.24096386,668be8e87e83611e680fb3ab,{{%SESSION_ID%},Chrome,,,,,,,,,,,,,,,,,,,,,,,,,,,,,,1.0,,,,,,,,8.0,,,,,,,,,conditions/conds_135.csv,5.0,1.0,,,,,,,,,3445.4703,3448.5534,"[0.003000000000156433,0.016300000012051896,0.03300000000035652,0.049599999964357266,0.06619999998838466,0.08300000000008367,0.09959999996453917,0.11630000001196095,0.1330999999645428,0.14969999998811545,0.16630000001214285,0.1828999999761436,0.19959999996444822,0.21630000001232474,0.23369999998840285,0.24950000000035288,0.2663999999763291,0.2828999999765074,0.29959999996435727,0.3163000000122338,0.33289999997623454,0.34950000000026193,0.3661999999881118,0.3830000000002656,0.3995999999642663,0.41630000001214285,0.4329999999999927,0.44969999998829735,0.4661999999884756,0.48309999996445185,0.4995999999646301,0.5163000000120519,0.5331999999884829,0.5498999999763328,0.5685000000003129,0.5835000000001855,0.5998999999765147,0.6161999999881118,0.6328999999764164,0.6494999999999891,0.6663000000121428,0.6829999999999927,0.6996999999882973,0.7163000000123247,0.7333000000121501,0.7496999999884792,0.7663000000120519,0.7828999999765074,0.7995999999643573,0.8161999999883847,0.8338999999764383,0.8495999999645392,0.8661999999881118,0.8830999999645428,0.8998999999762418,0.9175999999642954,0.9328999999761436,0.9495999999644482,0.9661999999884756,0.9828999999763255,1,1.0161999999882028,1.0335999999642809,1.0495999999643573,1.0663000000122338,1.0828999999762345,1.0996999999883883,1.116300000011961,1.13359999996419,1.1495999999642663,1.1663000000121428,1.1828999999761436,1.1995999999644482,1.216899999976249,1.2328999999763255,1.2495999999646301,1.266899999976431,1.2828999999765074,1.29950000000008,1.3161999999883847,1.3328999999762345,1.3495999999645392,1.3670000000001892,1.3828999999764164,1.3995999999642663,1.4161999999882937,1.4329999999999927,1.4495999999644482,1.4668000000119719,1.4828999999763255,1.4995000000003529,1.516300000012052,1.5330000000003565,1.54950000000008,1.5663000000122338,1.5830000000000837,1.5995999999645392,1.6165999999643645,1.63359999996419,1.64939999997614,1.66639999997642,1.6828999999761436,1.6995999999644482,1.7163000000123247,1.7328999999763255,1.7495999999646301,1.766300000012052,1.7828999999765074,1.7996999999882064,1.8163000000122338,1.8328999999762345,1.8495999999645392,1.8661999999881118,1.8830000000002656,1.8995999999642663,1.9161999999882937,1.9329999999999927,1.9500000000002728,1.9663000000123247,1.9828999999763255,1.9995999999646301,2.016300000012052,2.0328999999765074,2.0498999999763328,2.066300000012234,2.0830000000000837,2.099599999964539,2.116199999988112,2.1328999999764164,2.1496999999881155,2.166300000012143,2.1828999999761436,2.1998000000121465,2.2163000000123247,2.2330000000001746,2.2501999999881264,2.2673000000122556,2.2830000000003565,2.2995999999643573,2.315899999976409,2.333699999988312,2.3496999999883883,2.366199999988112,2.3828999999764164,2.3995999999642663,2.416300000012143,2.4328999999761436,2.449599999964448,2.4661999999884756,2.4830000000001746,2.49959999996463,2.516300000012052,2.5328999999765074,2.5495999999643573,2.5670000000000073,2.583300000012059,2.600099999964641,2.616800000012063,2.632800000012139,2.6496999999881155,2.6661999999882937,2.6828999999761436,2.6996999999882973,2.7161999999884756,2.733099999964452,2.74959999996463,2.7668000000121538,2.7828999999765074,2.79950000000008,2.8161999999883847,2.8328999999762345,2.849500000000262,2.866300000011961,2.88359999996419,2.900699999988319,2.91639999997642,2.9328999999761436,2.949399999976322,2.9661999999884756,2.98259999996435,2.999899999976151,3.016300000012052,3.0328999999765074,3.0496999999882064,3.066300000012234,3.0828999999762345]",0.016648108,0.000464652,186.0,right,0.0,,,,,,2.0,0.0,8.0,0.5,-1.329421778,-1.0,1.852197859,0.533559019,74.0,-0.002617994,0.403888444,0.032857311,0.06846285,0.186846183,6.0,2.489201077,0.964826646,18.0,-0.008726646,0.365457086,0.031782524,0.075683607,0.153768306,4.0,0.570013397,-0.908644685,51.0,-0.000872665,0.388957543,0.039197552,0.074659583,0.215725836,5.0,0.485753123,-0.825736257,79.0,-0.004363323,0.40793127,0.02386995,0.059748747,0.165450333,7.0,0.110609067,-0.219418235,11.0,-0.013089969,0.357861323,0.044486954,0.075207378,0.243622836,5.0,0.334289124,-0.61987096,93.0,0.012217305,0.423353751,0.033559225,0.078739299,0.188587653,4.0,1.19727274,-0.679475241,31.0,0.004363323,0.375872077,0.0344646,0.07529372,0.228193104,6.0,2.92192503,0.425337935,28.0,0.006108652,0.373747518,0.036497013,0.082304542,0.218348002,5.0,0.0,0.0,0.0,0.0,0.0,0.0,0.0,0.0,0.0,0.0,0.0,0.0,0.0,0.0,0.0,0.0,0.0,0.0,0.0,0.0,0.0,0.0,0.0,0.0,0.0,0.0,0.0,0.0,0.0,0.0,0.0,0.0,0.0,0.0,0.0,0.0,,,,,,,0.6997,,0.0,34.0,34.0,34.0,1.0,,,,,,,,,,,,,,,,,,,,,,,,,,,,0
S070,2,2024-11-21_13h14.36.924,MotivatedInference,2024.1.5,Win32,60.24096386,668be8e87e83611e680fb3ab,{{%SESSION_ID%},Chrome,,,,,,,,,,,,,,,,,,,,,,,,,,,,,,1.0,,,,,,,,3.0,,,,,,,,,conditions/conds_135.csv,5.0,1.0,,,,,,,,,3450.2536,3451.9703,"[0.0020000000004074536,0.01609999996435363,0.03289999997650739,0.05059999996456099,0.06639999997651103,0.0836999999883119,0.0996999999883883,0.11619999998811181,0.1327999999525673,0.14959999996426632,0.1670999999646483,0.18339999997624545,0.19950000000017099,0.2161999999884756,0.23279999995247636,0.24950000000035288,0.26629999995248,0.2828999999765074,0.29950000000008004,0.31619999998838466,0.33289999997623454,0.3496999999883883,0.3661999999881118,0.3827999999525673,0.39950000000044383,0.4161999999882937,0.43289999997659834,0.45029999995267644,0.46629999995275284,0.4828999999763255,0.5005000000001019,0.5166999999883046,0.5330000000003565,0.5498999999763328,0.566399999976511,0.5830000000000837,0.5995999999645392,0.6165999999643645,0.6328999999764164,0.6495999999642663,0.6668999999765219,0.6833999999762455,0.6997999999525746,0.7162999999527528,0.7328999999763255,0.7495000000003529,0.7661999999882028,0.7825999999645319,0.7995999999643573,0.8161999999883847,0.8328999999762345,0.8507999999524145,0.8673999999764419,0.8827999999525673,0.8995999999642663,0.9161999999882937,0.9328999999765983,0.949500000000171,0.9661999999884756,0.9828999999763255,0.9995999999646301,1.01629999995248,1.0330000000003565,1.04950000000008,1.0670000000000073,1.0830000000000837,1.0995999999645392,1.116299999952389,1.1328999999764164,1.1495999999642663,1.167000000000371,1.1828999999765983,1.1995999999644482,1.2165999999642736,1.2332999999525782,1.2495000000003529,1.2660000000000764,1.2830000000003565,1.29950000000008,1.3161999999883847,1.3328999999762345,1.3495999999645392,1.3661999999881118,1.3830000000002656,1.3995999999642663,1.4161999999882937,1.4328999999765983,1.449500000000171,1.4662999999527528,1.4836999999884029,1.5002999999524036,1.5165999999644555,1.532699999988381,1.5495999999643573,1.5661999999883847,1.582599999964259,1.600099999964641,1.616299999952389,1.6328999999764164,1.6502999999524945,1.6661999999882937,1.6830000000004475,1.6995999999644482,1.7164999999999964]",0.016645631,0.000473117,104.0,right,1.0,,,,,,2.0,0.0,4.0,0.5,-1.467112222,1.0,1.285877716,-0.539494998,22.0,-0.006108652,0.369173441,0.034771665,0.081264392,0.215269419,6.0,0.177808634,-0.348169079,40.0,0.001745329,0.381763748,0.031902579,0.075140032,0.211660484,6.0,0.598970898,-0.931291306,54.0,-0.000872665,0.390632361,0.034931933,0.073298853,0.195852464,4.0,1.750566048,0.351843161,67.0,0.000872665,0.398829923,0.040120187,0.066830121,0.198372452,4.0,0.0,0.0,0.0,0.0,0.0,0.0,0.0,0.0,0.0,0.0,0.0,0.0,0.0,0.0,0.0,0.0,0.0,0.0,0.0,0.0,0.0,0.0,0.0,0.0,0.0,0.0,0.0,0.0,0.0,0.0,0.0,0.0,0.0,0.0,0.0,0.0,0.0,0.0,0.0,0.0,0.0,0.0,0.0,0.0,0.0,0.0,0.0,0.0,0.0,0.0,0.0,0.0,0.0,0.0,0.0,0.0,0.0,0.0,0.0,0.0,0.0,0.0,0.0,0.0,0.0,0.0,0.0,0.0,0.0,0.0,0.0,0.0,,,,,,,0.7332,,0.0,35.0,35.0,35.0,1.0,,,,,,,,,,,,,,,,,,,,,,,,,,,,0
S070,2,2024-11-21_13h14.36.924,MotivatedInference,2024.1.5,Win32,60.24096386,668be8e87e83611e680fb3ab,{{%SESSION_ID%},Chrome,,,,,,,,,,,,,,,,,,,,,,,,,,,,,,,,,,,,,,,,,,,,,,,,,,,,,,,,,,,,,,,,,,,,,,,,,,,,,,,,,,,,,,,,,,,,,,,,,,,,,,,,,,,,,,,,,,,,,,,,,,,,,,,,,,,,,,,,,,,,,,,,,,,,,,,,,,,,,,,,,,,,,,,,,,,,,,,,,,,,,,,,,,,,,,,,,,,,,,3453.0554,3456.1201,3456.1205,3459.3374,1.0,,,,,,,,,,,,,,,,,,,,,,,0
S070,2,2024-11-21_13h14.36.924,MotivatedInference,2024.1.5,Win32,60.24096386,668be8e87e83611e680fb3ab,{{%SESSION_ID%},Chrome,,,,,,,,,,,,,,,,,,,,,,,,,,,,,,,,,,,,,,,,,,,,,,,,,,,,,,,,,,,,,,,,,,,,,,,,,,,,,,,,,,,,,,,,,,,,,,,,,,,,,,,,,,,,,,,,,,,,,,,,,,,,,,,,,,,,,,,,,,,,,,,,,,,,,,,,,,,,,,,,,,,,,,,,,,,,,,,,,,,,,,,,,,,,,,,,,,,,,,,,,,,3459.3376,3461.338,,,,,,,,,,,,,,,,,,,,,0
S070,2,2024-11-21_13h14.36.924,MotivatedInference,2024.1.5,Win32,60.24096386,668be8e87e83611e680fb3ab,{{%SESSION_ID%},Chrome,,,,,,,,,,,,,,,,,,,,,,,,,,,,,,,,,,,,,,,,,,,,,,,,,,,,,,,,,,,,,,,,,,,,,,,,,,,,,,,,,,,,,,,,,,,,,,,,,,,,,,,,,,,,,,,,,,,,,,,,,,,,,,,,,,,,,,,,,,,,,,,,,,,,,,,,,,,,,,,,,,,,,,,,,,,,,,,,,,,,,,,,,,,,,,,,,,,,,,,,,,,,,space,9.3514,,13.0,4.59494606,0.0,0.0,0.0,0.0,1.0,,,,,,,,,,,0
S070,2,2024-11-21_13h14.36.924,MotivatedInference,2024.1.5,Win32,60.24096386,668be8e87e83611e680fb3ab,{{%SESSION_ID%},Chrome,,,,,,,,,,,,,,,,,,,,,,,,,,,,,,,,,,,,,,,,,,,,,,,,,,,,,,,,,,,,,,,,,,,,,,,,,,,,,,,,,,,,,,,,,,,,,,,,,,,,,,,,,,,,,,,,,,,,,,,,,,,,,,,,,,,,,,,,,,,,,,,,,,,,,,,,,,,,,,,,,,,,,,,,,,,,,,,,,,,,,,,,,,,,,,,,,,,,,,,,,,,,,,,,,,,,,,,,,,,,,,,,,0
S070,2,2024-11-21_13h14.36.924,MotivatedInference,2024.1.5,Win32,60.24096386,668be8e87e83611e680fb3ab,{{%SESSION_ID%},Chrome,,,,,,,,,,,,,,,,,,,,,,,,,,,,,,,,,,,,,,,,,,,,,,,,,,,,,,,,,,,,,,,,,,,,,,,,,,,,,,,,,,,,,,,,,,,,,,,,,,,,,,,,,,,,,,,,,,,,,,,,,,,,,,,,,,,,,,,,,,,,,,,,,,,,,,,,,,,,,,,,,,,,,,,,,,,,,,,,,,,,,,,,,,,,,,,,,,,,,,,,,,,,,space,4.6167,,18.0,4.5808965,,,,,,0.0,0.0,0.0,0.0,1.0,,,,,,0
S070,2,2024-11-21_13h14.36.924,MotivatedInference,2024.1.5,Win32,60.24096386,668be8e87e83611e680fb3ab,{{%SESSION_ID%},Chrome,,,,,,,,,,,,,,,,,,,,,,,,,,,,,,,,,,,,,,,,,,,,,,,,,,,,,,,,,,,,,,,,,,,,,,,,,,,,,,,,,,,,,,,,,,,,,,,,,,,,,,,,,,,,,,,,,,,,,,,,,,,,,,,,,,,,,,,,,,,,,,,,,,,,,,,,,,,,,,,,,,,,,,,,,,,,,,,,,,,,,,,,,,,,,,,,,,,,,,,,,,,,,,,,,,,,,,,,,,,,,,,,,0
S070,2,2024-11-21_13h14.36.924,MotivatedInference,2024.1.5,Win32,60.24096386,668be8e87e83611e680fb3ab,{{%SESSION_ID%},Chrome,,,,,,,,,,,,,,,,,,,,,,,,,,,,,,,,,,,,,,,,,,,,,,,,,,,,,,,,,,,,,,,,,,,,,,,,,,,,,,,,,,,,,,,,,,,,,,,,,,,,,,,,,,,,,,,,,,,,,,,,,,,,,,,,,,,,,,,,,,,,,,,,,,,,,,,,,,,,,,,,,,,,,,,,,,,,,,,,,,,,,,,,,,,,,,,,,,,,,,,,,,,,,space,3.2359,,63.0,7.5808965,,,,,,,,,,,3490.155,3492.1534,,,,0
S070,2,2024-11-21_13h14.36.924,MotivatedInference,2024.1.5,Win32,60.24096386,668be8e87e83611e680fb3ab,{{%SESSION_ID%},Chrome,,,,,,,,,,,,,,,,,,,,,,,,,,,,,,,,,,,,,,,,,,,,,,,,,,,,,,,,,,,,,,,,,,,,,,,,,,,,,,,,,,,,,,,,,,,,,,,,,,,,,,,,,,,,,,,,,,,,,,,,,,,,,,,,,,,,,,,,,,,,,,,,,,,,,,,,,,,,,,,,,,,,,,,,,,,,,,,,,,,,,,,,,,,,,,,,,,,,,,,,,,,,,space,3.108,,101.0,7.5808965,,,,,,,,,,,,,3501.7546,7.5808965,3506.5861,0
